corpus,drama,begin,end,Speaker.figure_surface,Speaker.figure_id,Token.surface,Token.pos,Token.lemma,length,Mentioned.figure_surface,Mentioned.figure_id
gdc,kscv.0,2869,3381,Marktschreier,marktschreier,Meine,PPOSAT,mein,12864,marktschreier,(0)
gdc,kscv.0,2869,3381,Marktschreier,marktschreier,Herren,NN,herr,12864,,
gdc,kscv.0,2869,3381,Marktschreier,marktschreier,"!",$.,--,12864,,
gdc,kscv.0,2869,3381,Marktschreier,marktschreier,Meine,PPOSAT,mein,12864,marktschreier,(0)
gdc,kscv.0,2869,3381,Marktschreier,marktschreier,Herren,NN,herr,12864,,
gdc,kscv.0,2869,3381,Marktschreier,marktschreier,"!",$.,--,12864,,
gdc,kscv.0,2869,3381,Marktschreier,marktschreier,Sehn,KOUS,sehn,12864,,
gdc,kscv.0,2869,3381,Marktschreier,marktschreier,Sie,PPER,sie,12864,,
gdc,kscv.0,2869,3381,Marktschreier,marktschreier,die,ART,der,12864,,
gdc,kscv.0,2869,3381,Marktschreier,marktschreier,Creatur,NN,creatur,12864,,
gdc,kscv.0,2869,3381,Marktschreier,marktschreier,",","$,",--,12864,,
gdc,kscv.0,2869,3381,Marktschreier,marktschreier,wie,PWAV,wie,12864,,
gdc,kscv.0,2869,3381,Marktschreier,marktschreier,sie,PPER,sie,12864,,
gdc,kscv.0,2869,3381,Marktschreier,marktschreier,Gott,NN,gott,12864,,
gdc,kscv.0,2869,3381,Marktschreier,marktschreier,gemacht,VVPP,machen,12864,,
gdc,kscv.0,2869,3381,Marktschreier,marktschreier,",","$,",--,12864,,
gdc,kscv.0,2869,3381,Marktschreier,marktschreier,nix,ITJ,nix,12864,,
gdc,kscv.0,2869,3381,Marktschreier,marktschreier,",","$,",--,12864,,
gdc,kscv.0,2869,3381,Marktschreier,marktschreier,gar,ADV,gar,12864,,
gdc,kscv.0,2869,3381,Marktschreier,marktschreier,nix,ADJD,nix,12864,,
gdc,kscv.0,2869,3381,Marktschreier,marktschreier,.,$.,--,12864,,
gdc,kscv.0,2869,3381,Marktschreier,marktschreier,Sehen,VVFIN,sehen,12864,,
gdc,kscv.0,2869,3381,Marktschreier,marktschreier,Sie,PPER,sie,12864,,
gdc,kscv.0,2869,3381,Marktschreier,marktschreier,jezt,VVFIN,jezen,12864,,
gdc,kscv.0,2869,3381,Marktschreier,marktschreier,die,ART,der,12864,,
gdc,kscv.0,2869,3381,Marktschreier,marktschreier,Kunst,NN,kunst,12864,,
gdc,kscv.0,2869,3381,Marktschreier,marktschreier,",","$,",--,12864,,
gdc,kscv.0,2869,3381,Marktschreier,marktschreier,geht,VVFIN,gehen,12864,,
gdc,kscv.0,2869,3381,Marktschreier,marktschreier,aufrecht,ADJD,aufrecht,12864,,
gdc,kscv.0,2869,3381,Marktschreier,marktschreier,hat,VAFIN,haben,12864,,
gdc,kscv.0,2869,3381,Marktschreier,marktschreier,Rock,NE,Rock,12864,,
gdc,kscv.0,2869,3381,Marktschreier,marktschreier,und,KON,und,12864,,
gdc,kscv.0,2869,3381,Marktschreier,marktschreier,Hosen,NE,hose,12864,,
gdc,kscv.0,2869,3381,Marktschreier,marktschreier,",","$,",--,12864,,
gdc,kscv.0,2869,3381,Marktschreier,marktschreier,hat,VAFIN,haben,12864,,
gdc,kscv.0,2869,3381,Marktschreier,marktschreier,ein,ART,ein,12864,,
gdc,kscv.0,2869,3381,Marktschreier,marktschreier,Säbel,NN,säbel,12864,,
gdc,kscv.0,2869,3381,Marktschreier,marktschreier,"!",$.,--,12864,,
gdc,kscv.0,2869,3381,Marktschreier,marktschreier,Ho,NE,ho,12864,,
gdc,kscv.0,2869,3381,Marktschreier,marktschreier,"!",$.,--,12864,,
gdc,kscv.0,2869,3381,Marktschreier,marktschreier,Mach,APPR,mach,12864,,
gdc,kscv.0,2869,3381,Marktschreier,marktschreier,Compliment,NN,compliment,12864,,
gdc,kscv.0,2869,3381,Marktschreier,marktschreier,"!",$.,--,12864,,
gdc,kscv.0,2869,3381,Marktschreier,marktschreier,So,ADV,so,12864,,
gdc,kscv.0,2869,3381,Marktschreier,marktschreier,bist,VAFIN,sein,12864,,
gdc,kscv.0,2869,3381,Marktschreier,marktschreier,Baron,NE,baron,12864,,
gdc,kscv.0,2869,3381,Marktschreier,marktschreier,.,$.,--,12864,,
gdc,kscv.0,2869,3381,Marktschreier,marktschreier,Gieb,PIAT,gieb,12864,,
gdc,kscv.0,2869,3381,Marktschreier,marktschreier,Kuß,NN,kuß,12864,,
gdc,kscv.0,2869,3381,Marktschreier,marktschreier,"!",$.,--,12864,,
gdc,kscv.0,2869,3381,Marktschreier,marktschreier,Wicht,ADJD,wicht,12864,,
gdc,kscv.0,2869,3381,Marktschreier,marktschreier,ist,VAFIN,sein,12864,,
gdc,kscv.0,2869,3381,Marktschreier,marktschreier,musikalisch,ADJD,musikalisch,12864,,
gdc,kscv.0,2869,3381,Marktschreier,marktschreier,.,$.,--,12864,,
gdc,kscv.0,2869,3381,Marktschreier,marktschreier,Meine,PPOSAT,mein,12864,marktschreier,(0)
gdc,kscv.0,2869,3381,Marktschreier,marktschreier,Herren,NN,herr,12864,,
gdc,kscv.0,2869,3381,Marktschreier,marktschreier,hier,ADV,hier,12864,,
gdc,kscv.0,2869,3381,Marktschreier,marktschreier,ist,VAFIN,sein,12864,,
gdc,kscv.0,2869,3381,Marktschreier,marktschreier,zu,PTKZU,zu,12864,,
gdc,kscv.0,2869,3381,Marktschreier,marktschreier,sehen,VVINF,sehen,12864,,
gdc,kscv.0,2869,3381,Marktschreier,marktschreier,das,ART,der,12864,,
gdc,kscv.0,2869,3381,Marktschreier,marktschreier,astronomische,ADJA,astronomisch,12864,,
gdc,kscv.0,2869,3381,Marktschreier,marktschreier,Pferd,NN,pferd,12864,,
gdc,kscv.0,2869,3381,Marktschreier,marktschreier,und,KON,und,12864,,
gdc,kscv.0,2869,3381,Marktschreier,marktschreier,die,ART,der,12864,,
gdc,kscv.0,2869,3381,Marktschreier,marktschreier,kleine,ADJA,klein,12864,,
gdc,kscv.0,2869,3381,Marktschreier,marktschreier,Canaillevögele,NN,canaillevögele,12864,,
gdc,kscv.0,2869,3381,Marktschreier,marktschreier,.,$.,--,12864,,
gdc,kscv.0,2869,3381,Marktschreier,marktschreier,Ist,VAFIN,sein,12864,,
gdc,kscv.0,2869,3381,Marktschreier,marktschreier,favori,VVFIN,favori,12864,,
gdc,kscv.0,2869,3381,Marktschreier,marktschreier,von,APPR,von,12864,,
gdc,kscv.0,2869,3381,Marktschreier,marktschreier,alle,PIAT,aller,12864,,
gdc,kscv.0,2869,3381,Marktschreier,marktschreier,gekrönte,ADJA,gekrönt,12864,,
gdc,kscv.0,2869,3381,Marktschreier,marktschreier,Häupter,NN,häupter,12864,,
gdc,kscv.0,2869,3381,Marktschreier,marktschreier,.,$.,--,12864,,
gdc,kscv.0,2869,3381,Marktschreier,marktschreier,Die,ART,der,12864,,
gdc,kscv.0,2869,3381,Marktschreier,marktschreier,rapräsentation,NN,rapräsentation,12864,,
gdc,kscv.0,2869,3381,Marktschreier,marktschreier,anfangen,VVFIN,anfangen,12864,,
gdc,kscv.0,2869,3381,Marktschreier,marktschreier,"!",$.,--,12864,,
gdc,kscv.0,2869,3381,Marktschreier,marktschreier,Man,PIS,man,12864,,
gdc,kscv.0,2869,3381,Marktschreier,marktschreier,mackt,VVFIN,macken,12864,,
gdc,kscv.0,2869,3381,Marktschreier,marktschreier,Anfang,NN,anfang,12864,,
gdc,kscv.0,2869,3381,Marktschreier,marktschreier,von,APPR,von,12864,,
gdc,kscv.0,2869,3381,Marktschreier,marktschreier,Anfang,NN,anfang,12864,,
gdc,kscv.0,2869,3381,Marktschreier,marktschreier,.,$.,--,12864,,
gdc,kscv.0,2869,3381,Marktschreier,marktschreier,Es,PPER,es,12864,,
gdc,kscv.0,2869,3381,Marktschreier,marktschreier,wird,VAFIN,werden,12864,,
gdc,kscv.0,2869,3381,Marktschreier,marktschreier,sogleich,ADV,sogleich,12864,,
gdc,kscv.0,2869,3381,Marktschreier,marktschreier,seyn,ADJD,seyn,12864,,
gdc,kscv.0,2869,3381,Marktschreier,marktschreier,das,ART,der,12864,,
gdc,kscv.0,2869,3381,Marktschreier,marktschreier,commencement,NN,commencement,12864,,
gdc,kscv.0,2869,3381,Marktschreier,marktschreier,von,APPR,von,12864,,
gdc,kscv.0,2869,3381,Marktschreier,marktschreier,commencement,NN,commencement,12864,,
gdc,kscv.0,2869,3381,Marktschreier,marktschreier,.,$.,--,12864,,
gdc,kscv.0,3386,3405,Woyzeck,woyzeck,Willst,VVFIN,willen,12864,,
gdc,kscv.0,3386,3405,Woyzeck,woyzeck,du,PPER,du,12864,,
gdc,kscv.0,3386,3405,Woyzeck,woyzeck,?,$.,--,12864,,
gdc,kscv.0,3410,3516,Marie,marie,Meinetwege,NN,meinetweg,12864,,
gdc,kscv.0,3410,3516,Marie,marie,.,$.,--,12864,,
gdc,kscv.0,3410,3516,Marie,marie,Das,PDS,der,12864,,
gdc,kscv.0,3410,3516,Marie,marie,muß,VMFIN,müssen,12864,,
gdc,kscv.0,3410,3516,Marie,marie,schön,ADJD,schön,12864,,
gdc,kscv.0,3410,3516,Marie,marie,Dings,NN,dings,12864,,
gdc,kscv.0,3410,3516,Marie,marie,seyn,NE,seyn,12864,,
gdc,kscv.0,3410,3516,Marie,marie,.,$.,--,12864,,
gdc,kscv.0,3410,3516,Marie,marie,Was,PWS,was,12864,,
gdc,kscv.0,3410,3516,Marie,marie,der,ART,der,12864,,
gdc,kscv.0,3410,3516,Marie,marie,Mensch,NN,mensch,12864,,
gdc,kscv.0,3410,3516,Marie,marie,Quasten,NN,quasten,12864,,
gdc,kscv.0,3410,3516,Marie,marie,hat,VAFIN,haben,12864,,
gdc,kscv.0,3410,3516,Marie,marie,und,KON,und,12864,,
gdc,kscv.0,3410,3516,Marie,marie,die,ART,der,12864,,
gdc,kscv.0,3410,3516,Marie,marie,Frau,NN,frau,12864,,
gdc,kscv.0,3410,3516,Marie,marie,hat,VAFIN,haben,12864,,
gdc,kscv.0,3410,3516,Marie,marie,Hosen,NN,hose,12864,,
gdc,kscv.0,3410,3516,Marie,marie,.,$.,--,12864,,
gdc,kscv.0,3559,4778,Marktschreier,marktschreier,Zeig,ADJD,zeig,12864,,
gdc,kscv.0,3559,4778,Marktschreier,marktschreier,',$(,--,12864,,
gdc,kscv.0,3559,4778,Marktschreier,marktschreier,dein,PPOSAT,dein,12864,,
gdc,kscv.0,3559,4778,Marktschreier,marktschreier,Talent,NN,talent,12864,,
gdc,kscv.0,3559,4778,Marktschreier,marktschreier,"!",$.,--,12864,,
gdc,kscv.0,3559,4778,Marktschreier,marktschreier,zeig,ADJD,zeig,12864,,
gdc,kscv.0,3559,4778,Marktschreier,marktschreier,deine,PPOSAT,dein,12864,,
gdc,kscv.0,3559,4778,Marktschreier,marktschreier,viehische,ADJA,viehisch,12864,,
gdc,kscv.0,3559,4778,Marktschreier,marktschreier,Vernünftigkeit,NN,vernünftigkeit,12864,,
gdc,kscv.0,3559,4778,Marktschreier,marktschreier,"!",$.,--,12864,,
gdc,kscv.0,3559,4778,Marktschreier,marktschreier,Beschäm,VVFIN,beschäm,12864,,
gdc,kscv.0,3559,4778,Marktschreier,marktschreier,die,ART,der,12864,,
gdc,kscv.0,3559,4778,Marktschreier,marktschreier,menschlich,ADJD,menschlich,12864,,
gdc,kscv.0,3559,4778,Marktschreier,marktschreier,Societät,NN,societät,12864,,
gdc,kscv.0,3559,4778,Marktschreier,marktschreier,"!",$.,--,12864,,
gdc,kscv.0,3559,4778,Marktschreier,marktschreier,Meine,PPOSAT,mein,12864,marktschreier,(0)
gdc,kscv.0,3559,4778,Marktschreier,marktschreier,Herren,NN,herr,12864,,
gdc,kscv.0,3559,4778,Marktschreier,marktschreier,",","$,",--,12864,,
gdc,kscv.0,3559,4778,Marktschreier,marktschreier,dieß,VVFIN,dassen,12864,,
gdc,kscv.0,3559,4778,Marktschreier,marktschreier,Thier,NE,thier,12864,,
gdc,kscv.0,3559,4778,Marktschreier,marktschreier,",","$,",--,12864,,
gdc,kscv.0,3559,4778,Marktschreier,marktschreier,das,PRELS,der,12864,,
gdc,kscv.0,3559,4778,Marktschreier,marktschreier,Sie,PPER,sie,12864,,
gdc,kscv.0,3559,4778,Marktschreier,marktschreier,da,ADV,da,12864,,
gdc,kscv.0,3559,4778,Marktschreier,marktschreier,sehn,CARD,sehn,12864,,
gdc,kscv.0,3559,4778,Marktschreier,marktschreier,",","$,",--,12864,,
gdc,kscv.0,3559,4778,Marktschreier,marktschreier,Schwanz,NN,schwanz,12864,,
gdc,kscv.0,3559,4778,Marktschreier,marktschreier,am,APPRART,an,12864,,
gdc,kscv.0,3559,4778,Marktschreier,marktschreier,Leib,NN,leib,12864,,
gdc,kscv.0,3559,4778,Marktschreier,marktschreier,",","$,",--,12864,,
gdc,kscv.0,3559,4778,Marktschreier,marktschreier,auf,APPR,auf,12864,,
gdc,kscv.0,3559,4778,Marktschreier,marktschreier,sei,VAFIN,sein,12864,,
gdc,kscv.0,3559,4778,Marktschreier,marktschreier,4,CARD,4,12864,,
gdc,kscv.0,3559,4778,Marktschreier,marktschreier,Hufe,NN,hufe,12864,,
gdc,kscv.0,3559,4778,Marktschreier,marktschreier,ist,VAFIN,sein,12864,,
gdc,kscv.0,3559,4778,Marktschreier,marktschreier,Mitglied,NN,mitglied,12864,,
gdc,kscv.0,3559,4778,Marktschreier,marktschreier,von,APPR,von,12864,,
gdc,kscv.0,3559,4778,Marktschreier,marktschreier,alle,PIAT,aller,12864,,
gdc,kscv.0,3559,4778,Marktschreier,marktschreier,gelehrte,ADJA,gelehrt,12864,,
gdc,kscv.0,3559,4778,Marktschreier,marktschreier,Societät,NN,societät,12864,,
gdc,kscv.0,3559,4778,Marktschreier,marktschreier,",","$,",--,12864,,
gdc,kscv.0,3559,4778,Marktschreier,marktschreier,ist,VAFIN,sein,12864,,
gdc,kscv.0,3559,4778,Marktschreier,marktschreier,Professor,NN,professor,12864,,
gdc,kscv.0,3559,4778,Marktschreier,marktschreier,an,APPR,an,12864,,
gdc,kscv.0,3559,4778,Marktschreier,marktschreier,unse,ADJD,uns,12864,,
gdc,kscv.0,3559,4778,Marktschreier,marktschreier,Universität,NN,universität,12864,,
gdc,kscv.0,3559,4778,Marktschreier,marktschreier,",","$,",--,12864,,
gdc,kscv.0,3559,4778,Marktschreier,marktschreier,wo,PWAV,wo,12864,,
gdc,kscv.0,3559,4778,Marktschreier,marktschreier,die,ART,der,12864,,
gdc,kscv.0,3559,4778,Marktschreier,marktschreier,Studente,NN,studente,12864,,
gdc,kscv.0,3559,4778,Marktschreier,marktschreier,bey,VVFIN,bey,12864,,
gdc,kscv.0,3559,4778,Marktschreier,marktschreier,ihm,PPER,ihm,12864,,
gdc,kscv.0,3559,4778,Marktschreier,marktschreier,reiten,VVFIN,reiten,12864,,
gdc,kscv.0,3559,4778,Marktschreier,marktschreier,und,KON,und,12864,,
gdc,kscv.0,3559,4778,Marktschreier,marktschreier,schlage,VVFIN,schlagen,12864,,
gdc,kscv.0,3559,4778,Marktschreier,marktschreier,lerne,ADV,lerne,12864,,
gdc,kscv.0,3559,4778,Marktschreier,marktschreier,.,$.,--,12864,,
gdc,kscv.0,3559,4778,Marktschreier,marktschreier,Das,PDS,der,12864,,
gdc,kscv.0,3559,4778,Marktschreier,marktschreier,war,VAFIN,sein,12864,,
gdc,kscv.0,3559,4778,Marktschreier,marktschreier,einfacher,ADJA,einfach,12864,,
gdc,kscv.0,3559,4778,Marktschreier,marktschreier,Verstand,NN,verstand,12864,,
gdc,kscv.0,3559,4778,Marktschreier,marktschreier,.,$.,--,12864,,
gdc,kscv.0,3559,4778,Marktschreier,marktschreier,Denk,NE,denk,12864,,
gdc,kscv.0,3559,4778,Marktschreier,marktschreier,jezt,VVFIN,jezt,12864,,
gdc,kscv.0,3559,4778,Marktschreier,marktschreier,mit,APPR,mit,12864,,
gdc,kscv.0,3559,4778,Marktschreier,marktschreier,der,ART,der,12864,,
gdc,kscv.0,3559,4778,Marktschreier,marktschreier,doppelte,FM,doppelt,12864,,
gdc,kscv.0,3559,4778,Marktschreier,marktschreier,raison,FM,raison,12864,,
gdc,kscv.0,3559,4778,Marktschreier,marktschreier,.,$.,--,12864,,
gdc,kscv.0,3559,4778,Marktschreier,marktschreier,Was,PWS,was,12864,,
gdc,kscv.0,3559,4778,Marktschreier,marktschreier,machst,VVFIN,machen,12864,,
gdc,kscv.0,3559,4778,Marktschreier,marktschreier,du,PPER,du,12864,,
gdc,kscv.0,3559,4778,Marktschreier,marktschreier,wann,PWAV,wann,12864,,
gdc,kscv.0,3559,4778,Marktschreier,marktschreier,du,PPER,du,12864,,
gdc,kscv.0,3559,4778,Marktschreier,marktschreier,mit,APPR,mit,12864,,
gdc,kscv.0,3559,4778,Marktschreier,marktschreier,der,ART,der,12864,,
gdc,kscv.0,3559,4778,Marktschreier,marktschreier,doppelte,ADJA,doppelt,12864,,
gdc,kscv.0,3559,4778,Marktschreier,marktschreier,Raison,NN,raison,12864,,
gdc,kscv.0,3559,4778,Marktschreier,marktschreier,denkst,VVFIN,denken,12864,,
gdc,kscv.0,3559,4778,Marktschreier,marktschreier,?,$.,--,12864,,
gdc,kscv.0,3559,4778,Marktschreier,marktschreier,Ist,VAFIN,sein,12864,,
gdc,kscv.0,3559,4778,Marktschreier,marktschreier,unter,APPR,unter,12864,,
gdc,kscv.0,3559,4778,Marktschreier,marktschreier,der,ART,der,12864,,
gdc,kscv.0,3559,4778,Marktschreier,marktschreier,gelehrte,ADJA,gelehrt,12864,,
gdc,kscv.0,3559,4778,Marktschreier,marktschreier,Société,NN,société,12864,,
gdc,kscv.0,3559,4778,Marktschreier,marktschreier,da,ADV,da,12864,,
gdc,kscv.0,3559,4778,Marktschreier,marktschreier,ein,ART,ein,12864,,
gdc,kscv.0,3559,4778,Marktschreier,marktschreier,Esel,NN,esel,12864,,
gdc,kscv.0,3559,4778,Marktschreier,marktschreier,?,$.,--,12864,,
gdc,kscv.0,3559,4778,Marktschreier,marktschreier,Sehn,CARD,sehn,12864,,
gdc,kscv.0,3559,4778,Marktschreier,marktschreier,Sie,PPER,sie,12864,,
gdc,kscv.0,3559,4778,Marktschreier,marktschreier,jezt,VVFIN,jezen,12864,,
gdc,kscv.0,3559,4778,Marktschreier,marktschreier,die,ART,der,12864,,
gdc,kscv.0,3559,4778,Marktschreier,marktschreier,doppelte,ADJA,doppelt,12864,,
gdc,kscv.0,3559,4778,Marktschreier,marktschreier,Räson,NN,räson,12864,,
gdc,kscv.0,3559,4778,Marktschreier,marktschreier,?,$.,--,12864,,
gdc,kscv.0,3559,4778,Marktschreier,marktschreier,Das,PDS,der,12864,,
gdc,kscv.0,3559,4778,Marktschreier,marktschreier,ist,VAFIN,sein,12864,,
gdc,kscv.0,3559,4778,Marktschreier,marktschreier,Viehsionomik,NN,viehsionomik,12864,,
gdc,kscv.0,3559,4778,Marktschreier,marktschreier,.,$.,--,12864,,
gdc,kscv.0,3559,4778,Marktschreier,marktschreier,Ja,PTKANT,ja,12864,,
gdc,kscv.0,3559,4778,Marktschreier,marktschreier,das,PDS,der,12864,,
gdc,kscv.0,3559,4778,Marktschreier,marktschreier,ist,VAFIN,sein,12864,,
gdc,kscv.0,3559,4778,Marktschreier,marktschreier,kei,APPR,kei,12864,,
gdc,kscv.0,3559,4778,Marktschreier,marktschreier,viehdummes,ADJA,viehdumm,12864,,
gdc,kscv.0,3559,4778,Marktschreier,marktschreier,Individuum,NN,individuum,12864,,
gdc,kscv.0,3559,4778,Marktschreier,marktschreier,",","$,",--,12864,,
gdc,kscv.0,3559,4778,Marktschreier,marktschreier,das,PDS,der,12864,,
gdc,kscv.0,3559,4778,Marktschreier,marktschreier,ist,VAFIN,sein,12864,,
gdc,kscv.0,3559,4778,Marktschreier,marktschreier,eine,ART,ein,12864,,
gdc,kscv.0,3559,4778,Marktschreier,marktschreier,Person,NN,person,12864,,
gdc,kscv.0,3559,4778,Marktschreier,marktschreier,.,$.,--,12864,,
gdc,kscv.0,3559,4778,Marktschreier,marktschreier,Ei,APPR,ei,12864,,
gdc,kscv.0,3559,4778,Marktschreier,marktschreier,Mensch,NN,mensch,12864,,
gdc,kscv.0,3559,4778,Marktschreier,marktschreier,",","$,",--,12864,,
gdc,kscv.0,3559,4778,Marktschreier,marktschreier,ei,CARD,ei,12864,,
gdc,kscv.0,3559,4778,Marktschreier,marktschreier,thierisch,ADJD,thierisch,12864,,
gdc,kscv.0,3559,4778,Marktschreier,marktschreier,Mensch,NN,mensch,12864,,
gdc,kscv.0,3559,4778,Marktschreier,marktschreier,und,KON,und,12864,,
gdc,kscv.0,3559,4778,Marktschreier,marktschreier,doch,ADV,doch,12864,,
gdc,kscv.0,3559,4778,Marktschreier,marktschreier,ei,CARD,ei,12864,,
gdc,kscv.0,3559,4778,Marktschreier,marktschreier,Vieh,CARD,vieh,12864,,
gdc,kscv.0,3559,4778,Marktschreier,marktschreier,",","$,",--,12864,,
gdc,kscv.0,3559,4778,Marktschreier,marktschreier,ei,CARD,ei,12864,,
gdc,kscv.0,3559,4778,Marktschreier,marktschreier,bête,VVFIN,bêen,12864,,
gdc,kscv.0,3559,4778,Marktschreier,marktschreier,.,$.,--,12864,,
gdc,kscv.0,3559,4778,Marktschreier,marktschreier,So,ADV,so,12864,,
gdc,kscv.0,3559,4778,Marktschreier,marktschreier,beschäm,VVFIN,beschäm,12864,,
gdc,kscv.0,3559,4778,Marktschreier,marktschreier,die,ART,der,12864,,
gdc,kscv.0,3559,4778,Marktschreier,marktschreier,société,FM,société,12864,,
gdc,kscv.0,3559,4778,Marktschreier,marktschreier,.,$.,--,12864,,
gdc,kscv.0,3559,4778,Marktschreier,marktschreier,Sehn,VVFIN,sehn,12864,,
gdc,kscv.0,3559,4778,Marktschreier,marktschreier,Sie,PPER,sie,12864,,
gdc,kscv.0,3559,4778,Marktschreier,marktschreier,das,ART,der,12864,,
gdc,kscv.0,3559,4778,Marktschreier,marktschreier,Vieh,NN,vieh,12864,,
gdc,kscv.0,3559,4778,Marktschreier,marktschreier,ist,VAFIN,sein,12864,,
gdc,kscv.0,3559,4778,Marktschreier,marktschreier,noch,ADV,noch,12864,,
gdc,kscv.0,3559,4778,Marktschreier,marktschreier,Natur,NN,natur,12864,,
gdc,kscv.0,3559,4778,Marktschreier,marktschreier,",","$,",--,12864,,
gdc,kscv.0,3559,4778,Marktschreier,marktschreier,unideale,ADJA,unideal,12864,,
gdc,kscv.0,3559,4778,Marktschreier,marktschreier,Natur,NN,natur,12864,,
gdc,kscv.0,3559,4778,Marktschreier,marktschreier,"!",$.,--,12864,,
gdc,kscv.0,3559,4778,Marktschreier,marktschreier,Lern,KON,lern,12864,,
gdc,kscv.0,3559,4778,Marktschreier,marktschreier,Sie,PPER,sie,12864,,
gdc,kscv.0,3559,4778,Marktschreier,marktschreier,bey,VVFIN,bey,12864,,
gdc,kscv.0,3559,4778,Marktschreier,marktschreier,ihm,PPER,ihm,12864,,
gdc,kscv.0,3559,4778,Marktschreier,marktschreier,.,$.,--,12864,,
gdc,kscv.0,3559,4778,Marktschreier,marktschreier,Fragen,VVFIN,fragen,12864,,
gdc,kscv.0,3559,4778,Marktschreier,marktschreier,Sie,PPER,sie,12864,,
gdc,kscv.0,3559,4778,Marktschreier,marktschreier,den,ART,der,12864,,
gdc,kscv.0,3559,4778,Marktschreier,marktschreier,Arzt,NN,arzt,12864,,
gdc,kscv.0,3559,4778,Marktschreier,marktschreier,",","$,",--,12864,,
gdc,kscv.0,3559,4778,Marktschreier,marktschreier,es,PPER,es,12864,,
gdc,kscv.0,3559,4778,Marktschreier,marktschreier,ist,VAFIN,sein,12864,,
gdc,kscv.0,3559,4778,Marktschreier,marktschreier,höchst,ADV,höchst,12864,,
gdc,kscv.0,3559,4778,Marktschreier,marktschreier,schädlich,ADJD,schädlich,12864,,
gdc,kscv.0,3559,4778,Marktschreier,marktschreier,.,$.,--,12864,,
gdc,kscv.0,3559,4778,Marktschreier,marktschreier,Das,PDS,der,12864,,
gdc,kscv.0,3559,4778,Marktschreier,marktschreier,hat,VAFIN,haben,12864,,
gdc,kscv.0,3559,4778,Marktschreier,marktschreier,geheiße,ADJA,geheißen,12864,,
gdc,kscv.0,3559,4778,Marktschreier,marktschreier,:,$.,--,12864,,
gdc,kscv.0,3559,4778,Marktschreier,marktschreier,Mensch,NN,mensch,12864,,
gdc,kscv.0,3559,4778,Marktschreier,marktschreier,sey,NE,sey,12864,,
gdc,kscv.0,3559,4778,Marktschreier,marktschreier,natürlich,ADV,natürlich,12864,,
gdc,kscv.0,3559,4778,Marktschreier,marktschreier,.,$.,--,12864,,
gdc,kscv.0,3559,4778,Marktschreier,marktschreier,Du,PPER,du,12864,,
gdc,kscv.0,3559,4778,Marktschreier,marktschreier,bist,VAFIN,sein,12864,,
gdc,kscv.0,3559,4778,Marktschreier,marktschreier,geschaffe,ADJA,geschaff,12864,,
gdc,kscv.0,3559,4778,Marktschreier,marktschreier,Staub,NN,staub,12864,,
gdc,kscv.0,3559,4778,Marktschreier,marktschreier,",","$,",--,12864,,
gdc,kscv.0,3559,4778,Marktschreier,marktschreier,Sand,NN,sand,12864,,
gdc,kscv.0,3559,4778,Marktschreier,marktschreier,",","$,",--,12864,,
gdc,kscv.0,3559,4778,Marktschreier,marktschreier,Dreck,NN,dreck,12864,,
gdc,kscv.0,3559,4778,Marktschreier,marktschreier,.,$.,--,12864,,
gdc,kscv.0,3559,4778,Marktschreier,marktschreier,Willst,VVFIN,willst,12864,,
gdc,kscv.0,3559,4778,Marktschreier,marktschreier,du,PPER,du,12864,,
gdc,kscv.0,3559,4778,Marktschreier,marktschreier,mehr,PIS,mehr,12864,,
gdc,kscv.0,3559,4778,Marktschreier,marktschreier,seyn,PTKVZ,seyn,12864,,
gdc,kscv.0,3559,4778,Marktschreier,marktschreier,",","$,",--,12864,,
gdc,kscv.0,3559,4778,Marktschreier,marktschreier,als,APPR,als,12864,,
gdc,kscv.0,3559,4778,Marktschreier,marktschreier,Staub,NN,staub,12864,,
gdc,kscv.0,3559,4778,Marktschreier,marktschreier,",","$,",--,12864,,
gdc,kscv.0,3559,4778,Marktschreier,marktschreier,Sand,NN,sand,12864,,
gdc,kscv.0,3559,4778,Marktschreier,marktschreier,",","$,",--,12864,,
gdc,kscv.0,3559,4778,Marktschreier,marktschreier,Dreck,NN,dreck,12864,,
gdc,kscv.0,3559,4778,Marktschreier,marktschreier,?,$.,--,12864,,
gdc,kscv.0,3559,4778,Marktschreier,marktschreier,Sehn,CARD,sehn,12864,,
gdc,kscv.0,3559,4778,Marktschreier,marktschreier,Sie,PPER,sie,12864,,
gdc,kscv.0,3559,4778,Marktschreier,marktschreier,was,PWS,was,12864,,
gdc,kscv.0,3559,4778,Marktschreier,marktschreier,Vernunft,NN,vernunft,12864,,
gdc,kscv.0,3559,4778,Marktschreier,marktschreier,",","$,",--,12864,,
gdc,kscv.0,3559,4778,Marktschreier,marktschreier,es,PPER,es,12864,,
gdc,kscv.0,3559,4778,Marktschreier,marktschreier,kann,VMFIN,können,12864,,
gdc,kscv.0,3559,4778,Marktschreier,marktschreier,rechnen,VVINF,rechnen,12864,,
gdc,kscv.0,3559,4778,Marktschreier,marktschreier,und,KON,und,12864,,
gdc,kscv.0,3559,4778,Marktschreier,marktschreier,kann,VMFIN,können,12864,,
gdc,kscv.0,3559,4778,Marktschreier,marktschreier,doch,ADV,doch,12864,,
gdc,kscv.0,3559,4778,Marktschreier,marktschreier,nit,ADV,nit,12864,,
gdc,kscv.0,3559,4778,Marktschreier,marktschreier,an,APPR,an,12864,,
gdc,kscv.0,3559,4778,Marktschreier,marktschreier,de,NE,de,12864,,
gdc,kscv.0,3559,4778,Marktschreier,marktschreier,Finger,NE,finger,12864,,
gdc,kscv.0,3559,4778,Marktschreier,marktschreier,herzählen,VVINF,herzählen,12864,,
gdc,kscv.0,3559,4778,Marktschreier,marktschreier,",","$,",--,12864,,
gdc,kscv.0,3559,4778,Marktschreier,marktschreier,warum,PWAV,warum,12864,,
gdc,kscv.0,3559,4778,Marktschreier,marktschreier,?,$.,--,12864,,
gdc,kscv.0,3559,4778,Marktschreier,marktschreier,Kann,VMFIN,können,12864,,
gdc,kscv.0,3559,4778,Marktschreier,marktschreier,sich,PRF,sich,12864,,
gdc,kscv.0,3559,4778,Marktschreier,marktschreier,nur,ADV,nur,12864,,
gdc,kscv.0,3559,4778,Marktschreier,marktschreier,nit,ADV,nit,12864,,
gdc,kscv.0,3559,4778,Marktschreier,marktschreier,ausdrücke,VVFIN,ausdrücken,12864,,
gdc,kscv.0,3559,4778,Marktschreier,marktschreier,",","$,",--,12864,,
gdc,kscv.0,3559,4778,Marktschreier,marktschreier,nur,ADV,nur,12864,,
gdc,kscv.0,3559,4778,Marktschreier,marktschreier,nit,ADV,nit,12864,,
gdc,kscv.0,3559,4778,Marktschreier,marktschreier,explicirn,VVFIN,explicirn,12864,,
gdc,kscv.0,3559,4778,Marktschreier,marktschreier,",","$,",--,12864,,
gdc,kscv.0,3559,4778,Marktschreier,marktschreier,ist,VAFIN,sein,12864,,
gdc,kscv.0,3559,4778,Marktschreier,marktschreier,ein,ART,ein,12864,,
gdc,kscv.0,3559,4778,Marktschreier,marktschreier,verwandelter,ADJA,verwandelt,12864,,
gdc,kscv.0,3559,4778,Marktschreier,marktschreier,Mensch,NN,mensch,12864,,
gdc,kscv.0,3559,4778,Marktschreier,marktschreier,"!",$.,--,12864,,
gdc,kscv.0,3559,4778,Marktschreier,marktschreier,Sag,VMFIN,sag,12864,,
gdc,kscv.0,3559,4778,Marktschreier,marktschreier,den,ART,der,12864,,
gdc,kscv.0,3559,4778,Marktschreier,marktschreier,Herrn,NN,herr,12864,,
gdc,kscv.0,3559,4778,Marktschreier,marktschreier,",","$,",--,12864,,
gdc,kscv.0,3559,4778,Marktschreier,marktschreier,wieviel,PWAT,wieviel,12864,,
gdc,kscv.0,3559,4778,Marktschreier,marktschreier,Uhr,NN,uhr,12864,,
gdc,kscv.0,3559,4778,Marktschreier,marktschreier,es,PPER,es,12864,,
gdc,kscv.0,3559,4778,Marktschreier,marktschreier,ist,VAFIN,sein,12864,,
gdc,kscv.0,3559,4778,Marktschreier,marktschreier,.,$.,--,12864,,
gdc,kscv.0,3559,4778,Marktschreier,marktschreier,Wer,PWS,wer,12864,,
gdc,kscv.0,3559,4778,Marktschreier,marktschreier,von,APPR,von,12864,,
gdc,kscv.0,3559,4778,Marktschreier,marktschreier,den,ART,der,12864,,
gdc,kscv.0,3559,4778,Marktschreier,marktschreier,Herrn,NN,herr,12864,,
gdc,kscv.0,3559,4778,Marktschreier,marktschreier,und,KON,und,12864,,
gdc,kscv.0,3559,4778,Marktschreier,marktschreier,Damen,NN,dame,12864,,
gdc,kscv.0,3559,4778,Marktschreier,marktschreier,hat,VAFIN,haben,12864,,
gdc,kscv.0,3559,4778,Marktschreier,marktschreier,eine,ART,ein,12864,,
gdc,kscv.0,3559,4778,Marktschreier,marktschreier,Uhr,NN,uhr,12864,,
gdc,kscv.0,3559,4778,Marktschreier,marktschreier,",","$,",--,12864,,
gdc,kscv.0,3559,4778,Marktschreier,marktschreier,eine,ART,ein,12864,,
gdc,kscv.0,3559,4778,Marktschreier,marktschreier,Uhr,NN,uhr,12864,,
gdc,kscv.0,3559,4778,Marktschreier,marktschreier,?,$.,--,12864,,
gdc,kscv.0,4783,4950,Tambourmajor,tambourmajor,Eine,ART,ein,12864,,
gdc,kscv.0,4783,4950,Tambourmajor,tambourmajor,Uhr,NN,uhr,12864,,
gdc,kscv.0,4783,4950,Tambourmajor,tambourmajor,"!",$.,--,12864,,
gdc,kscv.0,4783,4950,Tambourmajor,tambourmajor,Da,ADV,da,12864,,
gdc,kscv.0,4783,4950,Tambourmajor,tambourmajor,mein,PPOSAT,mein,12864,tambourmajor,(3)
gdc,kscv.0,4783,4950,Tambourmajor,tambourmajor,Herr,NN,herr,12864,herr,(18)
gdc,kscv.0,4783,4950,Tambourmajor,tambourmajor,.,$.,--,12864,,
gdc,kscv.0,4954,5061,Marie,marie,Das,PDS,der,12864,,
gdc,kscv.0,4954,5061,Marie,marie,muß,VMFIN,müssen,12864,,
gdc,kscv.0,4954,5061,Marie,marie,ich,PPER,ich,12864,marie,(2)
gdc,kscv.0,4954,5061,Marie,marie,sehn,CARD,sehn,12864,,
gdc,kscv.0,4954,5061,Marie,marie,.,$.,--,12864,,
gdc,kscv.0,5136,5242,Marie,marie,Der,ART,der,12864,,
gdc,kscv.0,5136,5242,Marie,marie,andre,ADJA,andre,12864,andre,(26)
gdc,kscv.0,5136,5242,Marie,marie,hat,VAFIN,haben,12864,,
gdc,kscv.0,5136,5242,Marie,marie,ihm,PPER,ihm,12864,,
gdc,kscv.0,5136,5242,Marie,marie,befohlen,VVPP,befehlen,12864,,
gdc,kscv.0,5136,5242,Marie,marie,und,KON,und,12864,,
gdc,kscv.0,5136,5242,Marie,marie,er,PPER,er,12864,,
gdc,kscv.0,5136,5242,Marie,marie,hat,VAFIN,haben,12864,,
gdc,kscv.0,5136,5242,Marie,marie,gehn,CARD,gehn,12864,,
gdc,kscv.0,5136,5242,Marie,marie,müssen,VMINF,müssen,12864,,
gdc,kscv.0,5136,5242,Marie,marie,.,$.,--,12864,,
gdc,kscv.0,5136,5242,Marie,marie,Ha,XY,ha,12864,,
gdc,kscv.0,5136,5242,Marie,marie,"!",$.,--,12864,,
gdc,kscv.0,5136,5242,Marie,marie,Ein,ART,ein,12864,,
gdc,kscv.0,5136,5242,Marie,marie,Mann,NN,mann,12864,,
gdc,kscv.0,5136,5242,Marie,marie,vor,APPR,vor,12864,,
gdc,kscv.0,5136,5242,Marie,marie,einem,ART,ein,12864,,
gdc,kscv.0,5136,5242,Marie,marie,Andern,NN,andern,12864,,
gdc,kscv.0,5136,5242,Marie,marie,.,$.,--,12864,,
gdc,kscv.0,5305,5479,Andres,andres,Frau,NN,frau,12864,,
gdc,kscv.0,5305,5479,Andres,andres,Wirthin,NE,wirthin,12864,,
gdc,kscv.0,5305,5479,Andres,andres,hat,VAFIN,haben,12864,,
gdc,kscv.0,5305,5479,Andres,andres,n,XY,--,12864,,
gdc,kscv.0,5305,5479,Andres,andres,',$(,--,12864,,
gdc,kscv.0,5305,5479,Andres,andres,e,ADJA,E,12864,,
gdc,kscv.0,5305,5479,Andres,andres,brave,ADJA,brave,12864,,
gdc,kscv.0,5305,5479,Andres,andres,Magd,NN,magd,12864,,
gdc,kscv.0,5305,5479,Andres,andres,",","$,",--,12864,,
gdc,kscv.0,5305,5479,Andres,andres,Sie,PPER,sie,12864,,
gdc,kscv.0,5305,5479,Andres,andres,sizt,VVFIN,sizen,12864,,
gdc,kscv.0,5305,5479,Andres,andres,im,APPRART,in,12864,,
gdc,kscv.0,5305,5479,Andres,andres,Garten,NN,garten,12864,,
gdc,kscv.0,5305,5479,Andres,andres,Tag,NN,tag,12864,,
gdc,kscv.0,5305,5479,Andres,andres,und,KON,und,12864,,
gdc,kscv.0,5305,5479,Andres,andres,Nacht,NN,nacht,12864,,
gdc,kscv.0,5305,5479,Andres,andres,",","$,",--,12864,,
gdc,kscv.0,5305,5479,Andres,andres,Sie,PPER,sie,12864,,
gdc,kscv.0,5305,5479,Andres,andres,sizt,VVFIN,sizen,12864,,
gdc,kscv.0,5305,5479,Andres,andres,in,APPR,in,12864,,
gdc,kscv.0,5305,5479,Andres,andres,ihrem,PPOSAT,ihr,12864,,
gdc,kscv.0,5305,5479,Andres,andres,Garte,NN,garte,12864,,
gdc,kscv.0,5305,5479,Andres,andres,",","$,",--,12864,,
gdc,kscv.0,5305,5479,Andres,andres,Biß,NN,biß,12864,,
gdc,kscv.0,5305,5479,Andres,andres,daß,KOUS,daß,12864,,
gdc,kscv.0,5305,5479,Andres,andres,das,ART,der,12864,,
gdc,kscv.0,5305,5479,Andres,andres,Glöcklein,NN,glöcklein,12864,,
gdc,kscv.0,5305,5479,Andres,andres,zwölfe,NN,zwölfe,12864,,
gdc,kscv.0,5305,5479,Andres,andres,schlägt,VVFIN,schlagen,12864,,
gdc,kscv.0,5305,5479,Andres,andres,",","$,",--,12864,,
gdc,kscv.0,5305,5479,Andres,andres,Und,KON,und,12864,,
gdc,kscv.0,5305,5479,Andres,andres,paßt,VVFIN,passen,12864,,
gdc,kscv.0,5305,5479,Andres,andres,auf,APPR,auf,12864,,
gdc,kscv.0,5305,5479,Andres,andres,die,ART,der,12864,,
gdc,kscv.0,5305,5479,Andres,andres,Soldate,NN,soldate,12864,,
gdc,kscv.0,5305,5479,Andres,andres,.,$.,--,12864,,
gdc,kscv.0,5485,5529,Woyzeck,woyzeck,He,NE,--,12864,,
gdc,kscv.0,5485,5529,Woyzeck,woyzeck,Andres,NE,andres,12864,andres,(4)
gdc,kscv.0,5485,5529,Woyzeck,woyzeck,",","$,",--,12864,,
gdc,kscv.0,5485,5529,Woyzeck,woyzeck,ich,PPER,ich,12864,woyzeck,(1)
gdc,kscv.0,5485,5529,Woyzeck,woyzeck,hab,VAFIN,hab,12864,,
gdc,kscv.0,5485,5529,Woyzeck,woyzeck,kei,PIAT,kei,12864,,
gdc,kscv.0,5485,5529,Woyzeck,woyzeck,Ruh,NN,ruh,12864,,
gdc,kscv.0,5485,5529,Woyzeck,woyzeck,"!",$.,--,12864,,
gdc,kscv.0,5534,5548,Andres,andres,Narre,NE,narre,12864,,
gdc,kscv.0,5534,5548,Andres,andres,"!",$.,--,12864,,
gdc,kscv.0,5553,5597,Woyzeck,woyzeck,Was,PWS,was,12864,,
gdc,kscv.0,5553,5597,Woyzeck,woyzeck,meinst,ADV,meinst,12864,,
gdc,kscv.0,5553,5597,Woyzeck,woyzeck,du,PPER,du,12864,,
gdc,kscv.0,5553,5597,Woyzeck,woyzeck,?,$.,--,12864,,
gdc,kscv.0,5553,5597,Woyzeck,woyzeck,So,ADV,so,12864,,
gdc,kscv.0,5553,5597,Woyzeck,woyzeck,red,VVFIN,red,12864,,
gdc,kscv.0,5553,5597,Woyzeck,woyzeck,doch,ADV,doch,12864,,
gdc,kscv.0,5553,5597,Woyzeck,woyzeck,"!",$.,--,12864,,
gdc,kscv.0,5602,5613,Andres,andres,Nu,XY,nu,12864,,
gdc,kscv.0,5602,5613,Andres,andres,?,$.,--,12864,,
gdc,kscv.0,5618,5673,Woyzeck,woyzeck,Was,PWS,was,12864,,
gdc,kscv.0,5618,5673,Woyzeck,woyzeck,glaubst,VVFIN,glauben,12864,,
gdc,kscv.0,5618,5673,Woyzeck,woyzeck,du,PPER,du,12864,,
gdc,kscv.0,5618,5673,Woyzeck,woyzeck,wohl,ADV,wohl,12864,,
gdc,kscv.0,5618,5673,Woyzeck,woyzeck,",","$,",--,12864,,
gdc,kscv.0,5618,5673,Woyzeck,woyzeck,daß,KOUS,daß,12864,,
gdc,kscv.0,5618,5673,Woyzeck,woyzeck,ich,PPER,ich,12864,woyzeck,(1)
gdc,kscv.0,5618,5673,Woyzeck,woyzeck,hier,ADV,hier,12864,,
gdc,kscv.0,5618,5673,Woyzeck,woyzeck,bin,VAFIN,sein,12864,,
gdc,kscv.0,5618,5673,Woyzeck,woyzeck,?,$.,--,12864,,
gdc,kscv.0,5678,5729,Andres,andres,Weils,ADV,weils,12864,,
gdc,kscv.0,5678,5729,Andres,andres,schön,ADJD,schön,12864,,
gdc,kscv.0,5678,5729,Andres,andres,Wetter,NN,wetter,12864,,
gdc,kscv.0,5678,5729,Andres,andres,ist,VAFIN,sein,12864,,
gdc,kscv.0,5678,5729,Andres,andres,und,KON,und,12864,,
gdc,kscv.0,5678,5729,Andres,andres,sie,PPER,sie,12864,,
gdc,kscv.0,5678,5729,Andres,andres,heut,ADV,heut,12864,,
gdc,kscv.0,5678,5729,Andres,andres,tanzen,VVINF,tanzen,12864,,
gdc,kscv.0,5678,5729,Andres,andres,.,$.,--,12864,,
gdc,kscv.0,5734,5774,Woyzeck,woyzeck,Ich,PPER,ich,12864,woyzeck,(1)
gdc,kscv.0,5734,5774,Woyzeck,woyzeck,muß,VMFIN,müssen,12864,,
gdc,kscv.0,5734,5774,Woyzeck,woyzeck,fort,PTKVZ,fort,12864,,
gdc,kscv.0,5734,5774,Woyzeck,woyzeck,",","$,",--,12864,,
gdc,kscv.0,5734,5774,Woyzeck,woyzeck,muß,VMFIN,müssen,12864,,
gdc,kscv.0,5734,5774,Woyzeck,woyzeck,sehn,CARD,sehn,12864,,
gdc,kscv.0,5734,5774,Woyzeck,woyzeck,"!",$.,--,12864,,
gdc,kscv.0,5779,5801,Andres,andres,Was,PWS,was,12864,,
gdc,kscv.0,5779,5801,Andres,andres,willst,VMFIN,wollen,12864,,
gdc,kscv.0,5779,5801,Andres,andres,du,PPER,du,12864,,
gdc,kscv.0,5779,5801,Andres,andres,?,$.,--,12864,,
gdc,kscv.0,5806,5830,Woyzeck,woyzeck,Hinaus,ADV,hinaus,12864,,
gdc,kscv.0,5806,5830,Woyzeck,woyzeck,"!",$.,--,12864,,
gdc,kscv.0,5835,5873,Andres,andres,Du,PPER,du,12864,,
gdc,kscv.0,5835,5873,Andres,andres,Unfried,VVFIN,unfried,12864,,
gdc,kscv.0,5835,5873,Andres,andres,",","$,",--,12864,,
gdc,kscv.0,5835,5873,Andres,andres,wegen,APPR,wegen,12864,,
gdc,kscv.0,5835,5873,Andres,andres,des,ART,der,12864,,
gdc,kscv.0,5835,5873,Andres,andres,Menschs,NN,mensch,12864,,
gdc,kscv.0,5835,5873,Andres,andres,.,$.,--,12864,,
gdc,kscv.0,5878,5908,Woyzeck,woyzeck,Ich,PPER,ich,12864,woyzeck,(1)
gdc,kscv.0,5878,5908,Woyzeck,woyzeck,muß,VMFIN,müssen,12864,,
gdc,kscv.0,5878,5908,Woyzeck,woyzeck,fort,PTKVZ,fort,12864,,
gdc,kscv.0,5878,5908,Woyzeck,woyzeck,.,$.,--,12864,,
gdc,kscv.0,6006,6191,Woyzeck,woyzeck,Er,PPER,er,12864,,
gdc,kscv.0,6006,6191,Woyzeck,woyzeck,–,VVFIN,–,12864,,
gdc,kscv.0,6006,6191,Woyzeck,woyzeck,Sie,PPER,sie,12864,,
gdc,kscv.0,6006,6191,Woyzeck,woyzeck,"!",$.,--,12864,,
gdc,kscv.0,6006,6191,Woyzeck,woyzeck,Teufel,NE,teufel,12864,,
gdc,kscv.0,6006,6191,Woyzeck,woyzeck,"!",$.,--,12864,,
gdc,kscv.0,6006,6191,Woyzeck,woyzeck,Wie,PWAV,wie,12864,,
gdc,kscv.0,6006,6191,Woyzeck,woyzeck,das,PDS,der,12864,,
gdc,kscv.0,6006,6191,Woyzeck,woyzeck,geht,VVFIN,gehen,12864,,
gdc,kscv.0,6006,6191,Woyzeck,woyzeck,"!",$.,--,12864,,
gdc,kscv.0,6006,6191,Woyzeck,woyzeck,Ja,PTKANT,ja,12864,,
gdc,kscv.0,6006,6191,Woyzeck,woyzeck,wälzt,VVFIN,wälzen,12864,,
gdc,kscv.0,6006,6191,Woyzeck,woyzeck,euch,PPER,euch,12864,,
gdc,kscv.0,6006,6191,Woyzeck,woyzeck,übernander,ADV,übernander,12864,,
gdc,kscv.0,6006,6191,Woyzeck,woyzeck,"!",$.,--,12864,,
gdc,kscv.0,6006,6191,Woyzeck,woyzeck,Und,KON,und,12864,,
gdc,kscv.0,6006,6191,Woyzeck,woyzeck,Sie,PPER,sie,12864,,
gdc,kscv.0,6006,6191,Woyzeck,woyzeck,:,$.,--,12864,,
gdc,kscv.0,6006,6191,Woyzeck,woyzeck,immer,ADV,immer,12864,,
gdc,kscv.0,6006,6191,Woyzeck,woyzeck,",","$,",--,12864,,
gdc,kscv.0,6006,6191,Woyzeck,woyzeck,zu,APPR,zu,12864,,
gdc,kscv.0,6006,6191,Woyzeck,woyzeck,–,CARD,–,12864,,
gdc,kscv.0,6006,6191,Woyzeck,woyzeck,immer,ADV,immer,12864,,
gdc,kscv.0,6006,6191,Woyzeck,woyzeck,zu,PTKVZ,zu,12864,,
gdc,kscv.0,6006,6191,Woyzeck,woyzeck,.,$.,--,12864,,
gdc,kscv.0,6196,6222,Karl/Narr,karl_narr,Puh,XY,puh,12864,,
gdc,kscv.0,6196,6222,Karl/Narr,karl_narr,"!",$.,--,12864,,
gdc,kscv.0,6196,6222,Karl/Narr,karl_narr,Das,PDS,der,12864,,
gdc,kscv.0,6196,6222,Karl/Narr,karl_narr,riecht,VVFIN,riechen,12864,,
gdc,kscv.0,6196,6222,Karl/Narr,karl_narr,.,$.,--,12864,,
gdc,kscv.0,6227,6338,Woyzeck,woyzeck,Ja,PTKANT,ja,12864,,
gdc,kscv.0,6227,6338,Woyzeck,woyzeck,das,PDS,der,12864,,
gdc,kscv.0,6227,6338,Woyzeck,woyzeck,riecht,VVFIN,riechen,12864,,
gdc,kscv.0,6227,6338,Woyzeck,woyzeck,"!",$.,--,12864,,
gdc,kscv.0,6227,6338,Woyzeck,woyzeck,Sie,PPER,sie,12864,,
gdc,kscv.0,6227,6338,Woyzeck,woyzeck,hat,VAFIN,haben,12864,,
gdc,kscv.0,6227,6338,Woyzeck,woyzeck,rothe,ADJA,roth,12864,,
gdc,kscv.0,6227,6338,Woyzeck,woyzeck,rothe,ADJA,roth,12864,,
gdc,kscv.0,6227,6338,Woyzeck,woyzeck,Backe,NN,backe,12864,,
gdc,kscv.0,6227,6338,Woyzeck,woyzeck,und,KON,und,12864,,
gdc,kscv.0,6227,6338,Woyzeck,woyzeck,warum,PWAV,warum,12864,,
gdc,kscv.0,6227,6338,Woyzeck,woyzeck,riecht,VVFIN,riechen,12864,,
gdc,kscv.0,6227,6338,Woyzeck,woyzeck,sie,PPER,sie,12864,,
gdc,kscv.0,6227,6338,Woyzeck,woyzeck,schon,ADV,schon,12864,,
gdc,kscv.0,6227,6338,Woyzeck,woyzeck,?,$.,--,12864,,
gdc,kscv.0,6227,6338,Woyzeck,woyzeck,Carl,NE,carl,12864,,
gdc,kscv.0,6227,6338,Woyzeck,woyzeck,",","$,",--,12864,,
gdc,kscv.0,6227,6338,Woyzeck,woyzeck,was,PWS,was,12864,,
gdc,kscv.0,6227,6338,Woyzeck,woyzeck,witterst,VVFIN,witterst,12864,,
gdc,kscv.0,6227,6338,Woyzeck,woyzeck,du,PPER,du,12864,,
gdc,kscv.0,6227,6338,Woyzeck,woyzeck,so,ADV,so,12864,,
gdc,kscv.0,6227,6338,Woyzeck,woyzeck,?,$.,--,12864,,
gdc,kscv.0,6343,6379,Karl/Narr,karl_narr,Ich,PPER,ich,12864,karl_narr,(5)
gdc,kscv.0,6343,6379,Karl/Narr,karl_narr,riech,VVFIN,riech,12864,,
gdc,kscv.0,6343,6379,Karl/Narr,karl_narr,",","$,",--,12864,,
gdc,kscv.0,6343,6379,Karl/Narr,karl_narr,ich,PPER,ich,12864,karl_narr,(5)
gdc,kscv.0,6343,6379,Karl/Narr,karl_narr,riech,VVFIN,riech,12864,,
gdc,kscv.0,6343,6379,Karl/Narr,karl_narr,Blut,NN,blut,12864,,
gdc,kscv.0,6343,6379,Karl/Narr,karl_narr,.,$.,--,12864,,
gdc,kscv.0,6384,6534,Woyzeck,woyzeck,Blut,NN,blut,12864,,
gdc,kscv.0,6384,6534,Woyzeck,woyzeck,?,$.,--,12864,,
gdc,kscv.0,6384,6534,Woyzeck,woyzeck,Warum,PWAV,warum,12864,,
gdc,kscv.0,6384,6534,Woyzeck,woyzeck,wird,VAFIN,werden,12864,,
gdc,kscv.0,6384,6534,Woyzeck,woyzeck,es,PPER,es,12864,,
gdc,kscv.0,6384,6534,Woyzeck,woyzeck,mir,PPER,sich,12864,woyzeck,(1)
gdc,kscv.0,6384,6534,Woyzeck,woyzeck,so,ADV,so,12864,,
gdc,kscv.0,6384,6534,Woyzeck,woyzeck,roth,ADJD,roth,12864,,
gdc,kscv.0,6384,6534,Woyzeck,woyzeck,vor,APPR,vor,12864,,
gdc,kscv.0,6384,6534,Woyzeck,woyzeck,den,ART,der,12864,,
gdc,kscv.0,6384,6534,Woyzeck,woyzeck,Augen,NN,auge,12864,,
gdc,kscv.0,6384,6534,Woyzeck,woyzeck,"!",$.,--,12864,,
gdc,kscv.0,6384,6534,Woyzeck,woyzeck,Es,PPER,es,12864,,
gdc,kscv.0,6384,6534,Woyzeck,woyzeck,ist,VAFIN,sein,12864,,
gdc,kscv.0,6384,6534,Woyzeck,woyzeck,mir,PPER,sich,12864,woyzeck,(1)
gdc,kscv.0,6384,6534,Woyzeck,woyzeck,als,KOKOM,als,12864,,
gdc,kscv.0,6384,6534,Woyzeck,woyzeck,wälzten,VVFIN,wälzen,12864,,
gdc,kscv.0,6384,6534,Woyzeck,woyzeck,sie,PPER,sie,12864,,
gdc,kscv.0,6384,6534,Woyzeck,woyzeck,sich,PRF,sich,12864,,
gdc,kscv.0,6384,6534,Woyzeck,woyzeck,in,APPR,in,12864,,
gdc,kscv.0,6384,6534,Woyzeck,woyzeck,einem,ART,ein,12864,,
gdc,kscv.0,6384,6534,Woyzeck,woyzeck,Meer,NN,meer,12864,,
gdc,kscv.0,6384,6534,Woyzeck,woyzeck,von,APPR,von,12864,,
gdc,kscv.0,6384,6534,Woyzeck,woyzeck,Blut,NN,blut,12864,,
gdc,kscv.0,6384,6534,Woyzeck,woyzeck,",","$,",--,12864,,
gdc,kscv.0,6384,6534,Woyzeck,woyzeck,all,PIAT,all,12864,,
gdc,kscv.0,6384,6534,Woyzeck,woyzeck,mitnander,ADV,mitnander,12864,,
gdc,kscv.0,6384,6534,Woyzeck,woyzeck,"!",$.,--,12864,,
gdc,kscv.0,6384,6534,Woyzeck,woyzeck,Ha,APPR,ha,12864,,
gdc,kscv.0,6384,6534,Woyzeck,woyzeck,rothes,ADJA,roth,12864,,
gdc,kscv.0,6384,6534,Woyzeck,woyzeck,Meer,NN,meer,12864,,
gdc,kscv.0,6384,6534,Woyzeck,woyzeck,.,$.,--,12864,,
gdc,kscv.0,6570,6896,Woyzeck,woyzeck,Immer,ADV,immer,12864,,
gdc,kscv.0,6570,6896,Woyzeck,woyzeck,"!",$.,--,12864,,
gdc,kscv.0,6570,6896,Woyzeck,woyzeck,zu,PTKVZ,zu,12864,,
gdc,kscv.0,6570,6896,Woyzeck,woyzeck,"!",$.,--,12864,,
gdc,kscv.0,6570,6896,Woyzeck,woyzeck,–,XY,–,12864,,
gdc,kscv.0,6570,6896,Woyzeck,woyzeck,Immer,ADV,immer,12864,,
gdc,kscv.0,6570,6896,Woyzeck,woyzeck,zu,PTKVZ,zu,12864,,
gdc,kscv.0,6570,6896,Woyzeck,woyzeck,"!",$.,--,12864,,
gdc,kscv.0,6570,6896,Woyzeck,woyzeck,–,XY,–,12864,,
gdc,kscv.0,6570,6896,Woyzeck,woyzeck,Hisch,NN,hisch,12864,,
gdc,kscv.0,6570,6896,Woyzeck,woyzeck,"!",$.,--,12864,,
gdc,kscv.0,6570,6896,Woyzeck,woyzeck,hasch,ADJD,hasch,12864,,
gdc,kscv.0,6570,6896,Woyzeck,woyzeck,",","$,",--,12864,,
gdc,kscv.0,6570,6896,Woyzeck,woyzeck,so,ADV,so,12864,,
gdc,kscv.0,6570,6896,Woyzeck,woyzeck,gehn,ADJD,gehn,12864,,
gdc,kscv.0,6570,6896,Woyzeck,woyzeck,die,ART,der,12864,,
gdc,kscv.0,6570,6896,Woyzeck,woyzeck,Geigen,NN,geige,12864,,
gdc,kscv.0,6570,6896,Woyzeck,woyzeck,und,KON,und,12864,,
gdc,kscv.0,6570,6896,Woyzeck,woyzeck,die,ART,der,12864,,
gdc,kscv.0,6570,6896,Woyzeck,woyzeck,Pfeifen,NN,pfeife,12864,,
gdc,kscv.0,6570,6896,Woyzeck,woyzeck,.,$.,--,12864,,
gdc,kscv.0,6570,6896,Woyzeck,woyzeck,–,XY,–,12864,,
gdc,kscv.0,6570,6896,Woyzeck,woyzeck,Immer,ADV,immer,12864,,
gdc,kscv.0,6570,6896,Woyzeck,woyzeck,zu,PTKVZ,zu,12864,,
gdc,kscv.0,6570,6896,Woyzeck,woyzeck,"!",$.,--,12864,,
gdc,kscv.0,6570,6896,Woyzeck,woyzeck,immer,ADV,immer,12864,,
gdc,kscv.0,6570,6896,Woyzeck,woyzeck,zu,PTKVZ,zu,12864,,
gdc,kscv.0,6570,6896,Woyzeck,woyzeck,"!",$.,--,12864,,
gdc,kscv.0,6570,6896,Woyzeck,woyzeck,Was,PWS,was,12864,,
gdc,kscv.0,6570,6896,Woyzeck,woyzeck,spricht,VVFIN,sprechen,12864,,
gdc,kscv.0,6570,6896,Woyzeck,woyzeck,da,PTKVZ,da,12864,,
gdc,kscv.0,6570,6896,Woyzeck,woyzeck,?,$.,--,12864,,
gdc,kscv.0,6570,6896,Woyzeck,woyzeck,Da,ADV,da,12864,,
gdc,kscv.0,6570,6896,Woyzeck,woyzeck,unten,ADV,unten,12864,,
gdc,kscv.0,6570,6896,Woyzeck,woyzeck,aus,APPR,aus,12864,,
gdc,kscv.0,6570,6896,Woyzeck,woyzeck,dem,ART,der,12864,,
gdc,kscv.0,6570,6896,Woyzeck,woyzeck,Boden,NN,boden,12864,,
gdc,kscv.0,6570,6896,Woyzeck,woyzeck,hervor,PTKVZ,hervor,12864,,
gdc,kscv.0,6570,6896,Woyzeck,woyzeck,",","$,",--,12864,,
gdc,kscv.0,6570,6896,Woyzeck,woyzeck,ganz,ADV,ganz,12864,,
gdc,kscv.0,6570,6896,Woyzeck,woyzeck,leise,ADJD,leise,12864,,
gdc,kscv.0,6570,6896,Woyzeck,woyzeck,",","$,",--,12864,,
gdc,kscv.0,6570,6896,Woyzeck,woyzeck,was,PWS,was,12864,,
gdc,kscv.0,6570,6896,Woyzeck,woyzeck,",","$,",--,12864,,
gdc,kscv.0,6570,6896,Woyzeck,woyzeck,was,PWS,was,12864,,
gdc,kscv.0,6570,6896,Woyzeck,woyzeck,?,$.,--,12864,,
gdc,kscv.0,6570,6896,Woyzeck,woyzeck,Stich,NN,stich,12864,,
gdc,kscv.0,6570,6896,Woyzeck,woyzeck,"!",$.,--,12864,,
gdc,kscv.0,6570,6896,Woyzeck,woyzeck,Stich,NN,stich,12864,,
gdc,kscv.0,6570,6896,Woyzeck,woyzeck,"!",$.,--,12864,,
gdc,kscv.0,6570,6896,Woyzeck,woyzeck,Stich,NN,stich,12864,,
gdc,kscv.0,6570,6896,Woyzeck,woyzeck,die,ART,der,12864,,
gdc,kscv.0,6570,6896,Woyzeck,woyzeck,Woyzecke,NN,woyzecke,12864,,
gdc,kscv.0,6570,6896,Woyzeck,woyzeck,todt,NE,todt,12864,,
gdc,kscv.0,6570,6896,Woyzeck,woyzeck,"!",$.,--,12864,,
gdc,kscv.0,6570,6896,Woyzeck,woyzeck,Stich,NN,stich,12864,,
gdc,kscv.0,6570,6896,Woyzeck,woyzeck,"!",$.,--,12864,,
gdc,kscv.0,6570,6896,Woyzeck,woyzeck,stich,ADJD,stich,12864,,
gdc,kscv.0,6570,6896,Woyzeck,woyzeck,die,ART,der,12864,,
gdc,kscv.0,6570,6896,Woyzeck,woyzeck,Woyzecke,NN,woyzecke,12864,,
gdc,kscv.0,6570,6896,Woyzeck,woyzeck,todt,NE,todt,12864,,
gdc,kscv.0,6570,6896,Woyzeck,woyzeck,"!",$.,--,12864,,
gdc,kscv.0,6570,6896,Woyzeck,woyzeck,Immer,ADV,immer,12864,,
gdc,kscv.0,6570,6896,Woyzeck,woyzeck,Woyzecke,NN,woyzecke,12864,,
gdc,kscv.0,6570,6896,Woyzeck,woyzeck,"!",$.,--,12864,,
gdc,kscv.0,6570,6896,Woyzeck,woyzeck,das,PDS,der,12864,,
gdc,kscv.0,6570,6896,Woyzeck,woyzeck,zischt,VVFIN,zischen,12864,,
gdc,kscv.0,6570,6896,Woyzeck,woyzeck,und,KON,und,12864,,
gdc,kscv.0,6570,6896,Woyzeck,woyzeck,rumort,VVFIN,rumoren,12864,,
gdc,kscv.0,6570,6896,Woyzeck,woyzeck,und,KON,und,12864,,
gdc,kscv.0,6570,6896,Woyzeck,woyzeck,donnert,VVFIN,donnern,12864,,
gdc,kscv.0,6570,6896,Woyzeck,woyzeck,.,$.,--,12864,,
gdc,kscv.0,6957,6968,Andres,andres,He,XY,--,12864,,
gdc,kscv.0,6957,6968,Andres,andres,"!",$.,--,12864,,
gdc,kscv.0,6973,7024,Woyzeck,woyzeck,Andres,NE,andres,12864,andres,(4)
gdc,kscv.0,6973,7024,Woyzeck,woyzeck,"!",$.,--,12864,,
gdc,kscv.0,7028,7055,Woyzeck,woyzeck,He,NE,--,12864,,
gdc,kscv.0,7028,7055,Woyzeck,woyzeck,Andres,NE,andres,12864,andres,(4)
gdc,kscv.0,7028,7055,Woyzeck,woyzeck,"!",$.,--,12864,,
gdc,kscv.0,7060,7079,Andres,andres,Na,ITJ,na,12864,,
gdc,kscv.0,7060,7079,Andres,andres,",","$,",--,12864,,
gdc,kscv.0,7060,7079,Andres,andres,was,PWS,was,12864,,
gdc,kscv.0,7060,7079,Andres,andres,is,PPER,--,12864,,
gdc,kscv.0,7060,7079,Andres,andres,?,$.,--,12864,,
gdc,kscv.0,7084,7420,Woyzeck,woyzeck,Ich,PPER,ich,12864,woyzeck,(1)
gdc,kscv.0,7084,7420,Woyzeck,woyzeck,hab,VVFIN,hab,12864,,
gdc,kscv.0,7084,7420,Woyzeck,woyzeck,kei,APPR,kei,12864,,
gdc,kscv.0,7084,7420,Woyzeck,woyzeck,Ruh,NE,ruh,12864,,
gdc,kscv.0,7084,7420,Woyzeck,woyzeck,",","$,",--,12864,,
gdc,kscv.0,7084,7420,Woyzeck,woyzeck,ich,PPER,ich,12864,woyzeck,(1)
gdc,kscv.0,7084,7420,Woyzeck,woyzeck,hör,VAFIN,hör,12864,,
gdc,kscv.0,7084,7420,Woyzeck,woyzeck,',$(,--,12864,,
gdc,kscv.0,7084,7420,Woyzeck,woyzeck,s,PPER,--,12864,,
gdc,kscv.0,7084,7420,Woyzeck,woyzeck,immer,ADV,immer,12864,,
gdc,kscv.0,7084,7420,Woyzeck,woyzeck,",","$,",--,12864,,
gdc,kscv.0,7084,7420,Woyzeck,woyzeck,wie,PWAV,wie,12864,,
gdc,kscv.0,7084,7420,Woyzeck,woyzeck,',$(,--,12864,,
gdc,kscv.0,7084,7420,Woyzeck,woyzeck,s,PPER,--,12864,,
gdc,kscv.0,7084,7420,Woyzeck,woyzeck,geigt,VVFIN,geigen,12864,,
gdc,kscv.0,7084,7420,Woyzeck,woyzeck,und,KON,und,12864,,
gdc,kscv.0,7084,7420,Woyzeck,woyzeck,springt,VVFIN,springen,12864,,
gdc,kscv.0,7084,7420,Woyzeck,woyzeck,",","$,",--,12864,,
gdc,kscv.0,7084,7420,Woyzeck,woyzeck,immer,ADV,immer,12864,,
gdc,kscv.0,7084,7420,Woyzeck,woyzeck,zu,PTKVZ,zu,12864,,
gdc,kscv.0,7084,7420,Woyzeck,woyzeck,"!",$.,--,12864,,
gdc,kscv.0,7084,7420,Woyzeck,woyzeck,immer,ADV,immer,12864,,
gdc,kscv.0,7084,7420,Woyzeck,woyzeck,zu,PTKVZ,zu,12864,,
gdc,kscv.0,7084,7420,Woyzeck,woyzeck,"!",$.,--,12864,,
gdc,kscv.0,7084,7420,Woyzeck,woyzeck,Und,KON,und,12864,,
gdc,kscv.0,7084,7420,Woyzeck,woyzeck,dann,ADV,dann,12864,,
gdc,kscv.0,7084,7420,Woyzeck,woyzeck,wann,VVFIN,wann,12864,,
gdc,kscv.0,7084,7420,Woyzeck,woyzeck,ich,PPER,ich,12864,woyzeck,(1)
gdc,kscv.0,7084,7420,Woyzeck,woyzeck,die,ART,der,12864,,
gdc,kscv.0,7084,7420,Woyzeck,woyzeck,Augen,NN,auge,12864,,
gdc,kscv.0,7084,7420,Woyzeck,woyzeck,zumach,PTKVZ,zumach,12864,,
gdc,kscv.0,7084,7420,Woyzeck,woyzeck,",","$,",--,12864,,
gdc,kscv.0,7084,7420,Woyzeck,woyzeck,da,ADV,da,12864,,
gdc,kscv.0,7084,7420,Woyzeck,woyzeck,blizt,VVFIN,blizen,12864,,
gdc,kscv.0,7084,7420,Woyzeck,woyzeck,es,PPER,es,12864,,
gdc,kscv.0,7084,7420,Woyzeck,woyzeck,mir,PPER,sich,12864,woyzeck,(1)
gdc,kscv.0,7084,7420,Woyzeck,woyzeck,immer,ADV,immer,12864,,
gdc,kscv.0,7084,7420,Woyzeck,woyzeck,",","$,",--,12864,,
gdc,kscv.0,7084,7420,Woyzeck,woyzeck,es,PPER,es,12864,,
gdc,kscv.0,7084,7420,Woyzeck,woyzeck,ist,VAFIN,sein,12864,,
gdc,kscv.0,7084,7420,Woyzeck,woyzeck,ei,PPER,ei,12864,,
gdc,kscv.0,7084,7420,Woyzeck,woyzeck,groß,ADJD,groß,12864,,
gdc,kscv.0,7084,7420,Woyzeck,woyzeck,breit,ADJD,breit,12864,,
gdc,kscv.0,7084,7420,Woyzeck,woyzeck,Messer,NN,messer,12864,,
gdc,kscv.0,7084,7420,Woyzeck,woyzeck,und,KON,und,12864,,
gdc,kscv.0,7084,7420,Woyzeck,woyzeck,das,PDS,der,12864,,
gdc,kscv.0,7084,7420,Woyzeck,woyzeck,liegt,VVFIN,liegen,12864,,
gdc,kscv.0,7084,7420,Woyzeck,woyzeck,auf,APPR,auf,12864,,
gdc,kscv.0,7084,7420,Woyzeck,woyzeck,eim,ART,ei,12864,,
gdc,kscv.0,7084,7420,Woyzeck,woyzeck,Tisch,NN,tisch,12864,,
gdc,kscv.0,7084,7420,Woyzeck,woyzeck,am,APPRART,an,12864,,
gdc,kscv.0,7084,7420,Woyzeck,woyzeck,Fenster,NN,fenster,12864,,
gdc,kscv.0,7084,7420,Woyzeck,woyzeck,und,KON,und,12864,,
gdc,kscv.0,7084,7420,Woyzeck,woyzeck,ist,VAFIN,sein,12864,,
gdc,kscv.0,7084,7420,Woyzeck,woyzeck,in,APPR,in,12864,,
gdc,kscv.0,7084,7420,Woyzeck,woyzeck,einer,PIS,ein,12864,,
gdc,kscv.0,7084,7420,Woyzeck,woyzeck,eng,ADJD,eng,12864,,
gdc,kscv.0,7084,7420,Woyzeck,woyzeck,dunkel,ADJD,dunkel,12864,,
gdc,kscv.0,7084,7420,Woyzeck,woyzeck,Gaß,NN,gaß,12864,,
gdc,kscv.0,7084,7420,Woyzeck,woyzeck,und,KON,und,12864,,
gdc,kscv.0,7084,7420,Woyzeck,woyzeck,ein,ART,ein,12864,,
gdc,kscv.0,7084,7420,Woyzeck,woyzeck,alter,ADJA,alt,12864,alter_mann,(16
gdc,kscv.0,7084,7420,Woyzeck,woyzeck,Mann,NN,mann,12864,alter_mann,16)
gdc,kscv.0,7084,7420,Woyzeck,woyzeck,sizt,VVFIN,sizt,12864,,
gdc,kscv.0,7084,7420,Woyzeck,woyzeck,dahinter,PROAV,dahinter,12864,,
gdc,kscv.0,7084,7420,Woyzeck,woyzeck,.,$.,--,12864,,
gdc,kscv.0,7084,7420,Woyzeck,woyzeck,Und,KON,und,12864,,
gdc,kscv.0,7084,7420,Woyzeck,woyzeck,das,ART,der,12864,,
gdc,kscv.0,7084,7420,Woyzeck,woyzeck,Messer,NN,messer,12864,,
gdc,kscv.0,7084,7420,Woyzeck,woyzeck,ist,VAFIN,sein,12864,,
gdc,kscv.0,7084,7420,Woyzeck,woyzeck,mir,PPER,sich,12864,woyzeck,(1)
gdc,kscv.0,7084,7420,Woyzeck,woyzeck,immer,ADV,immer,12864,,
gdc,kscv.0,7084,7420,Woyzeck,woyzeck,zwischen,APPR,zwischen,12864,,
gdc,kscv.0,7084,7420,Woyzeck,woyzeck,den,ART,der,12864,,
gdc,kscv.0,7084,7420,Woyzeck,woyzeck,Augen,NN,auge,12864,,
gdc,kscv.0,7084,7420,Woyzeck,woyzeck,.,$.,--,12864,,
gdc,kscv.0,7425,7445,Andres,andres,Schlaf,NN,schlaf,12864,,
gdc,kscv.0,7425,7445,Andres,andres,Narr,NE,narr,12864,,
gdc,kscv.0,7425,7445,Andres,andres,"!",$.,--,12864,,
gdc,kscv.0,7482,7515,Woyzeck,woyzeck,Hast,ADV,haben,12864,,
gdc,kscv.0,7482,7515,Woyzeck,woyzeck,nix,ADJD,nix,12864,,
gdc,kscv.0,7482,7515,Woyzeck,woyzeck,gehört,VVFIN,gehören,12864,,
gdc,kscv.0,7482,7515,Woyzeck,woyzeck,?,$.,--,12864,,
gdc,kscv.0,7520,7562,Andres,andres,Er,PPER,er,12864,,
gdc,kscv.0,7520,7562,Andres,andres,ist,VAFIN,sein,12864,,
gdc,kscv.0,7520,7562,Andres,andres,da,ADV,da,12864,,
gdc,kscv.0,7520,7562,Andres,andres,noch,ADV,noch,12864,,
gdc,kscv.0,7520,7562,Andres,andres,mit,APPR,mit,12864,,
gdc,kscv.0,7520,7562,Andres,andres,einem,ART,ein,12864,,
gdc,kscv.0,7520,7562,Andres,andres,Kamraden,NN,kamrad,12864,,
gdc,kscv.0,7520,7562,Andres,andres,.,$.,--,12864,,
gdc,kscv.0,7567,7602,Woyzeck,woyzeck,Er,PPER,er,12864,,
gdc,kscv.0,7567,7602,Woyzeck,woyzeck,hat,VAFIN,haben,12864,,
gdc,kscv.0,7567,7602,Woyzeck,woyzeck,was,PIS,was,12864,,
gdc,kscv.0,7567,7602,Woyzeck,woyzeck,gesagt,VVPP,sagen,12864,,
gdc,kscv.0,7567,7602,Woyzeck,woyzeck,.,$.,--,12864,,
gdc,kscv.0,7607,7747,Andres,andres,Woher,PWAV,woher,12864,,
gdc,kscv.0,7607,7747,Andres,andres,weißt,VVFIN,weißen,12864,,
gdc,kscv.0,7607,7747,Andres,andres,du,PPER,du,12864,,
gdc,kscv.0,7607,7747,Andres,andres,',$(,--,12864,,
gdc,kscv.0,7607,7747,Andres,andres,s,PPER,--,12864,,
gdc,kscv.0,7607,7747,Andres,andres,?,$.,--,12864,,
gdc,kscv.0,7607,7747,Andres,andres,Was,PWS,was,12864,,
gdc,kscv.0,7607,7747,Andres,andres,soll,VMFIN,sollen,12864,,
gdc,kscv.0,7607,7747,Andres,andres,ich,PPER,ich,12864,andres,(4)
gdc,kscv.0,7607,7747,Andres,andres,',$(,--,12864,,
gdc,kscv.0,7607,7747,Andres,andres,s,PPER,--,12864,,
gdc,kscv.0,7607,7747,Andres,andres,sagen,VVINF,sagen,12864,,
gdc,kscv.0,7607,7747,Andres,andres,.,$.,--,12864,,
gdc,kscv.0,7607,7747,Andres,andres,Nu,PTKANT,nu,12864,,
gdc,kscv.0,7607,7747,Andres,andres,",","$,",--,12864,,
gdc,kscv.0,7607,7747,Andres,andres,er,PPER,er,12864,,
gdc,kscv.0,7607,7747,Andres,andres,lachte,VVFIN,lachen,12864,,
gdc,kscv.0,7607,7747,Andres,andres,und,KON,und,12864,,
gdc,kscv.0,7607,7747,Andres,andres,dann,ADV,dann,12864,,
gdc,kscv.0,7607,7747,Andres,andres,sagt,VVFIN,sagen,12864,,
gdc,kscv.0,7607,7747,Andres,andres,',$(,--,12864,,
gdc,kscv.0,7607,7747,Andres,andres,er,PPER,er,12864,,
gdc,kscv.0,7607,7747,Andres,andres,:,$.,--,12864,,
gdc,kscv.0,7607,7747,Andres,andres,ein,ART,ein,12864,,
gdc,kscv.0,7607,7747,Andres,andres,köstlich,ADJD,köstlich,12864,,
gdc,kscv.0,7607,7747,Andres,andres,Weibsbild,NN,weibsbild,12864,,
gdc,kscv.0,7607,7747,Andres,andres,"!",$.,--,12864,,
gdc,kscv.0,7607,7747,Andres,andres,Die,PDS,der,12864,,
gdc,kscv.0,7607,7747,Andres,andres,hat,VAFIN,haben,12864,,
gdc,kscv.0,7607,7747,Andres,andres,Schenkel,NN,schenkel,12864,,
gdc,kscv.0,7607,7747,Andres,andres,und,KON,und,12864,,
gdc,kscv.0,7607,7747,Andres,andres,Alles,PIS,alle,12864,,
gdc,kscv.0,7607,7747,Andres,andres,so,ADV,so,12864,,
gdc,kscv.0,7607,7747,Andres,andres,heiß,ADJD,heiß,12864,,
gdc,kscv.0,7607,7747,Andres,andres,"!",$.,--,12864,,
gdc,kscv.0,7752,7906,Woyzeck,woyzeck,So,ADV,so,12864,,
gdc,kscv.0,7752,7906,Woyzeck,woyzeck,hat,VAFIN,haben,12864,,
gdc,kscv.0,7752,7906,Woyzeck,woyzeck,er,PPER,er,12864,,
gdc,kscv.0,7752,7906,Woyzeck,woyzeck,das,PDS,der,12864,,
gdc,kscv.0,7752,7906,Woyzeck,woyzeck,gesagt,VVPP,sagen,12864,,
gdc,kscv.0,7752,7906,Woyzeck,woyzeck,?,$.,--,12864,,
gdc,kscv.0,7752,7906,Woyzeck,woyzeck,Von,APPR,von,12864,,
gdc,kscv.0,7752,7906,Woyzeck,woyzeck,was,PWS,was,12864,,
gdc,kscv.0,7752,7906,Woyzeck,woyzeck,hat,VAFIN,haben,12864,,
gdc,kscv.0,7752,7906,Woyzeck,woyzeck,mir,PPER,sich,12864,woyzeck,(1)
gdc,kscv.0,7752,7906,Woyzeck,woyzeck,doch,ADV,doch,12864,,
gdc,kscv.0,7752,7906,Woyzeck,woyzeck,heut,APPR,heut,12864,,
gdc,kscv.0,7752,7906,Woyzeck,woyzeck,Nacht,NN,nacht,12864,,
gdc,kscv.0,7752,7906,Woyzeck,woyzeck,geträumt,VVPP,träumen,12864,,
gdc,kscv.0,7752,7906,Woyzeck,woyzeck,?,$.,--,12864,,
gdc,kscv.0,7752,7906,Woyzeck,woyzeck,War,VAFIN,sein,12864,,
gdc,kscv.0,7752,7906,Woyzeck,woyzeck,',$(,--,12864,,
gdc,kscv.0,7752,7906,Woyzeck,woyzeck,s,PPER,--,12864,,
gdc,kscv.0,7752,7906,Woyzeck,woyzeck,nicht,PTKNEG,nicht,12864,,
gdc,kscv.0,7752,7906,Woyzeck,woyzeck,von,APPR,von,12864,,
gdc,kscv.0,7752,7906,Woyzeck,woyzeck,eim,APPRART,eim,12864,,
gdc,kscv.0,7752,7906,Woyzeck,woyzeck,Messer,NN,messer,12864,,
gdc,kscv.0,7752,7906,Woyzeck,woyzeck,?,$.,--,12864,,
gdc,kscv.0,7752,7906,Woyzeck,woyzeck,Was,PWS,was,12864,,
gdc,kscv.0,7752,7906,Woyzeck,woyzeck,man,PIS,man,12864,,
gdc,kscv.0,7752,7906,Woyzeck,woyzeck,doch,ADV,doch,12864,,
gdc,kscv.0,7752,7906,Woyzeck,woyzeck,närrische,ADJA,närrisch,12864,,
gdc,kscv.0,7752,7906,Woyzeck,woyzeck,Träume,NN,traum,12864,,
gdc,kscv.0,7752,7906,Woyzeck,woyzeck,hat,VAFIN,haben,12864,,
gdc,kscv.0,7752,7906,Woyzeck,woyzeck,.,$.,--,12864,,
gdc,kscv.0,7911,7932,Andres,andres,Wohin,PWAV,wohin,12864,,
gdc,kscv.0,7911,7932,Andres,andres,Kamrad,NE,kamrad,12864,,
gdc,kscv.0,7911,7932,Andres,andres,?,$.,--,12864,,
gdc,kscv.0,7937,8025,Woyzeck,woyzeck,Meim,APPRART,meim,12864,,
gdc,kscv.0,7937,8025,Woyzeck,woyzeck,Officier,ADJA,officier,12864,,
gdc,kscv.0,7937,8025,Woyzeck,woyzeck,Wein,NN,wein,12864,,
gdc,kscv.0,7937,8025,Woyzeck,woyzeck,holen,VVINF,holen,12864,,
gdc,kscv.0,7937,8025,Woyzeck,woyzeck,.,$.,--,12864,,
gdc,kscv.0,7937,8025,Woyzeck,woyzeck,–,XY,–,12864,,
gdc,kscv.0,7937,8025,Woyzeck,woyzeck,Aber,KON,aber,12864,,
gdc,kscv.0,7937,8025,Woyzeck,woyzeck,Andres,NE,andres,12864,andres,(4)
gdc,kscv.0,7937,8025,Woyzeck,woyzeck,",","$,",--,12864,,
gdc,kscv.0,7937,8025,Woyzeck,woyzeck,sie,PPER,sie,12864,,
gdc,kscv.0,7937,8025,Woyzeck,woyzeck,war,VAFIN,sein,12864,,
gdc,kscv.0,7937,8025,Woyzeck,woyzeck,doch,ADV,doch,12864,,
gdc,kscv.0,7937,8025,Woyzeck,woyzeck,ein,ART,ein,12864,,
gdc,kscv.0,7937,8025,Woyzeck,woyzeck,einzig,ADJD,einzig,12864,,
gdc,kscv.0,7937,8025,Woyzeck,woyzeck,Mädel,NN,mädel,12864,,
gdc,kscv.0,7937,8025,Woyzeck,woyzeck,.,$.,--,12864,,
gdc,kscv.0,8030,8046,Andres,andres,Wer,PWS,wer,12864,,
gdc,kscv.0,8030,8046,Andres,andres,war,VAFIN,sein,12864,,
gdc,kscv.0,8030,8046,Andres,andres,?,$.,--,12864,,
gdc,kscv.0,8051,8079,Woyzeck,woyzeck,Nix,ADJD,nix,12864,,
gdc,kscv.0,8051,8079,Woyzeck,woyzeck,.,$.,--,12864,,
gdc,kscv.0,8051,8079,Woyzeck,woyzeck,Adies,NE,adies,12864,,
gdc,kscv.0,8051,8079,Woyzeck,woyzeck,.,$.,--,12864,,
gdc,kscv.0,8131,8217,Woyzeck,woyzeck,Was,PWS,was,12864,,
gdc,kscv.0,8131,8217,Woyzeck,woyzeck,hat,VAFIN,haben,12864,,
gdc,kscv.0,8131,8217,Woyzeck,woyzeck,er,PPER,er,12864,,
gdc,kscv.0,8131,8217,Woyzeck,woyzeck,gesagt,VVPP,sagen,12864,,
gdc,kscv.0,8131,8217,Woyzeck,woyzeck,?,$.,--,12864,,
gdc,kscv.0,8131,8217,Woyzeck,woyzeck,So,ADV,so,12864,,
gdc,kscv.0,8131,8217,Woyzeck,woyzeck,?,$.,--,12864,,
gdc,kscv.0,8131,8217,Woyzeck,woyzeck,–,XY,–,12864,,
gdc,kscv.0,8131,8217,Woyzeck,woyzeck,Ja,PTKANT,ja,12864,,
gdc,kscv.0,8131,8217,Woyzeck,woyzeck,es,PPER,es,12864,,
gdc,kscv.0,8131,8217,Woyzeck,woyzeck,ist,VAFIN,sein,12864,,
gdc,kscv.0,8131,8217,Woyzeck,woyzeck,noch,ADV,noch,12864,,
gdc,kscv.0,8131,8217,Woyzeck,woyzeck,nicht,PTKNEG,nicht,12864,,
gdc,kscv.0,8131,8217,Woyzeck,woyzeck,aller,PIAT,aller,12864,,
gdc,kscv.0,8131,8217,Woyzeck,woyzeck,Tag,NN,tag,12864,,
gdc,kscv.0,8131,8217,Woyzeck,woyzeck,Abend,NN,abend,12864,,
gdc,kscv.0,8131,8217,Woyzeck,woyzeck,.,$.,--,12864,,
gdc,kscv.0,8295,8837,Barbier,barbier,Ach,ITJ,ach,12864,,
gdc,kscv.0,8295,8837,Barbier,barbier,Tochter,NN,tochter,12864,,
gdc,kscv.0,8295,8837,Barbier,barbier,",","$,",--,12864,,
gdc,kscv.0,8295,8837,Barbier,barbier,liebe,ADJA,lieb,12864,,
gdc,kscv.0,8295,8837,Barbier,barbier,Tochter,NN,tochter,12864,,
gdc,kscv.0,8295,8837,Barbier,barbier,",","$,",--,12864,,
gdc,kscv.0,8295,8837,Barbier,barbier,Was,PWS,was,12864,,
gdc,kscv.0,8295,8837,Barbier,barbier,hast,VAFIN,haben,12864,,
gdc,kscv.0,8295,8837,Barbier,barbier,du,PPER,du,12864,,
gdc,kscv.0,8295,8837,Barbier,barbier,gedenkt,VVPP,gedenken,12864,,
gdc,kscv.0,8295,8837,Barbier,barbier,",","$,",--,12864,,
gdc,kscv.0,8295,8837,Barbier,barbier,Daß,KOUS,daß,12864,,
gdc,kscv.0,8295,8837,Barbier,barbier,du,PPER,du,12864,,
gdc,kscv.0,8295,8837,Barbier,barbier,dich,PRF,dich,12864,,
gdc,kscv.0,8295,8837,Barbier,barbier,an,APPR,an,12864,,
gdc,kscv.0,8295,8837,Barbier,barbier,die,ART,der,12864,,
gdc,kscv.0,8295,8837,Barbier,barbier,Landkutscher,NN,landkutsch,12864,,
gdc,kscv.0,8295,8837,Barbier,barbier,Und,KON,und,12864,,
gdc,kscv.0,8295,8837,Barbier,barbier,die,ART,der,12864,,
gdc,kscv.0,8295,8837,Barbier,barbier,Fuhrleut,NN,fuhrleut,12864,,
gdc,kscv.0,8295,8837,Barbier,barbier,hast,VAFIN,haben,12864,,
gdc,kscv.0,8295,8837,Barbier,barbier,gehängt,VVPP,hängen,12864,,
gdc,kscv.0,8295,8837,Barbier,barbier,?,$.,--,12864,,
gdc,kscv.0,8295,8837,Barbier,barbier,–,XY,–,12864,,
gdc,kscv.0,8295,8837,Barbier,barbier,Was,PWS,was,12864,,
gdc,kscv.0,8295,8837,Barbier,barbier,kann,VMFIN,können,12864,,
gdc,kscv.0,8295,8837,Barbier,barbier,der,ART,der,12864,,
gdc,kscv.0,8295,8837,Barbier,barbier,liebe,ADJA,lieb,12864,,
gdc,kscv.0,8295,8837,Barbier,barbier,Gott,NN,gott,12864,,
gdc,kscv.0,8295,8837,Barbier,barbier,nicht,PTKNEG,nicht,12864,,
gdc,kscv.0,8295,8837,Barbier,barbier,",","$,",--,12864,,
gdc,kscv.0,8295,8837,Barbier,barbier,was,PWS,was,12864,,
gdc,kscv.0,8295,8837,Barbier,barbier,?,$.,--,12864,,
gdc,kscv.0,8295,8837,Barbier,barbier,Das,ART,der,12864,,
gdc,kscv.0,8295,8837,Barbier,barbier,Geschehene,NN,geschehener,12864,,
gdc,kscv.0,8295,8837,Barbier,barbier,ungeschehn,ADJD,ungeschehn,12864,,
gdc,kscv.0,8295,8837,Barbier,barbier,machen,VVINF,machen,12864,,
gdc,kscv.0,8295,8837,Barbier,barbier,.,$.,--,12864,,
gdc,kscv.0,8295,8837,Barbier,barbier,Hä,XY,hä,12864,,
gdc,kscv.0,8295,8837,Barbier,barbier,hä,XY,hä,12864,,
gdc,kscv.0,8295,8837,Barbier,barbier,hä,XY,hä,12864,,
gdc,kscv.0,8295,8837,Barbier,barbier,"!",$.,--,12864,,
gdc,kscv.0,8295,8837,Barbier,barbier,–,XY,–,12864,,
gdc,kscv.0,8295,8837,Barbier,barbier,Aber,KON,aber,12864,,
gdc,kscv.0,8295,8837,Barbier,barbier,es,PPER,es,12864,,
gdc,kscv.0,8295,8837,Barbier,barbier,ist,VAFIN,sein,12864,,
gdc,kscv.0,8295,8837,Barbier,barbier,eimal,ADV,eimal,12864,,
gdc,kscv.0,8295,8837,Barbier,barbier,so,ADV,so,12864,,
gdc,kscv.0,8295,8837,Barbier,barbier,",","$,",--,12864,,
gdc,kscv.0,8295,8837,Barbier,barbier,und,KON,und,12864,,
gdc,kscv.0,8295,8837,Barbier,barbier,es,PPER,es,12864,,
gdc,kscv.0,8295,8837,Barbier,barbier,ist,VAFIN,sein,12864,,
gdc,kscv.0,8295,8837,Barbier,barbier,gut,ADJD,gut,12864,,
gdc,kscv.0,8295,8837,Barbier,barbier,",","$,",--,12864,,
gdc,kscv.0,8295,8837,Barbier,barbier,daß,KOUS,daß,12864,,
gdc,kscv.0,8295,8837,Barbier,barbier,es,PPER,es,12864,,
gdc,kscv.0,8295,8837,Barbier,barbier,so,ADV,so,12864,,
gdc,kscv.0,8295,8837,Barbier,barbier,ist,VAFIN,sein,12864,,
gdc,kscv.0,8295,8837,Barbier,barbier,.,$.,--,12864,,
gdc,kscv.0,8295,8837,Barbier,barbier,Aber,KON,aber,12864,,
gdc,kscv.0,8295,8837,Barbier,barbier,besser,ADJD,gut,12864,,
gdc,kscv.0,8295,8837,Barbier,barbier,ist,VAFIN,sein,12864,,
gdc,kscv.0,8295,8837,Barbier,barbier,besser,ADJD,gut,12864,,
gdc,kscv.0,8295,8837,Barbier,barbier,.,$.,--,12864,,
gdc,kscv.0,8295,8837,Barbier,barbier,Branntewei,NE,branntewei,12864,,
gdc,kscv.0,8295,8837,Barbier,barbier,das,PDS,der,12864,,
gdc,kscv.0,8295,8837,Barbier,barbier,ist,VAFIN,sein,12864,,
gdc,kscv.0,8295,8837,Barbier,barbier,mein,PPOSAT,mein,12864,barbier,(6)
gdc,kscv.0,8295,8837,Barbier,barbier,Leben,NN,leben,12864,,
gdc,kscv.0,8295,8837,Barbier,barbier,",","$,",--,12864,,
gdc,kscv.0,8295,8837,Barbier,barbier,Branntwei,NN,branntwei,12864,,
gdc,kscv.0,8295,8837,Barbier,barbier,giebt,VVFIN,gieben,12864,,
gdc,kscv.0,8295,8837,Barbier,barbier,Courage,NN,courage,12864,,
gdc,kscv.0,8295,8837,Barbier,barbier,.,$.,--,12864,,
gdc,kscv.0,8295,8837,Barbier,barbier,Und,KON,und,12864,,
gdc,kscv.0,8295,8837,Barbier,barbier,ein,ART,ein,12864,,
gdc,kscv.0,8295,8837,Barbier,barbier,ordentlicher,ADJA,ordentlich,12864,,
gdc,kscv.0,8295,8837,Barbier,barbier,Mensch,NN,mensch,12864,,
gdc,kscv.0,8295,8837,Barbier,barbier,hat,VAFIN,haben,12864,,
gdc,kscv.0,8295,8837,Barbier,barbier,sein,PPOSAT,sein,12864,,
gdc,kscv.0,8295,8837,Barbier,barbier,Leben,NN,leben,12864,,
gdc,kscv.0,8295,8837,Barbier,barbier,lieb,VVFIN,leiben,12864,,
gdc,kscv.0,8295,8837,Barbier,barbier,",","$,",--,12864,,
gdc,kscv.0,8295,8837,Barbier,barbier,und,KON,und,12864,,
gdc,kscv.0,8295,8837,Barbier,barbier,ein,ART,ein,12864,,
gdc,kscv.0,8295,8837,Barbier,barbier,Mensch,NN,mensch,12864,,
gdc,kscv.0,8295,8837,Barbier,barbier,",","$,",--,12864,,
gdc,kscv.0,8295,8837,Barbier,barbier,der,PRELS,der,12864,,
gdc,kscv.0,8295,8837,Barbier,barbier,sein,PPOSAT,sein,12864,,
gdc,kscv.0,8295,8837,Barbier,barbier,Leben,NN,leben,12864,,
gdc,kscv.0,8295,8837,Barbier,barbier,lieb,APPO,leiben,12864,,
gdc,kscv.0,8295,8837,Barbier,barbier,hat,VAFIN,haben,12864,,
gdc,kscv.0,8295,8837,Barbier,barbier,",","$,",--,12864,,
gdc,kscv.0,8295,8837,Barbier,barbier,hat,VAFIN,haben,12864,,
gdc,kscv.0,8295,8837,Barbier,barbier,keine,PIAT,kein,12864,,
gdc,kscv.0,8295,8837,Barbier,barbier,Courage,NN,courage,12864,,
gdc,kscv.0,8295,8837,Barbier,barbier,",","$,",--,12864,,
gdc,kscv.0,8295,8837,Barbier,barbier,ein,ART,ein,12864,,
gdc,kscv.0,8295,8837,Barbier,barbier,tugendhafter,ADJA,tugendhaft,12864,,
gdc,kscv.0,8295,8837,Barbier,barbier,Mensch,NN,mensch,12864,,
gdc,kscv.0,8295,8837,Barbier,barbier,hat,VAFIN,haben,12864,,
gdc,kscv.0,8295,8837,Barbier,barbier,keine,PIAT,kein,12864,,
gdc,kscv.0,8295,8837,Barbier,barbier,Courage,NN,courage,12864,,
gdc,kscv.0,8295,8837,Barbier,barbier,.,$.,--,12864,,
gdc,kscv.0,8295,8837,Barbier,barbier,Wer,PWS,wer,12864,,
gdc,kscv.0,8295,8837,Barbier,barbier,Courage,NN,courage,12864,,
gdc,kscv.0,8295,8837,Barbier,barbier,hat,VAFIN,haben,12864,,
gdc,kscv.0,8295,8837,Barbier,barbier,ist,VAFIN,sein,12864,,
gdc,kscv.0,8295,8837,Barbier,barbier,ein,ART,ein,12864,,
gdc,kscv.0,8295,8837,Barbier,barbier,Hundsfott,NN,hundsfott,12864,,
gdc,kscv.0,8295,8837,Barbier,barbier,.,$.,--,12864,,
gdc,kscv.0,8843,8931,Tambourmajor,tambourmajor,Sie,PPER,sie,12864,,
gdc,kscv.0,8843,8931,Tambourmajor,tambourmajor,vergessen,VVFIN,vergessen,12864,,
gdc,kscv.0,8843,8931,Tambourmajor,tambourmajor,sich,PRF,sich,12864,,
gdc,kscv.0,8843,8931,Tambourmajor,tambourmajor,",","$,",--,12864,,
gdc,kscv.0,8843,8931,Tambourmajor,tambourmajor,in,APPR,in,12864,,
gdc,kscv.0,8843,8931,Tambourmajor,tambourmajor,Gegenwart,NN,gegenwart,12864,,
gdc,kscv.0,8843,8931,Tambourmajor,tambourmajor,eines,ART,ein,12864,,
gdc,kscv.0,8843,8931,Tambourmajor,tambourmajor,Tapfern,NN,tapfer,12864,,
gdc,kscv.0,8843,8931,Tambourmajor,tambourmajor,.,$.,--,12864,,
gdc,kscv.0,8936,9102,Barbier,barbier,Ich,PPER,ich,12864,barbier,(6)
gdc,kscv.0,8936,9102,Barbier,barbier,spreche,VVFIN,sprechen,12864,,
gdc,kscv.0,8936,9102,Barbier,barbier,ohne,APPR,ohne,12864,,
gdc,kscv.0,8936,9102,Barbier,barbier,Beziehungen,NN,beziehung,12864,,
gdc,kscv.0,8936,9102,Barbier,barbier,",","$,",--,12864,,
gdc,kscv.0,8936,9102,Barbier,barbier,ich,PPER,ich,12864,barbier,(6)
gdc,kscv.0,8936,9102,Barbier,barbier,spreche,VVFIN,sprechen,12864,,
gdc,kscv.0,8936,9102,Barbier,barbier,nicht,PTKNEG,nicht,12864,,
gdc,kscv.0,8936,9102,Barbier,barbier,mit,APPR,mit,12864,,
gdc,kscv.0,8936,9102,Barbier,barbier,Rücksicht,NN,rücksicht,12864,,
gdc,kscv.0,8936,9102,Barbier,barbier,",","$,",--,12864,,
gdc,kscv.0,8936,9102,Barbier,barbier,wie,PWAV,wie,12864,,
gdc,kscv.0,8936,9102,Barbier,barbier,die,ART,der,12864,,
gdc,kscv.0,8936,9102,Barbier,barbier,Franzose,NN,franzose,12864,,
gdc,kscv.0,8936,9102,Barbier,barbier,spreche,VVFIN,sprechen,12864,,
gdc,kscv.0,8936,9102,Barbier,barbier,",","$,",--,12864,,
gdc,kscv.0,8936,9102,Barbier,barbier,und,KON,und,12864,,
gdc,kscv.0,8936,9102,Barbier,barbier,es,PPER,es,12864,,
gdc,kscv.0,8936,9102,Barbier,barbier,war,VAFIN,sein,12864,,
gdc,kscv.0,8936,9102,Barbier,barbier,schön,ADJD,schön,12864,,
gdc,kscv.0,8936,9102,Barbier,barbier,von,APPR,von,12864,,
gdc,kscv.0,8936,9102,Barbier,barbier,Euch,PPER,euch,12864,,
gdc,kscv.0,8936,9102,Barbier,barbier,.,$.,--,12864,,
gdc,kscv.0,8936,9102,Barbier,barbier,–,XY,–,12864,,
gdc,kscv.0,8936,9102,Barbier,barbier,Aber,KON,aber,12864,,
gdc,kscv.0,8936,9102,Barbier,barbier,wer,PWS,wer,12864,,
gdc,kscv.0,8936,9102,Barbier,barbier,Courage,NN,courage,12864,,
gdc,kscv.0,8936,9102,Barbier,barbier,hat,VAFIN,haben,12864,,
gdc,kscv.0,8936,9102,Barbier,barbier,ist,VAFIN,sein,12864,,
gdc,kscv.0,8936,9102,Barbier,barbier,ein,ART,ein,12864,,
gdc,kscv.0,8936,9102,Barbier,barbier,Hundsfott,NN,hundsfott,12864,,
gdc,kscv.0,8936,9102,Barbier,barbier,"!",$.,--,12864,,
gdc,kscv.0,9107,9272,Tambourmajor,tambourmajor,Teufel,NE,teufel,12864,,
gdc,kscv.0,9107,9272,Tambourmajor,tambourmajor,"!",$.,--,12864,,
gdc,kscv.0,9107,9272,Tambourmajor,tambourmajor,du,PPER,du,12864,,
gdc,kscv.0,9107,9272,Tambourmajor,tambourmajor,zerbrochne,VVFIN,zerbrochnen,12864,,
gdc,kscv.0,9107,9272,Tambourmajor,tambourmajor,Bartschüssel,NE,bartschüssel,12864,,
gdc,kscv.0,9107,9272,Tambourmajor,tambourmajor,",","$,",--,12864,,
gdc,kscv.0,9107,9272,Tambourmajor,tambourmajor,du,PPER,du,12864,,
gdc,kscv.0,9107,9272,Tambourmajor,tambourmajor,abgestanden,VVPP,abgestand,12864,,
gdc,kscv.0,9107,9272,Tambourmajor,tambourmajor,Seifbrüh,NN,seifbrüh,12864,,
gdc,kscv.0,9107,9272,Tambourmajor,tambourmajor,du,PPER,du,12864,,
gdc,kscv.0,9107,9272,Tambourmajor,tambourmajor,sollst,VMFIN,sollen,12864,,
gdc,kscv.0,9107,9272,Tambourmajor,tambourmajor,mir,PPER,sich,12864,tambourmajor,(3)
gdc,kscv.0,9107,9272,Tambourmajor,tambourmajor,dei,APPR,dei,12864,,
gdc,kscv.0,9107,9272,Tambourmajor,tambourmajor,Urin,NN,urin,12864,,
gdc,kscv.0,9107,9272,Tambourmajor,tambourmajor,trinke,VVFIN,trinken,12864,,
gdc,kscv.0,9107,9272,Tambourmajor,tambourmajor,",","$,",--,12864,,
gdc,kscv.0,9107,9272,Tambourmajor,tambourmajor,du,PPER,du,12864,,
gdc,kscv.0,9107,9272,Tambourmajor,tambourmajor,sollst,VMFIN,sollen,12864,,
gdc,kscv.0,9107,9272,Tambourmajor,tambourmajor,mir,PPER,sich,12864,tambourmajor,(3)
gdc,kscv.0,9107,9272,Tambourmajor,tambourmajor,dei,APPR,dei,12864,,
gdc,kscv.0,9107,9272,Tambourmajor,tambourmajor,Rasirmesser,NN,rasirmesser,12864,,
gdc,kscv.0,9107,9272,Tambourmajor,tambourmajor,verschlucken,VVINF,verschlucken,12864,,
gdc,kscv.0,9107,9272,Tambourmajor,tambourmajor,"!",$.,--,12864,,
gdc,kscv.0,9277,10430,Barbier,barbier,Herr,NN,herr,12864,herr,(18)
gdc,kscv.0,9277,10430,Barbier,barbier,Er,PPER,er,12864,,
gdc,kscv.0,9277,10430,Barbier,barbier,thut,VVFIN,thuen,12864,,
gdc,kscv.0,9277,10430,Barbier,barbier,sich,PRF,sich,12864,,
gdc,kscv.0,9277,10430,Barbier,barbier,Unrecht,NN,unrecht,12864,,
gdc,kscv.0,9277,10430,Barbier,barbier,",","$,",--,12864,,
gdc,kscv.0,9277,10430,Barbier,barbier,hab,VAFIN,hab,12864,,
gdc,kscv.0,9277,10430,Barbier,barbier,ich,PPER,ich,12864,barbier,(6)
gdc,kscv.0,9277,10430,Barbier,barbier,Ihn,PPER,ihn,12864,,
gdc,kscv.0,9277,10430,Barbier,barbier,denn,ADV,denn,12864,,
gdc,kscv.0,9277,10430,Barbier,barbier,gemeint,VVPP,meinen,12864,,
gdc,kscv.0,9277,10430,Barbier,barbier,",","$,",--,12864,,
gdc,kscv.0,9277,10430,Barbier,barbier,hab,VAFIN,hab,12864,,
gdc,kscv.0,9277,10430,Barbier,barbier,ich,PPER,ich,12864,barbier,(6)
gdc,kscv.0,9277,10430,Barbier,barbier,gesagt,VVPP,sagen,12864,,
gdc,kscv.0,9277,10430,Barbier,barbier,Er,PPER,er,12864,,
gdc,kscv.0,9277,10430,Barbier,barbier,hätt,VAFIN,hätt,12864,,
gdc,kscv.0,9277,10430,Barbier,barbier,Courage,NN,courage,12864,,
gdc,kscv.0,9277,10430,Barbier,barbier,?,$.,--,12864,,
gdc,kscv.0,9277,10430,Barbier,barbier,Herr,NN,herr,12864,herr,(18)
gdc,kscv.0,9277,10430,Barbier,barbier,laß,VVFIN,lassen,12864,,
gdc,kscv.0,9277,10430,Barbier,barbier,Er,PPER,er,12864,,
gdc,kscv.0,9277,10430,Barbier,barbier,mich,PPER,mich,12864,barbier,(6)
gdc,kscv.0,9277,10430,Barbier,barbier,in,APPR,in,12864,,
gdc,kscv.0,9277,10430,Barbier,barbier,Ruh,NE,ruh,12864,,
gdc,kscv.0,9277,10430,Barbier,barbier,"!",$.,--,12864,,
gdc,kscv.0,9277,10430,Barbier,barbier,Ich,PPER,ich,12864,barbier,(6)
gdc,kscv.0,9277,10430,Barbier,barbier,bin,VAFIN,sein,12864,,
gdc,kscv.0,9277,10430,Barbier,barbier,die,ART,der,12864,,
gdc,kscv.0,9277,10430,Barbier,barbier,Wissenschaft,NN,wissenschaft,12864,,
gdc,kscv.0,9277,10430,Barbier,barbier,.,$.,--,12864,,
gdc,kscv.0,9277,10430,Barbier,barbier,Ich,PPER,ich,12864,barbier,(6)
gdc,kscv.0,9277,10430,Barbier,barbier,bekomm,VVFIN,bekomm,12864,,
gdc,kscv.0,9277,10430,Barbier,barbier,für,APPR,für,12864,,
gdc,kscv.0,9277,10430,Barbier,barbier,mei,PIAT,mei,12864,,
gdc,kscv.0,9277,10430,Barbier,barbier,Wissenschaftlichkeit,NN,wissenschaftlichkeit,12864,,
gdc,kscv.0,9277,10430,Barbier,barbier,alle,PIAT,aller,12864,,
gdc,kscv.0,9277,10430,Barbier,barbier,Woche,NN,woche,12864,,
gdc,kscv.0,9277,10430,Barbier,barbier,ein,ART,ein,12864,,
gdc,kscv.0,9277,10430,Barbier,barbier,halbe,ADJA,halb,12864,,
gdc,kscv.0,9277,10430,Barbier,barbier,Gulden,NN,gulden,12864,,
gdc,kscv.0,9277,10430,Barbier,barbier,",","$,",--,12864,,
gdc,kscv.0,9277,10430,Barbier,barbier,schlag,VVFIN,schliegen,12864,,
gdc,kscv.0,9277,10430,Barbier,barbier,Er,PPER,er,12864,,
gdc,kscv.0,9277,10430,Barbier,barbier,mich,PRF,mich,12864,barbier,(6)
gdc,kscv.0,9277,10430,Barbier,barbier,nicht,PTKNEG,nicht,12864,,
gdc,kscv.0,9277,10430,Barbier,barbier,grad,ADJD,grad,12864,,
gdc,kscv.0,9277,10430,Barbier,barbier,oder,KON,oder,12864,,
gdc,kscv.0,9277,10430,Barbier,barbier,ich,PPER,ich,12864,barbier,(6)
gdc,kscv.0,9277,10430,Barbier,barbier,muß,VMFIN,müssen,12864,,
gdc,kscv.0,9277,10430,Barbier,barbier,verhungern,VVINF,verhungern,12864,,
gdc,kscv.0,9277,10430,Barbier,barbier,.,$.,--,12864,,
gdc,kscv.0,9277,10430,Barbier,barbier,Ich,PPER,ich,12864,barbier,(6)
gdc,kscv.0,9277,10430,Barbier,barbier,bin,VAFIN,sein,12864,,
gdc,kscv.0,9277,10430,Barbier,barbier,eine,ART,ein,12864,,
gdc,kscv.0,9277,10430,Barbier,barbier,Spinosa,NN,spinosa,12864,,
gdc,kscv.0,9277,10430,Barbier,barbier,pericyclyda,ADJD,pericyclyda,12864,,
gdc,kscv.0,9277,10430,Barbier,barbier,;,$.,--,12864,,
gdc,kscv.0,9277,10430,Barbier,barbier,ich,PPER,ich,12864,barbier,(6)
gdc,kscv.0,9277,10430,Barbier,barbier,hab,VVFIN,hab,12864,,
gdc,kscv.0,9277,10430,Barbier,barbier,ein,ART,ein,12864,,
gdc,kscv.0,9277,10430,Barbier,barbier,lateinischen,ADJA,lateinisch,12864,,
gdc,kscv.0,9277,10430,Barbier,barbier,Rücken,NN,rücken,12864,,
gdc,kscv.0,9277,10430,Barbier,barbier,.,$.,--,12864,,
gdc,kscv.0,9277,10430,Barbier,barbier,Ich,PPER,ich,12864,barbier,(6)
gdc,kscv.0,9277,10430,Barbier,barbier,bin,VAFIN,sein,12864,,
gdc,kscv.0,9277,10430,Barbier,barbier,ein,ART,ein,12864,,
gdc,kscv.0,9277,10430,Barbier,barbier,lebendiges,ADJA,lebendig,12864,,
gdc,kscv.0,9277,10430,Barbier,barbier,Skelett,NN,skelett,12864,,
gdc,kscv.0,9277,10430,Barbier,barbier,.,$.,--,12864,,
gdc,kscv.0,9277,10430,Barbier,barbier,Die,ART,der,12864,,
gdc,kscv.0,9277,10430,Barbier,barbier,ganze,ADJA,ganz,12864,,
gdc,kscv.0,9277,10430,Barbier,barbier,Menschheit,NN,menschheit,12864,,
gdc,kscv.0,9277,10430,Barbier,barbier,studirt,VVFIN,studiren,12864,,
gdc,kscv.0,9277,10430,Barbier,barbier,an,APPR,an,12864,,
gdc,kscv.0,9277,10430,Barbier,barbier,mir,PPER,sich,12864,barbier,(6)
gdc,kscv.0,9277,10430,Barbier,barbier,.,$.,--,12864,,
gdc,kscv.0,9277,10430,Barbier,barbier,Was,PWS,was,12864,,
gdc,kscv.0,9277,10430,Barbier,barbier,ist,VAFIN,sein,12864,,
gdc,kscv.0,9277,10430,Barbier,barbier,der,ART,der,12864,,
gdc,kscv.0,9277,10430,Barbier,barbier,Mensch,NN,mensch,12864,,
gdc,kscv.0,9277,10430,Barbier,barbier,?,$.,--,12864,,
gdc,kscv.0,9277,10430,Barbier,barbier,Knochen,NE,knochen,12864,,
gdc,kscv.0,9277,10430,Barbier,barbier,"!",$.,--,12864,,
gdc,kscv.0,9277,10430,Barbier,barbier,Staub,NN,staub,12864,,
gdc,kscv.0,9277,10430,Barbier,barbier,",","$,",--,12864,,
gdc,kscv.0,9277,10430,Barbier,barbier,Sand,NN,sand,12864,,
gdc,kscv.0,9277,10430,Barbier,barbier,",","$,",--,12864,,
gdc,kscv.0,9277,10430,Barbier,barbier,Dreck,NN,dreck,12864,,
gdc,kscv.0,9277,10430,Barbier,barbier,.,$.,--,12864,,
gdc,kscv.0,9277,10430,Barbier,barbier,Was,PWS,was,12864,,
gdc,kscv.0,9277,10430,Barbier,barbier,ist,VAFIN,sein,12864,,
gdc,kscv.0,9277,10430,Barbier,barbier,die,ART,der,12864,,
gdc,kscv.0,9277,10430,Barbier,barbier,Natur,NN,natur,12864,,
gdc,kscv.0,9277,10430,Barbier,barbier,?,$.,--,12864,,
gdc,kscv.0,9277,10430,Barbier,barbier,Staub,NN,staub,12864,,
gdc,kscv.0,9277,10430,Barbier,barbier,",","$,",--,12864,,
gdc,kscv.0,9277,10430,Barbier,barbier,Sand,NN,sand,12864,,
gdc,kscv.0,9277,10430,Barbier,barbier,",","$,",--,12864,,
gdc,kscv.0,9277,10430,Barbier,barbier,Dreck,NN,dreck,12864,,
gdc,kscv.0,9277,10430,Barbier,barbier,.,$.,--,12864,,
gdc,kscv.0,9277,10430,Barbier,barbier,Aber,KON,aber,12864,,
gdc,kscv.0,9277,10430,Barbier,barbier,die,ART,der,12864,,
gdc,kscv.0,9277,10430,Barbier,barbier,dummen,ADJA,dumm,12864,,
gdc,kscv.0,9277,10430,Barbier,barbier,Menschen,NN,mensch,12864,,
gdc,kscv.0,9277,10430,Barbier,barbier,",","$,",--,12864,,
gdc,kscv.0,9277,10430,Barbier,barbier,die,PRELS,der,12864,,
gdc,kscv.0,9277,10430,Barbier,barbier,dummen,VVFIN,dumm,12864,,
gdc,kscv.0,9277,10430,Barbier,barbier,Menschen,NN,mensch,12864,,
gdc,kscv.0,9277,10430,Barbier,barbier,.,$.,--,12864,,
gdc,kscv.0,9277,10430,Barbier,barbier,Wir,PPER,wir,12864,,
gdc,kscv.0,9277,10430,Barbier,barbier,müssen,VMFIN,müssen,12864,,
gdc,kscv.0,9277,10430,Barbier,barbier,Freunde,NN,freund,12864,,
gdc,kscv.0,9277,10430,Barbier,barbier,seyn,VVINF,seyn,12864,,
gdc,kscv.0,9277,10430,Barbier,barbier,.,$.,--,12864,,
gdc,kscv.0,9277,10430,Barbier,barbier,Wenn,KOUS,wenn,12864,,
gdc,kscv.0,9277,10430,Barbier,barbier,Ihr,PPER,ihr,12864,,
gdc,kscv.0,9277,10430,Barbier,barbier,keine,PIAT,kein,12864,,
gdc,kscv.0,9277,10430,Barbier,barbier,Courage,NN,courage,12864,,
gdc,kscv.0,9277,10430,Barbier,barbier,hättet,VVFIN,hätten,12864,,
gdc,kscv.0,9277,10430,Barbier,barbier,gäb,KOKOM,geben,12864,,
gdc,kscv.0,9277,10430,Barbier,barbier,es,PPER,es,12864,,
gdc,kscv.0,9277,10430,Barbier,barbier,keine,PIAT,kein,12864,,
gdc,kscv.0,9277,10430,Barbier,barbier,Wissenschaft,NN,wissenschaft,12864,,
gdc,kscv.0,9277,10430,Barbier,barbier,.,$.,--,12864,,
gdc,kscv.0,9277,10430,Barbier,barbier,Nur,ADV,nur,12864,,
gdc,kscv.0,9277,10430,Barbier,barbier,Natur,NN,natur,12864,,
gdc,kscv.0,9277,10430,Barbier,barbier,",","$,",--,12864,,
gdc,kscv.0,9277,10430,Barbier,barbier,keine,PIAT,kein,12864,,
gdc,kscv.0,9277,10430,Barbier,barbier,Amputation,NN,amputation,12864,,
gdc,kscv.0,9277,10430,Barbier,barbier,",","$,",--,12864,,
gdc,kscv.0,9277,10430,Barbier,barbier,[,$.,[,12864,,
gdc,kscv.0,9277,10430,Barbier,barbier,?,$.,--,12864,,
gdc,kscv.0,9277,10430,Barbier,barbier,?,$.,--,12864,,
gdc,kscv.0,9277,10430,Barbier,barbier,],XY,],12864,,
gdc,kscv.0,9277,10430,Barbier,barbier,.,$.,--,12864,,
gdc,kscv.0,9277,10430,Barbier,barbier,Was,PWS,was,12864,,
gdc,kscv.0,9277,10430,Barbier,barbier,ist,VAFIN,sein,12864,,
gdc,kscv.0,9277,10430,Barbier,barbier,das,PDS,der,12864,,
gdc,kscv.0,9277,10430,Barbier,barbier,?,$.,--,12864,,
gdc,kscv.0,9277,10430,Barbier,barbier,Bein,NN,bein,12864,,
gdc,kscv.0,9277,10430,Barbier,barbier,",","$,",--,12864,,
gdc,kscv.0,9277,10430,Barbier,barbier,Arm,NN,arm,12864,,
gdc,kscv.0,9277,10430,Barbier,barbier,",","$,",--,12864,,
gdc,kscv.0,9277,10430,Barbier,barbier,Fleisch,NN,fleisch,12864,,
gdc,kscv.0,9277,10430,Barbier,barbier,",","$,",--,12864,,
gdc,kscv.0,9277,10430,Barbier,barbier,Knochen,NN,knochen,12864,,
gdc,kscv.0,9277,10430,Barbier,barbier,",","$,",--,12864,,
gdc,kscv.0,9277,10430,Barbier,barbier,Adern,NN,ader,12864,,
gdc,kscv.0,9277,10430,Barbier,barbier,?,$.,--,12864,,
gdc,kscv.0,9277,10430,Barbier,barbier,Was,PWS,was,12864,,
gdc,kscv.0,9277,10430,Barbier,barbier,ist,VAFIN,sein,12864,,
gdc,kscv.0,9277,10430,Barbier,barbier,das,PDS,der,12864,,
gdc,kscv.0,9277,10430,Barbier,barbier,?,$.,--,12864,,
gdc,kscv.0,9277,10430,Barbier,barbier,Dreck,NN,dreck,12864,,
gdc,kscv.0,9277,10430,Barbier,barbier,?,$.,--,12864,,
gdc,kscv.0,9277,10430,Barbier,barbier,Was,PWS,was,12864,,
gdc,kscv.0,9277,10430,Barbier,barbier,steckt,VVFIN,stecken,12864,,
gdc,kscv.0,9277,10430,Barbier,barbier,',$(,--,12864,,
gdc,kscv.0,9277,10430,Barbier,barbier,s,PPER,--,12864,,
gdc,kscv.0,9277,10430,Barbier,barbier,im,APPRART,in,12864,,
gdc,kscv.0,9277,10430,Barbier,barbier,Dreck,NN,dreck,12864,,
gdc,kscv.0,9277,10430,Barbier,barbier,?,$.,--,12864,,
gdc,kscv.0,9277,10430,Barbier,barbier,Laß,KOUS,lassen,12864,,
gdc,kscv.0,9277,10430,Barbier,barbier,ich,PPER,ich,12864,barbier,(6)
gdc,kscv.0,9277,10430,Barbier,barbier,den,ART,der,12864,,
gdc,kscv.0,9277,10430,Barbier,barbier,Arm,NN,arm,12864,,
gdc,kscv.0,9277,10430,Barbier,barbier,so,ADV,so,12864,,
gdc,kscv.0,9277,10430,Barbier,barbier,abschneide,VVFIN,abschneide,12864,,
gdc,kscv.0,9277,10430,Barbier,barbier,?,$.,--,12864,,
gdc,kscv.0,9277,10430,Barbier,barbier,nein,PTKANT,nein,12864,,
gdc,kscv.0,9277,10430,Barbier,barbier,.,$.,--,12864,,
gdc,kscv.0,9277,10430,Barbier,barbier,Der,ART,der,12864,,
gdc,kscv.0,9277,10430,Barbier,barbier,Mensch,NN,mensch,12864,,
gdc,kscv.0,9277,10430,Barbier,barbier,ist,VAFIN,sein,12864,,
gdc,kscv.0,9277,10430,Barbier,barbier,egoistisch,ADJD,egoistisch,12864,,
gdc,kscv.0,9277,10430,Barbier,barbier,",","$,",--,12864,,
gdc,kscv.0,9277,10430,Barbier,barbier,aber,ADV,aber,12864,,
gdc,kscv.0,9277,10430,Barbier,barbier,haut,VVFIN,hauen,12864,,
gdc,kscv.0,9277,10430,Barbier,barbier,",","$,",--,12864,,
gdc,kscv.0,9277,10430,Barbier,barbier,schießt,VVFIN,schießen,12864,,
gdc,kscv.0,9277,10430,Barbier,barbier,",","$,",--,12864,,
gdc,kscv.0,9277,10430,Barbier,barbier,sticht,VVFIN,stechen,12864,,
gdc,kscv.0,9277,10430,Barbier,barbier,",","$,",--,12864,,
gdc,kscv.0,9277,10430,Barbier,barbier,hurt,VVFIN,huren,12864,,
gdc,kscv.0,9277,10430,Barbier,barbier,.,$.,--,12864,,
gdc,kscv.0,9277,10430,Barbier,barbier,Wir,PPER,wir,12864,,
gdc,kscv.0,9277,10430,Barbier,barbier,müssen,VMFIN,müssen,12864,,
gdc,kscv.0,9277,10430,Barbier,barbier,.,$.,--,12864,,
gdc,kscv.0,9277,10430,Barbier,barbier,Freunde,NN,freund,12864,,
gdc,kscv.0,9277,10430,Barbier,barbier,ich,PPER,ich,12864,barbier,(6)
gdc,kscv.0,9277,10430,Barbier,barbier,bin,VAFIN,sein,12864,,
gdc,kscv.0,9277,10430,Barbier,barbier,gerührt,VVPP,rühren,12864,,
gdc,kscv.0,9277,10430,Barbier,barbier,.,$.,--,12864,,
gdc,kscv.0,9277,10430,Barbier,barbier,Seht,VVFIN,sehen,12864,,
gdc,kscv.0,9277,10430,Barbier,barbier,ich,PPER,ich,12864,barbier,(6)
gdc,kscv.0,9277,10430,Barbier,barbier,wollte,VMFIN,wollen,12864,,
gdc,kscv.0,9277,10430,Barbier,barbier,unsre,ADJA,unsr,12864,,
gdc,kscv.0,9277,10430,Barbier,barbier,Nasen,NN,nase,12864,,
gdc,kscv.0,9277,10430,Barbier,barbier,wärn,ADV,wärn,12864,,
gdc,kscv.0,9277,10430,Barbier,barbier,zwei,CARD,zwei,12864,,
gdc,kscv.0,9277,10430,Barbier,barbier,Bouteillen,NN,bouteille,12864,,
gdc,kscv.0,9277,10430,Barbier,barbier,und,KON,und,12864,,
gdc,kscv.0,9277,10430,Barbier,barbier,wir,PPER,wir,12864,,
gdc,kscv.0,9277,10430,Barbier,barbier,könnten,VMFIN,können,12864,,
gdc,kscv.0,9277,10430,Barbier,barbier,sie,PPER,sie,12864,,
gdc,kscv.0,9277,10430,Barbier,barbier,uns,PRF,uns,12864,,
gdc,kscv.0,9277,10430,Barbier,barbier,einander,PRF,einander,12864,,
gdc,kscv.0,9277,10430,Barbier,barbier,in,APPR,in,12864,,
gdc,kscv.0,9277,10430,Barbier,barbier,den,ART,der,12864,,
gdc,kscv.0,9277,10430,Barbier,barbier,Hals,NN,hals,12864,,
gdc,kscv.0,9277,10430,Barbier,barbier,gießen,VVFIN,gassen,12864,,
gdc,kscv.0,9277,10430,Barbier,barbier,.,$.,--,12864,,
gdc,kscv.0,9277,10430,Barbier,barbier,Ach,ITJ,ach,12864,,
gdc,kscv.0,9277,10430,Barbier,barbier,was,PWS,was,12864,,
gdc,kscv.0,9277,10430,Barbier,barbier,die,ART,der,12864,,
gdc,kscv.0,9277,10430,Barbier,barbier,Welt,NN,welt,12864,,
gdc,kscv.0,9277,10430,Barbier,barbier,schön,ADJD,schön,12864,,
gdc,kscv.0,9277,10430,Barbier,barbier,ist,VAFIN,sein,12864,,
gdc,kscv.0,9277,10430,Barbier,barbier,"!",$.,--,12864,,
gdc,kscv.0,9277,10430,Barbier,barbier,Freund,NN,freund,12864,,
gdc,kscv.0,9277,10430,Barbier,barbier,"!",$.,--,12864,,
gdc,kscv.0,9277,10430,Barbier,barbier,ein,ART,ein,12864,,
gdc,kscv.0,9277,10430,Barbier,barbier,Freund,NN,freund,12864,,
gdc,kscv.0,9277,10430,Barbier,barbier,"!",$.,--,12864,,
gdc,kscv.0,9277,10430,Barbier,barbier,Die,ART,der,12864,,
gdc,kscv.0,9277,10430,Barbier,barbier,Welt,NN,welt,12864,,
gdc,kscv.0,9277,10430,Barbier,barbier,"!",$.,--,12864,,
gdc,kscv.0,9277,10430,Barbier,barbier,Seht,VVFIN,sehen,12864,,
gdc,kscv.0,9277,10430,Barbier,barbier,die,ART,der,12864,,
gdc,kscv.0,9277,10430,Barbier,barbier,Sonn,NE,sonn,12864,,
gdc,kscv.0,9277,10430,Barbier,barbier,kommt,VVFIN,kommen,12864,,
gdc,kscv.0,9277,10430,Barbier,barbier,zwischen,APPR,zwischen,12864,,
gdc,kscv.0,9277,10430,Barbier,barbier,de,NE,de,12864,,
gdc,kscv.0,9277,10430,Barbier,barbier,Wolke,NE,wolke,12864,,
gdc,kscv.0,9277,10430,Barbier,barbier,hervor,PTKVZ,hervor,12864,,
gdc,kscv.0,9277,10430,Barbier,barbier,",","$,",--,12864,,
gdc,kscv.0,9277,10430,Barbier,barbier,als,KOKOM,als,12864,,
gdc,kscv.0,9277,10430,Barbier,barbier,würd,VAFIN,würd,12864,,
gdc,kscv.0,9277,10430,Barbier,barbier,e,PPER,E,12864,,
gdc,kscv.0,9277,10430,Barbier,barbier,potchambre,ADJA,potchambr,12864,,
gdc,kscv.0,9277,10430,Barbier,barbier,ausgeschütt,ADJD,ausgeschütt,12864,,
gdc,kscv.0,9277,10430,Barbier,barbier,.,$.,--,12864,,
gdc,kscv.0,10525,10550,Andres,andres,Was,PWS,was,12864,,
gdc,kscv.0,10525,10550,Andres,andres,machst,VVFIN,machen,12864,,
gdc,kscv.0,10525,10550,Andres,andres,du,PPER,du,12864,,
gdc,kscv.0,10525,10550,Andres,andres,da,PTKVZ,da,12864,,
gdc,kscv.0,10525,10550,Andres,andres,?,$.,--,12864,,
gdc,kscv.0,10555,10590,Woyzeck,woyzeck,Wieviel,PWAT,wieviel,12864,,
gdc,kscv.0,10555,10590,Woyzeck,woyzeck,Uhr,NN,uhr,12864,,
gdc,kscv.0,10555,10590,Woyzeck,woyzeck,ist,VAFIN,sein,12864,,
gdc,kscv.0,10555,10590,Woyzeck,woyzeck,',$(,--,12864,,
gdc,kscv.0,10555,10590,Woyzeck,woyzeck,s,PPER,--,12864,,
gdc,kscv.0,10555,10590,Woyzeck,woyzeck,?,$.,--,12864,,
gdc,kscv.0,10595,10608,Andres,andres,–,XY,–,12864,,
gdc,kscv.0,10595,10608,Andres,andres,–,XY,–,12864,,
gdc,kscv.0,10595,10608,Andres,andres,–,XY,–,12864,,
gdc,kscv.0,10613,10719,Woyzeck,woyzeck,Is,PPER,is,12864,,
gdc,kscv.0,10613,10719,Woyzeck,woyzeck,noch,ADV,noch,12864,,
gdc,kscv.0,10613,10719,Woyzeck,woyzeck,nicht,PTKNEG,nicht,12864,,
gdc,kscv.0,10613,10719,Woyzeck,woyzeck,mehr,ADV,mehr,12864,,
gdc,kscv.0,10613,10719,Woyzeck,woyzeck,?,$.,--,12864,,
gdc,kscv.0,10613,10719,Woyzeck,woyzeck,Ich,PPER,ich,12864,woyzeck,(1)
gdc,kscv.0,10613,10719,Woyzeck,woyzeck,meint,VVFIN,meinen,12864,,
gdc,kscv.0,10613,10719,Woyzeck,woyzeck,',$(,--,12864,,
gdc,kscv.0,10613,10719,Woyzeck,woyzeck,es,PPER,es,12864,,
gdc,kscv.0,10613,10719,Woyzeck,woyzeck,müßt,VMFIN,müssen,12864,,
gdc,kscv.0,10613,10719,Woyzeck,woyzeck,schneller,ADJD,schnell,12864,,
gdc,kscv.0,10613,10719,Woyzeck,woyzeck,gehn,VVPP,gehn,12864,,
gdc,kscv.0,10613,10719,Woyzeck,woyzeck,.,$.,--,12864,,
gdc,kscv.0,10613,10719,Woyzeck,woyzeck,Ich,PPER,ich,12864,woyzeck,(1)
gdc,kscv.0,10613,10719,Woyzeck,woyzeck,wollt,VMFIN,wollen,12864,,
gdc,kscv.0,10613,10719,Woyzeck,woyzeck,es,PPER,es,12864,,
gdc,kscv.0,10613,10719,Woyzeck,woyzeck,wär,VAFIN,sein,12864,,
gdc,kscv.0,10613,10719,Woyzeck,woyzeck,übermorgen,ADJA,übermorgen,12864,,
gdc,kscv.0,10613,10719,Woyzeck,woyzeck,Abend,NN,abend,12864,,
gdc,kscv.0,10613,10719,Woyzeck,woyzeck,.,$.,--,12864,,
gdc,kscv.0,10725,10739,Andres,andres,Warum,PWAV,warum,12864,,
gdc,kscv.0,10725,10739,Andres,andres,?,$.,--,12864,,
gdc,kscv.0,10744,10779,Woyzeck,woyzeck,Dann,ADV,dann,12864,,
gdc,kscv.0,10744,10779,Woyzeck,woyzeck,wär,VAFIN,sein,12864,,
gdc,kscv.0,10744,10779,Woyzeck,woyzeck,',$(,--,12864,,
gdc,kscv.0,10744,10779,Woyzeck,woyzeck,s,PPER,--,12864,,
gdc,kscv.0,10744,10779,Woyzeck,woyzeck,vorbey,NE,vorbey,12864,,
gdc,kscv.0,10744,10779,Woyzeck,woyzeck,.,$.,--,12864,,
gdc,kscv.0,10784,10796,Andres,andres,Was,PWS,was,12864,,
gdc,kscv.0,10784,10796,Andres,andres,?,$.,--,12864,,
gdc,kscv.0,10801,10831,Woyzeck,woyzeck,Geh,XY,geh,12864,,
gdc,kscv.0,10801,10831,Woyzeck,woyzeck,dei,XY,dei,12864,,
gdc,kscv.0,10801,10831,Woyzeck,woyzeck,Wege,NN,weg,12864,,
gdc,kscv.0,10801,10831,Woyzeck,woyzeck,.,$.,--,12864,,
gdc,kscv.0,10836,10872,Andres,andres,Was,PWS,was,12864,,
gdc,kscv.0,10836,10872,Andres,andres,sizt,VVFIN,sizen,12864,,
gdc,kscv.0,10836,10872,Andres,andres,du,PPER,du,12864,,
gdc,kscv.0,10836,10872,Andres,andres,da,ADV,da,12864,,
gdc,kscv.0,10836,10872,Andres,andres,vor,APPR,vor,12864,,
gdc,kscv.0,10836,10872,Andres,andres,der,ART,der,12864,,
gdc,kscv.0,10836,10872,Andres,andres,Thür,NN,thür,12864,,
gdc,kscv.0,10836,10872,Andres,andres,?,$.,--,12864,,
gdc,kscv.0,10877,11049,Woyzeck,woyzeck,Ich,PPER,ich,12864,woyzeck,(1)
gdc,kscv.0,10877,11049,Woyzeck,woyzeck,size,VVFIN,size,12864,,
gdc,kscv.0,10877,11049,Woyzeck,woyzeck,gut,ADJD,gut,12864,,
gdc,kscv.0,10877,11049,Woyzeck,woyzeck,da,PTKVZ,da,12864,,
gdc,kscv.0,10877,11049,Woyzeck,woyzeck,",","$,",--,12864,,
gdc,kscv.0,10877,11049,Woyzeck,woyzeck,und,KON,und,12864,,
gdc,kscv.0,10877,11049,Woyzeck,woyzeck,ich,PPER,ich,12864,woyzeck,(1)
gdc,kscv.0,10877,11049,Woyzeck,woyzeck,weiß,VVFIN,weiß,12864,,
gdc,kscv.0,10877,11049,Woyzeck,woyzeck,–,PDS,–,12864,,
gdc,kscv.0,10877,11049,Woyzeck,woyzeck,aber,KON,aber,12864,,
gdc,kscv.0,10877,11049,Woyzeck,woyzeck,es,PPER,es,12864,,
gdc,kscv.0,10877,11049,Woyzeck,woyzeck,size,VVFIN,size,12864,,
gdc,kscv.0,10877,11049,Woyzeck,woyzeck,manche,PIAT,mancher,12864,,
gdc,kscv.0,10877,11049,Woyzeck,woyzeck,Leut,NN,leut,12864,,
gdc,kscv.0,10877,11049,Woyzeck,woyzeck,vor,APPR,vor,12864,,
gdc,kscv.0,10877,11049,Woyzeck,woyzeck,der,ART,der,12864,,
gdc,kscv.0,10877,11049,Woyzeck,woyzeck,Thür,NN,thür,12864,,
gdc,kscv.0,10877,11049,Woyzeck,woyzeck,und,KON,und,12864,,
gdc,kscv.0,10877,11049,Woyzeck,woyzeck,sie,PPER,sie,12864,,
gdc,kscv.0,10877,11049,Woyzeck,woyzeck,wissen,VVFIN,wissen,12864,,
gdc,kscv.0,10877,11049,Woyzeck,woyzeck,es,PPER,es,12864,,
gdc,kscv.0,10877,11049,Woyzeck,woyzeck,nicht,PTKNEG,nicht,12864,,
gdc,kscv.0,10877,11049,Woyzeck,woyzeck,:,$.,--,12864,,
gdc,kscv.0,10877,11049,Woyzeck,woyzeck,Es,PPER,es,12864,,
gdc,kscv.0,10877,11049,Woyzeck,woyzeck,wird,VAFIN,werden,12864,,
gdc,kscv.0,10877,11049,Woyzeck,woyzeck,mancher,PIS,mancher,12864,,
gdc,kscv.0,10877,11049,Woyzeck,woyzeck,mit,APPR,mit,12864,,
gdc,kscv.0,10877,11049,Woyzeck,woyzeck,den,ART,der,12864,,
gdc,kscv.0,10877,11049,Woyzeck,woyzeck,Füßen,NN,fuß,12864,,
gdc,kscv.0,10877,11049,Woyzeck,woyzeck,voran,ADV,voran,12864,,
gdc,kscv.0,10877,11049,Woyzeck,woyzeck,zur,APPRART,zu,12864,,
gdc,kscv.0,10877,11049,Woyzeck,woyzeck,Thür,NN,thür,12864,,
gdc,kscv.0,10877,11049,Woyzeck,woyzeck,n,XY,--,12864,,
gdc,kscv.0,10877,11049,Woyzeck,woyzeck,',$(,--,12864,,
gdc,kscv.0,10877,11049,Woyzeck,woyzeck,aus,APPR,aus,12864,,
gdc,kscv.0,10877,11049,Woyzeck,woyzeck,getragen,VVPP,tragen,12864,,
gdc,kscv.0,10877,11049,Woyzeck,woyzeck,"!",$.,--,12864,,
gdc,kscv.0,11054,11071,Andres,andres,Komm,NN,komm,12864,,
gdc,kscv.0,11054,11071,Andres,andres,mit,APPR,mit,12864,,
gdc,kscv.0,11054,11071,Andres,andres,"!",$.,--,12864,,
gdc,kscv.0,11076,11323,Woyzeck,woyzeck,Ich,PPER,ich,12864,woyzeck,(1)
gdc,kscv.0,11076,11323,Woyzeck,woyzeck,siz,VVFIN,siz,12864,,
gdc,kscv.0,11076,11323,Woyzeck,woyzeck,gut,ADJD,gut,12864,,
gdc,kscv.0,11076,11323,Woyzeck,woyzeck,so,ADV,so,12864,,
gdc,kscv.0,11076,11323,Woyzeck,woyzeck,und,KON,und,12864,,
gdc,kscv.0,11076,11323,Woyzeck,woyzeck,läg,ADV,läg,12864,,
gdc,kscv.0,11076,11323,Woyzeck,woyzeck,noch,ADV,noch,12864,,
gdc,kscv.0,11076,11323,Woyzeck,woyzeck,besser,ADJD,gut,12864,,
gdc,kscv.0,11076,11323,Woyzeck,woyzeck,gut,ADJD,gut,12864,,
gdc,kscv.0,11076,11323,Woyzeck,woyzeck,so,ADV,so,12864,,
gdc,kscv.0,11076,11323,Woyzeck,woyzeck,.,$.,--,12864,,
gdc,kscv.0,11076,11323,Woyzeck,woyzeck,Ja,PTKANT,ja,12864,,
gdc,kscv.0,11076,11323,Woyzeck,woyzeck,Andres,NE,andres,12864,andres,(4)
gdc,kscv.0,11076,11323,Woyzeck,woyzeck,grobe,ADJA,grob,12864,,
gdc,kscv.0,11076,11323,Woyzeck,woyzeck,Hobelspän,NN,hobelspän,12864,,
gdc,kscv.0,11076,11323,Woyzeck,woyzeck,sind,VAFIN,sein,12864,,
gdc,kscv.0,11076,11323,Woyzeck,woyzeck,ja,ADV,ja,12864,,
gdc,kscv.0,11076,11323,Woyzeck,woyzeck,auch,ADV,auch,12864,,
gdc,kscv.0,11076,11323,Woyzeck,woyzeck,noch,ADV,noch,12864,,
gdc,kscv.0,11076,11323,Woyzeck,woyzeck,Polster,NN,polster,12864,,
gdc,kscv.0,11076,11323,Woyzeck,woyzeck,.,$.,--,12864,,
gdc,kscv.0,11076,11323,Woyzeck,woyzeck,Wenn,KOUS,wenn,12864,,
gdc,kscv.0,11076,11323,Woyzeck,woyzeck,alle,PIAT,aller,12864,,
gdc,kscv.0,11076,11323,Woyzeck,woyzeck,Leut,NN,leut,12864,,
gdc,kscv.0,11076,11323,Woyzeck,woyzeck,wüßten,VVFIN,wissen,12864,,
gdc,kscv.0,11076,11323,Woyzeck,woyzeck,wieviel,PWAT,wieviel,12864,,
gdc,kscv.0,11076,11323,Woyzeck,woyzeck,Uhr,NN,uhr,12864,,
gdc,kscv.0,11076,11323,Woyzeck,woyzeck,es,PPER,es,12864,,
gdc,kscv.0,11076,11323,Woyzeck,woyzeck,ist,VAFIN,sein,12864,,
gdc,kscv.0,11076,11323,Woyzeck,woyzeck,",","$,",--,12864,,
gdc,kscv.0,11076,11323,Woyzeck,woyzeck,sie,PPER,sie,12864,,
gdc,kscv.0,11076,11323,Woyzeck,woyzeck,würde,VAFIN,werden,12864,,
gdc,kscv.0,11076,11323,Woyzeck,woyzeck,sich,PRF,sich,12864,,
gdc,kscv.0,11076,11323,Woyzeck,woyzeck,ausziehn,ADJD,ausziehn,12864,,
gdc,kscv.0,11076,11323,Woyzeck,woyzeck,",","$,",--,12864,,
gdc,kscv.0,11076,11323,Woyzeck,woyzeck,und,KON,und,12864,,
gdc,kscv.0,11076,11323,Woyzeck,woyzeck,ei,CARD,ei,12864,,
gdc,kscv.0,11076,11323,Woyzeck,woyzeck,seidens,ADV,seiden,12864,,
gdc,kscv.0,11076,11323,Woyzeck,woyzeck,Hemd,NN,hemd,12864,,
gdc,kscv.0,11076,11323,Woyzeck,woyzeck,anthun,VVINF,anthun,12864,,
gdc,kscv.0,11076,11323,Woyzeck,woyzeck,und,KON,und,12864,,
gdc,kscv.0,11076,11323,Woyzeck,woyzeck,sich,PRF,sich,12864,,
gdc,kscv.0,11076,11323,Woyzeck,woyzeck,die,ART,der,12864,,
gdc,kscv.0,11076,11323,Woyzeck,woyzeck,Hobelspän,NN,hobelspän,12864,,
gdc,kscv.0,11076,11323,Woyzeck,woyzeck,schütteln,VVINF,schütteln,12864,,
gdc,kscv.0,11076,11323,Woyzeck,woyzeck,lassen,VVINF,lassen,12864,,
gdc,kscv.0,11076,11323,Woyzeck,woyzeck,.,$.,--,12864,,
gdc,kscv.0,11328,11352,Andres,andres,Er,PPER,er,12864,,
gdc,kscv.0,11328,11352,Andres,andres,ist,VAFIN,sein,12864,,
gdc,kscv.0,11328,11352,Andres,andres,besoffen,ADJD,besoffen,12864,,
gdc,kscv.0,11328,11352,Andres,andres,.,$.,--,12864,,
gdc,kscv.0,11357,11502,Woyzeck,woyzeck,Was,PWS,was,12864,,
gdc,kscv.0,11357,11502,Woyzeck,woyzeck,liegt,VVFIN,liegen,12864,,
gdc,kscv.0,11357,11502,Woyzeck,woyzeck,denn,ADV,denn,12864,,
gdc,kscv.0,11357,11502,Woyzeck,woyzeck,da,ADV,da,12864,,
gdc,kscv.0,11357,11502,Woyzeck,woyzeck,üben,VVINF,üben,12864,,
gdc,kscv.0,11357,11502,Woyzeck,woyzeck,?,$.,--,12864,,
gdc,kscv.0,11357,11502,Woyzeck,woyzeck,Ebe,ADV,ebe,12864,,
gdc,kscv.0,11357,11502,Woyzeck,woyzeck,glänzt,VVFIN,glänzen,12864,,
gdc,kscv.0,11357,11502,Woyzeck,woyzeck,es,PPER,es,12864,,
gdc,kscv.0,11357,11502,Woyzeck,woyzeck,so,ADV,so,12864,,
gdc,kscv.0,11357,11502,Woyzeck,woyzeck,.,$.,--,12864,,
gdc,kscv.0,11357,11502,Woyzeck,woyzeck,Es,PPER,es,12864,,
gdc,kscv.0,11357,11502,Woyzeck,woyzeck,zieht,VVFIN,ziehen,12864,,
gdc,kscv.0,11357,11502,Woyzeck,woyzeck,mir,PPER,sich,12864,woyzeck,(1)
gdc,kscv.0,11357,11502,Woyzeck,woyzeck,immer,ADV,immer,12864,,
gdc,kscv.0,11357,11502,Woyzeck,woyzeck,so,ADV,so,12864,,
gdc,kscv.0,11357,11502,Woyzeck,woyzeck,zwischen,APPR,zwischen,12864,,
gdc,kscv.0,11357,11502,Woyzeck,woyzeck,de,NE,de,12864,,
gdc,kscv.0,11357,11502,Woyzeck,woyzeck,Augen,NN,auge,12864,,
gdc,kscv.0,11357,11502,Woyzeck,woyzeck,herum,PTKVZ,herum,12864,,
gdc,kscv.0,11357,11502,Woyzeck,woyzeck,.,$.,--,12864,,
gdc,kscv.0,11357,11502,Woyzeck,woyzeck,Wie,PWAV,wie,12864,,
gdc,kscv.0,11357,11502,Woyzeck,woyzeck,es,PPER,es,12864,,
gdc,kscv.0,11357,11502,Woyzeck,woyzeck,glizert,VVFIN,glizern,12864,,
gdc,kscv.0,11357,11502,Woyzeck,woyzeck,.,$.,--,12864,,
gdc,kscv.0,11357,11502,Woyzeck,woyzeck,Ich,PPER,ich,12864,woyzeck,(1)
gdc,kscv.0,11357,11502,Woyzeck,woyzeck,muß,VMFIN,müssen,12864,,
gdc,kscv.0,11357,11502,Woyzeck,woyzeck,das,ART,der,12864,,
gdc,kscv.0,11357,11502,Woyzeck,woyzeck,Ding,NN,ding,12864,,
gdc,kscv.0,11357,11502,Woyzeck,woyzeck,haben,VAINF,haben,12864,,
gdc,kscv.0,11357,11502,Woyzeck,woyzeck,.,$.,--,12864,,
gdc,kscv.0,11539,11651,Woyzeck,woyzeck,Du,PPER,du,12864,,
gdc,kscv.0,11539,11651,Woyzeck,woyzeck,sollst,VMFIN,sollen,12864,,
gdc,kscv.0,11539,11651,Woyzeck,woyzeck,nicht,PTKNEG,nicht,12864,,
gdc,kscv.0,11539,11651,Woyzeck,woyzeck,tödten,VVINF,tödten,12864,,
gdc,kscv.0,11539,11651,Woyzeck,woyzeck,.,$.,--,12864,,
gdc,kscv.0,11539,11651,Woyzeck,woyzeck,Lieg,NN,lieg,12864,,
gdc,kscv.0,11539,11651,Woyzeck,woyzeck,da,ADV,da,12864,,
gdc,kscv.0,11539,11651,Woyzeck,woyzeck,"!",$.,--,12864,,
gdc,kscv.0,11539,11651,Woyzeck,woyzeck,Fort,NN,fort,12864,,
gdc,kscv.0,11539,11651,Woyzeck,woyzeck,"!",$.,--,12864,,
gdc,kscv.0,11734,11764,Woyzeck,woyzeck,Andres,NE,andres,12864,andres,(4)
gdc,kscv.0,11734,11764,Woyzeck,woyzeck,"!",$.,--,12864,,
gdc,kscv.0,11769,11800,Andres,andres,Da,KOUS,da,12864,,
gdc,kscv.0,11769,11800,Andres,andres,–,PPER,–,12864,,
gdc,kscv.0,11769,11800,Andres,andres,halt,VVFIN,halt,12864,,
gdc,kscv.0,11769,11800,Andres,andres,"!",$.,--,12864,,
gdc,kscv.0,11769,11800,Andres,andres,–,XY,–,12864,,
gdc,kscv.0,11769,11800,Andres,andres,Ich,PPER,ich,12864,andres,(4)
gdc,kscv.0,11805,11832,Woyzeck,woyzeck,He,NE,--,12864,,
gdc,kscv.0,11805,11832,Woyzeck,woyzeck,Andres,NE,andres,12864,andres,(4)
gdc,kscv.0,11805,11832,Woyzeck,woyzeck,"!",$.,--,12864,,
gdc,kscv.0,11837,11849,Andres,andres,Wie,PWAV,wie,12864,,
gdc,kscv.0,11837,11849,Andres,andres,?,$.,--,12864,,
gdc,kscv.0,11854,11896,Woyzeck,woyzeck,Ich,PPER,ich,12864,woyzeck,(1)
gdc,kscv.0,11854,11896,Woyzeck,woyzeck,hab,VVFIN,hab,12864,,
gdc,kscv.0,11854,11896,Woyzeck,woyzeck,kei,PIAT,kei,12864,,
gdc,kscv.0,11854,11896,Woyzeck,woyzeck,Ruhe,NN,ruhe,12864,,
gdc,kscv.0,11854,11896,Woyzeck,woyzeck,"!",$.,--,12864,,
gdc,kscv.0,11854,11896,Woyzeck,woyzeck,Andres,NE,andres,12864,andres,(4)
gdc,kscv.0,11854,11896,Woyzeck,woyzeck,.,$.,--,12864,,
gdc,kscv.0,11901,11929,Andres,andres,Drückt,VVFIN,drücken,12864,,
gdc,kscv.0,11901,11929,Andres,andres,dich,PPER,dich,12864,,
gdc,kscv.0,11901,11929,Andres,andres,der,ART,der,12864,,
gdc,kscv.0,11901,11929,Andres,andres,Alp,NN,alp,12864,,
gdc,kscv.0,11901,11929,Andres,andres,?,$.,--,12864,,
gdc,kscv.0,11934,12196,Woyzeck,woyzeck,Draußen,ADV,draußen,12864,,
gdc,kscv.0,11934,12196,Woyzeck,woyzeck,liegt,VVFIN,liegen,12864,,
gdc,kscv.0,11934,12196,Woyzeck,woyzeck,was,PIS,was,12864,,
gdc,kscv.0,11934,12196,Woyzeck,woyzeck,.,$.,--,12864,,
gdc,kscv.0,11934,12196,Woyzeck,woyzeck,Im,APPRART,in,12864,,
gdc,kscv.0,11934,12196,Woyzeck,woyzeck,Boden,NN,boden,12864,,
gdc,kscv.0,11934,12196,Woyzeck,woyzeck,.,$.,--,12864,,
gdc,kscv.0,11934,12196,Woyzeck,woyzeck,Sie,PPER,sie,12864,,
gdc,kscv.0,11934,12196,Woyzeck,woyzeck,deuten,VVFIN,deuten,12864,,
gdc,kscv.0,11934,12196,Woyzeck,woyzeck,immer,ADV,immer,12864,,
gdc,kscv.0,11934,12196,Woyzeck,woyzeck,drauf,PROAV,drauf,12864,,
gdc,kscv.0,11934,12196,Woyzeck,woyzeck,hin,PTKVZ,hin,12864,,
gdc,kscv.0,11934,12196,Woyzeck,woyzeck,und,KON,und,12864,,
gdc,kscv.0,11934,12196,Woyzeck,woyzeck,hörst,VVFIN,hören,12864,,
gdc,kscv.0,11934,12196,Woyzeck,woyzeck,du,PPER,du,12864,,
gdc,kscv.0,11934,12196,Woyzeck,woyzeck,',$(,--,12864,,
gdc,kscv.0,11934,12196,Woyzeck,woyzeck,s,PPER,--,12864,,
gdc,kscv.0,11934,12196,Woyzeck,woyzeck,jezt,VVFIN,jezen,12864,,
gdc,kscv.0,11934,12196,Woyzeck,woyzeck,",","$,",--,12864,,
gdc,kscv.0,11934,12196,Woyzeck,woyzeck,und,KON,und,12864,,
gdc,kscv.0,11934,12196,Woyzeck,woyzeck,jezt,VVFIN,jezt,12864,,
gdc,kscv.0,11934,12196,Woyzeck,woyzeck,",","$,",--,12864,,
gdc,kscv.0,11934,12196,Woyzeck,woyzeck,wie,PWAV,wie,12864,,
gdc,kscv.0,11934,12196,Woyzeck,woyzeck,sie,PPER,sie,12864,,
gdc,kscv.0,11934,12196,Woyzeck,woyzeck,in,APPR,in,12864,,
gdc,kscv.0,11934,12196,Woyzeck,woyzeck,den,ART,der,12864,,
gdc,kscv.0,11934,12196,Woyzeck,woyzeck,Wänden,NN,wand,12864,,
gdc,kscv.0,11934,12196,Woyzeck,woyzeck,klopfen,VVINF,klopfen,12864,,
gdc,kscv.0,11934,12196,Woyzeck,woyzeck,?,$.,--,12864,,
gdc,kscv.0,11934,12196,Woyzeck,woyzeck,eben,ADV,eben,12864,,
gdc,kscv.0,11934,12196,Woyzeck,woyzeck,hat,VAFIN,haben,12864,,
gdc,kscv.0,11934,12196,Woyzeck,woyzeck,einer,PIS,ein,12864,,
gdc,kscv.0,11934,12196,Woyzeck,woyzeck,zum,APPRART,zu,12864,,
gdc,kscv.0,11934,12196,Woyzeck,woyzeck,Fenster,NN,fenster,12864,,
gdc,kscv.0,11934,12196,Woyzeck,woyzeck,hereingeguckt,VVPP,hereingucken,12864,,
gdc,kscv.0,11934,12196,Woyzeck,woyzeck,.,$.,--,12864,,
gdc,kscv.0,11934,12196,Woyzeck,woyzeck,Hörst,VVFIN,hörst,12864,,
gdc,kscv.0,11934,12196,Woyzeck,woyzeck,du,PPER,du,12864,,
gdc,kscv.0,11934,12196,Woyzeck,woyzeck,',$(,--,12864,,
gdc,kscv.0,11934,12196,Woyzeck,woyzeck,s,PPER,--,12864,,
gdc,kscv.0,11934,12196,Woyzeck,woyzeck,nicht,PTKNEG,nicht,12864,,
gdc,kscv.0,11934,12196,Woyzeck,woyzeck,?,$.,--,12864,,
gdc,kscv.0,11934,12196,Woyzeck,woyzeck,Ich,PPER,ich,12864,woyzeck,(1)
gdc,kscv.0,11934,12196,Woyzeck,woyzeck,hör,VAFIN,hör,12864,,
gdc,kscv.0,11934,12196,Woyzeck,woyzeck,',$(,--,12864,,
gdc,kscv.0,11934,12196,Woyzeck,woyzeck,s,PPER,--,12864,,
gdc,kscv.0,11934,12196,Woyzeck,woyzeck,den,ART,der,12864,,
gdc,kscv.0,11934,12196,Woyzeck,woyzeck,ganzen,ADJA,ganz,12864,,
gdc,kscv.0,11934,12196,Woyzeck,woyzeck,Tag,NN,tag,12864,,
gdc,kscv.0,11934,12196,Woyzeck,woyzeck,.,$.,--,12864,,
gdc,kscv.0,11934,12196,Woyzeck,woyzeck,Immer,ADV,immer,12864,,
gdc,kscv.0,11934,12196,Woyzeck,woyzeck,zu,PTKVZ,zu,12864,,
gdc,kscv.0,11934,12196,Woyzeck,woyzeck,.,$.,--,12864,,
gdc,kscv.0,11934,12196,Woyzeck,woyzeck,Stich,NN,stich,12864,,
gdc,kscv.0,11934,12196,Woyzeck,woyzeck,"!",$.,--,12864,,
gdc,kscv.0,11934,12196,Woyzeck,woyzeck,stich,ADJD,stich,12864,,
gdc,kscv.0,11934,12196,Woyzeck,woyzeck,die,ART,der,12864,,
gdc,kscv.0,11934,12196,Woyzeck,woyzeck,Woyzecke,NN,woyzecke,12864,,
gdc,kscv.0,11934,12196,Woyzeck,woyzeck,todt,NE,todt,12864,,
gdc,kscv.0,11934,12196,Woyzeck,woyzeck,.,$.,--,12864,,
gdc,kscv.0,12202,12322,Andres,andres,Leg,XY,leg,12864,,
gdc,kscv.0,12202,12322,Andres,andres,dich,PRF,dich,12864,,
gdc,kscv.0,12202,12322,Andres,andres,Louis,NE,louis,12864,,
gdc,kscv.0,12202,12322,Andres,andres,[,NE,[,12864,,
gdc,kscv.0,12202,12322,Andres,andres,Woyzeck,NE,woyzeck,12864,woyzeck,(1)
gdc,kscv.0,12202,12322,Andres,andres,],NE,],12864,,
gdc,kscv.0,12202,12322,Andres,andres,.,$.,--,12864,,
gdc,kscv.0,12202,12322,Andres,andres,Du,PPER,du,12864,,
gdc,kscv.0,12202,12322,Andres,andres,mußt,VMFIN,mussen,12864,,
gdc,kscv.0,12202,12322,Andres,andres,ins,APPRART,in,12864,,
gdc,kscv.0,12202,12322,Andres,andres,Lazareth,NE,lazareth,12864,,
gdc,kscv.0,12202,12322,Andres,andres,.,$.,--,12864,,
gdc,kscv.0,12202,12322,Andres,andres,Du,PPER,du,12864,,
gdc,kscv.0,12202,12322,Andres,andres,mußt,VMFIN,mussen,12864,,
gdc,kscv.0,12202,12322,Andres,andres,Schnaps,NN,schnaps,12864,,
gdc,kscv.0,12202,12322,Andres,andres,trinke,VVINF,trinken,12864,,
gdc,kscv.0,12202,12322,Andres,andres,und,KON,und,12864,,
gdc,kscv.0,12202,12322,Andres,andres,Pulver,NN,pulver,12864,,
gdc,kscv.0,12202,12322,Andres,andres,drin,ADV,drin,12864,,
gdc,kscv.0,12202,12322,Andres,andres,",","$,",--,12864,,
gdc,kscv.0,12202,12322,Andres,andres,das,PDS,der,12864,,
gdc,kscv.0,12202,12322,Andres,andres,schneidt,VVFIN,schneidt,12864,,
gdc,kscv.0,12202,12322,Andres,andres,das,ART,der,12864,,
gdc,kscv.0,12202,12322,Andres,andres,Fieber,NN,fieber,12864,,
gdc,kscv.0,12202,12322,Andres,andres,.,$.,--,12864,,
gdc,kscv.0,12391,12608,Mädchen,maedchen,Wie,PWAV,wie,12864,,
gdc,kscv.0,12391,12608,Mädchen,maedchen,scheint,VVFIN,scheinen,12864,,
gdc,kscv.0,12391,12608,Mädchen,maedchen,die,ART,der,12864,,
gdc,kscv.0,12391,12608,Mädchen,maedchen,Sonn,NN,sonn,12864,,
gdc,kscv.0,12391,12608,Mädchen,maedchen,St,NN,--,12864,,
gdc,kscv.0,12391,12608,Mädchen,maedchen,.,$.,--,12864,,
gdc,kscv.0,12391,12608,Mädchen,maedchen,Lichtmeßtag,NN,lichtmeßtag,12864,,
gdc,kscv.0,12391,12608,Mädchen,maedchen,Und,KON,und,12864,,
gdc,kscv.0,12391,12608,Mädchen,maedchen,steht,VVFIN,stehen,12864,,
gdc,kscv.0,12391,12608,Mädchen,maedchen,das,ART,der,12864,,
gdc,kscv.0,12391,12608,Mädchen,maedchen,Korn,NN,korn,12864,,
gdc,kscv.0,12391,12608,Mädchen,maedchen,im,APPRART,in,12864,,
gdc,kscv.0,12391,12608,Mädchen,maedchen,Blühn,NN,blühn,12864,,
gdc,kscv.0,12391,12608,Mädchen,maedchen,.,$.,--,12864,,
gdc,kscv.0,12391,12608,Mädchen,maedchen,Sie,PPER,sie,12864,,
gdc,kscv.0,12391,12608,Mädchen,maedchen,gingen,VVFIN,gehen,12864,,
gdc,kscv.0,12391,12608,Mädchen,maedchen,wohl,ADV,wohl,12864,,
gdc,kscv.0,12391,12608,Mädchen,maedchen,die,ART,der,12864,,
gdc,kscv.0,12391,12608,Mädchen,maedchen,Straße,NN,straße,12864,,
gdc,kscv.0,12391,12608,Mädchen,maedchen,hin,PTKVZ,hin,12864,,
gdc,kscv.0,12391,12608,Mädchen,maedchen,",","$,",--,12864,,
gdc,kscv.0,12391,12608,Mädchen,maedchen,Sie,PPER,sie,12864,,
gdc,kscv.0,12391,12608,Mädchen,maedchen,gingen,VVFIN,gehen,12864,,
gdc,kscv.0,12391,12608,Mädchen,maedchen,zu,APPR,zu,12864,,
gdc,kscv.0,12391,12608,Mädchen,maedchen,zwei,CARD,zwei,12864,,
gdc,kscv.0,12391,12608,Mädchen,maedchen,und,KON,und,12864,,
gdc,kscv.0,12391,12608,Mädchen,maedchen,zwein,ADV,zwein,12864,,
gdc,kscv.0,12391,12608,Mädchen,maedchen,.,$.,--,12864,,
gdc,kscv.0,12391,12608,Mädchen,maedchen,Die,ART,der,12864,,
gdc,kscv.0,12391,12608,Mädchen,maedchen,Pfeifer,NN,pfeifer,12864,,
gdc,kscv.0,12391,12608,Mädchen,maedchen,gingen,VVFIN,gehen,12864,,
gdc,kscv.0,12391,12608,Mädchen,maedchen,vorn,ADV,vorn,12864,,
gdc,kscv.0,12391,12608,Mädchen,maedchen,",","$,",--,12864,,
gdc,kscv.0,12391,12608,Mädchen,maedchen,Die,ART,der,12864,,
gdc,kscv.0,12391,12608,Mädchen,maedchen,Geiger,NN,geiger,12864,,
gdc,kscv.0,12391,12608,Mädchen,maedchen,hinte,VVFIN,hinen,12864,,
gdc,kscv.0,12391,12608,Mädchen,maedchen,drein,PTKVZ,drein,12864,,
gdc,kscv.0,12391,12608,Mädchen,maedchen,.,$.,--,12864,,
gdc,kscv.0,12391,12608,Mädchen,maedchen,Sie,PPER,sie,12864,,
gdc,kscv.0,12391,12608,Mädchen,maedchen,hatte,VAFIN,haben,12864,,
gdc,kscv.0,12391,12608,Mädchen,maedchen,rothe,ADJA,roth,12864,,
gdc,kscv.0,12391,12608,Mädchen,maedchen,Sock,NN,sock,12864,,
gdc,kscv.0,12391,12608,Mädchen,maedchen,.,$.,--,12864,,
gdc,kscv.0,12391,12608,Mädchen,maedchen,.,$.,--,12864,,
gdc,kscv.0,12391,12608,Mädchen,maedchen,.,$.,--,12864,,
gdc,kscv.0,12614,12640,Erstes Kind,erstes_kind,S,XY,--,12864,,
gdc,kscv.0,12614,12640,Erstes Kind,erstes_kind,',$(,--,12864,,
gdc,kscv.0,12614,12640,Erstes Kind,erstes_kind,ist,VAFIN,sein,12864,,
gdc,kscv.0,12614,12640,Erstes Kind,erstes_kind,nit,ADV,nit,12864,,
gdc,kscv.0,12614,12640,Erstes Kind,erstes_kind,schön,ADJD,schön,12864,,
gdc,kscv.0,12614,12640,Erstes Kind,erstes_kind,.,$.,--,12864,,
gdc,kscv.0,12645,12803,Zweites Kind,zweites_kind,Was,PWS,was,12864,,
gdc,kscv.0,12645,12803,Zweites Kind,zweites_kind,willst,VMFIN,wollen,12864,,
gdc,kscv.0,12645,12803,Zweites Kind,zweites_kind,du,PPER,du,12864,,
gdc,kscv.0,12645,12803,Zweites Kind,zweites_kind,auch,ADV,auch,12864,,
gdc,kscv.0,12645,12803,Zweites Kind,zweites_kind,immer,ADV,immer,12864,,
gdc,kscv.0,12645,12803,Zweites Kind,zweites_kind,"!",$.,--,12864,,
gdc,kscv.0,12645,12803,Zweites Kind,zweites_kind,Was,PWS,was,12864,,
gdc,kscv.0,12645,12803,Zweites Kind,zweites_kind,hast,VAFIN,haben,12864,,
gdc,kscv.0,12645,12803,Zweites Kind,zweites_kind,zuerst,ADV,zuerst,12864,,
gdc,kscv.0,12645,12803,Zweites Kind,zweites_kind,anfangen,ADJA,anfangen,12864,,
gdc,kscv.0,12645,12803,Zweites Kind,zweites_kind,Warum,NN,warum,12864,,
gdc,kscv.0,12645,12803,Zweites Kind,zweites_kind,?,$.,--,12864,,
gdc,kscv.0,12645,12803,Zweites Kind,zweites_kind,Ich,PPER,ich,12864,zweites_kind,(8)
gdc,kscv.0,12645,12803,Zweites Kind,zweites_kind,kann,VMFIN,können,12864,,
gdc,kscv.0,12645,12803,Zweites Kind,zweites_kind,nit,PTKVZ,nit,12864,,
gdc,kscv.0,12645,12803,Zweites Kind,zweites_kind,.,$.,--,12864,,
gdc,kscv.0,12645,12803,Zweites Kind,zweites_kind,Darum,PROAV,darum,12864,,
gdc,kscv.0,12645,12803,Zweites Kind,zweites_kind,"!",$.,--,12864,,
gdc,kscv.0,12645,12803,Zweites Kind,zweites_kind,Es,PPER,es,12864,,
gdc,kscv.0,12645,12803,Zweites Kind,zweites_kind,muß,VMFIN,müssen,12864,,
gdc,kscv.0,12645,12803,Zweites Kind,zweites_kind,singen,VVFIN,singen,12864,,
gdc,kscv.0,12645,12803,Zweites Kind,zweites_kind,Aber,NN,aber,12864,,
gdc,kscv.0,12645,12803,Zweites Kind,zweites_kind,warum,PWAV,warum,12864,,
gdc,kscv.0,12645,12803,Zweites Kind,zweites_kind,darum,PROAV,darum,12864,,
gdc,kscv.0,12645,12803,Zweites Kind,zweites_kind,?,$.,--,12864,,
gdc,kscv.0,12645,12803,Zweites Kind,zweites_kind,Magrethche,NN,magrethche,12864,,
gdc,kscv.0,12645,12803,Zweites Kind,zweites_kind,[,XY,[,12864,,
gdc,kscv.0,12645,12803,Zweites Kind,zweites_kind,Marie,NN,marie,12864,marie,(2)
gdc,kscv.0,12645,12803,Zweites Kind,zweites_kind,],FM,],12864,,
gdc,kscv.0,12645,12803,Zweites Kind,zweites_kind,sing,FM,sing,12864,,
gdc,kscv.0,12645,12803,Zweites Kind,zweites_kind,du,FM,du,12864,,
gdc,kscv.0,12645,12803,Zweites Kind,zweites_kind,uns,PPER,uns,12864,,
gdc,kscv.0,12645,12803,Zweites Kind,zweites_kind,.,$.,--,12864,,
gdc,kscv.0,12808,12912,Marie,marie,Kommt,VVFIN,kommen,12864,,
gdc,kscv.0,12808,12912,Marie,marie,ihr,PPER,ihr,12864,,
gdc,kscv.0,12808,12912,Marie,marie,klei,CARD,klei,12864,,
gdc,kscv.0,12808,12912,Marie,marie,Krabben,NN,krabbe,12864,,
gdc,kscv.0,12808,12912,Marie,marie,"!",$.,--,12864,,
gdc,kscv.0,12808,12912,Marie,marie,Ringle,NE,ringle,12864,,
gdc,kscv.0,12808,12912,Marie,marie,",","$,",--,12864,,
gdc,kscv.0,12808,12912,Marie,marie,ringel,VVFIN,ringel,12864,,
gdc,kscv.0,12808,12912,Marie,marie,Rosenkranz,NE,rosenkranz,12864,,
gdc,kscv.0,12808,12912,Marie,marie,.,$.,--,12864,,
gdc,kscv.0,12808,12912,Marie,marie,König,NN,könig,12864,,
gdc,kscv.0,12808,12912,Marie,marie,Herodes,NE,herodes,12864,,
gdc,kscv.0,12808,12912,Marie,marie,.,$.,--,12864,,
gdc,kscv.0,12808,12912,Marie,marie,Großmutter,NN,großmutter,12864,grossmutter,(9)
gdc,kscv.0,12808,12912,Marie,marie,erzähl,VVFIN,erzähl,12864,,
gdc,kscv.0,12808,12912,Marie,marie,.,$.,--,12864,,
gdc,kscv.0,12917,13638,Großmutter,grossmutter,Es,PPER,es,12864,,
gdc,kscv.0,12917,13638,Großmutter,grossmutter,war,VAFIN,sein,12864,,
gdc,kscv.0,12917,13638,Großmutter,grossmutter,eimal,ADV,eimal,12864,,
gdc,kscv.0,12917,13638,Großmutter,grossmutter,ein,ART,ein,12864,,
gdc,kscv.0,12917,13638,Großmutter,grossmutter,arm,ADJA,arm,12864,,
gdc,kscv.0,12917,13638,Großmutter,grossmutter,Kind,NN,kind,12864,,
gdc,kscv.0,12917,13638,Großmutter,grossmutter,und,KON,und,12864,,
gdc,kscv.0,12917,13638,Großmutter,grossmutter,hat,VAFIN,haben,12864,,
gdc,kscv.0,12917,13638,Großmutter,grossmutter,kei,APPR,kei,12864,,
gdc,kscv.0,12917,13638,Großmutter,grossmutter,Vater,NN,vater,12864,,
gdc,kscv.0,12917,13638,Großmutter,grossmutter,und,KON,und,12864,,
gdc,kscv.0,12917,13638,Großmutter,grossmutter,kei,APPR,kei,12864,,
gdc,kscv.0,12917,13638,Großmutter,grossmutter,Mutter,NN,mutter,12864,,
gdc,kscv.0,12917,13638,Großmutter,grossmutter,war,VAFIN,sein,12864,,
gdc,kscv.0,12917,13638,Großmutter,grossmutter,Alles,PIS,alle,12864,,
gdc,kscv.0,12917,13638,Großmutter,grossmutter,todt,ADJD,todt,12864,,
gdc,kscv.0,12917,13638,Großmutter,grossmutter,und,KON,und,12864,,
gdc,kscv.0,12917,13638,Großmutter,grossmutter,war,VAFIN,sein,12864,,
gdc,kscv.0,12917,13638,Großmutter,grossmutter,Niemand,PIS,niemand,12864,,
gdc,kscv.0,12917,13638,Großmutter,grossmutter,mehr,ADV,mehr,12864,,
gdc,kscv.0,12917,13638,Großmutter,grossmutter,auf,APPR,auf,12864,,
gdc,kscv.0,12917,13638,Großmutter,grossmutter,der,ART,der,12864,,
gdc,kscv.0,12917,13638,Großmutter,grossmutter,Welt,NN,welt,12864,,
gdc,kscv.0,12917,13638,Großmutter,grossmutter,.,$.,--,12864,,
gdc,kscv.0,12917,13638,Großmutter,grossmutter,Alles,PIS,alle,12864,,
gdc,kscv.0,12917,13638,Großmutter,grossmutter,todt,VVFIN,todt,12864,,
gdc,kscv.0,12917,13638,Großmutter,grossmutter,",","$,",--,12864,,
gdc,kscv.0,12917,13638,Großmutter,grossmutter,und,KON,und,12864,,
gdc,kscv.0,12917,13638,Großmutter,grossmutter,es,PPER,es,12864,,
gdc,kscv.0,12917,13638,Großmutter,grossmutter,ist,VAFIN,sein,12864,,
gdc,kscv.0,12917,13638,Großmutter,grossmutter,hingangen,VVPP,hingangen,12864,,
gdc,kscv.0,12917,13638,Großmutter,grossmutter,und,KON,und,12864,,
gdc,kscv.0,12917,13638,Großmutter,grossmutter,hat,VAFIN,haben,12864,,
gdc,kscv.0,12917,13638,Großmutter,grossmutter,greint,VVFIN,greinen,12864,,
gdc,kscv.0,12917,13638,Großmutter,grossmutter,Tag,NN,tag,12864,,
gdc,kscv.0,12917,13638,Großmutter,grossmutter,und,KON,und,12864,,
gdc,kscv.0,12917,13638,Großmutter,grossmutter,Nacht,NN,nacht,12864,,
gdc,kscv.0,12917,13638,Großmutter,grossmutter,.,$.,--,12864,,
gdc,kscv.0,12917,13638,Großmutter,grossmutter,Und,KON,und,12864,,
gdc,kscv.0,12917,13638,Großmutter,grossmutter,weil,KOUS,weil,12864,,
gdc,kscv.0,12917,13638,Großmutter,grossmutter,auf,APPR,auf,12864,,
gdc,kscv.0,12917,13638,Großmutter,grossmutter,der,ART,der,12864,,
gdc,kscv.0,12917,13638,Großmutter,grossmutter,Erd,NN,erd,12864,,
gdc,kscv.0,12917,13638,Großmutter,grossmutter,Niemand,PIS,niemand,12864,,
gdc,kscv.0,12917,13638,Großmutter,grossmutter,mehr,PIS,mehr,12864,,
gdc,kscv.0,12917,13638,Großmutter,grossmutter,war,VAFIN,sein,12864,,
gdc,kscv.0,12917,13638,Großmutter,grossmutter,",","$,",--,12864,,
gdc,kscv.0,12917,13638,Großmutter,grossmutter,wollt,VMFIN,wollen,12864,,
gdc,kscv.0,12917,13638,Großmutter,grossmutter,',$(,--,12864,,
gdc,kscv.0,12917,13638,Großmutter,grossmutter,s,PPER,--,12864,,
gdc,kscv.0,12917,13638,Großmutter,grossmutter,in,APPR,in,12864,,
gdc,kscv.0,12917,13638,Großmutter,grossmutter,Himmel,NN,himmel,12864,,
gdc,kscv.0,12917,13638,Großmutter,grossmutter,gehn,CARD,gehn,12864,,
gdc,kscv.0,12917,13638,Großmutter,grossmutter,",","$,",--,12864,,
gdc,kscv.0,12917,13638,Großmutter,grossmutter,und,KON,und,12864,,
gdc,kscv.0,12917,13638,Großmutter,grossmutter,der,ART,der,12864,,
gdc,kscv.0,12917,13638,Großmutter,grossmutter,Mond,NN,mond,12864,,
gdc,kscv.0,12917,13638,Großmutter,grossmutter,guckt,VVFIN,gucken,12864,,
gdc,kscv.0,12917,13638,Großmutter,grossmutter,es,PPER,es,12864,,
gdc,kscv.0,12917,13638,Großmutter,grossmutter,so,ADV,so,12864,,
gdc,kscv.0,12917,13638,Großmutter,grossmutter,freundlich,ADJD,freundlich,12864,,
gdc,kscv.0,12917,13638,Großmutter,grossmutter,an,PTKVZ,an,12864,,
gdc,kscv.0,12917,13638,Großmutter,grossmutter,und,KON,und,12864,,
gdc,kscv.0,12917,13638,Großmutter,grossmutter,wie,PWAV,wie,12864,,
gdc,kscv.0,12917,13638,Großmutter,grossmutter,',$(,--,12864,,
gdc,kscv.0,12917,13638,Großmutter,grossmutter,s,PPER,--,12864,,
gdc,kscv.0,12917,13638,Großmutter,grossmutter,endlich,ADV,endlich,12864,,
gdc,kscv.0,12917,13638,Großmutter,grossmutter,zum,APPRART,zu,12864,,
gdc,kscv.0,12917,13638,Großmutter,grossmutter,Mond,NN,mond,12864,,
gdc,kscv.0,12917,13638,Großmutter,grossmutter,kam,VVFIN,kommen,12864,,
gdc,kscv.0,12917,13638,Großmutter,grossmutter,",","$,",--,12864,,
gdc,kscv.0,12917,13638,Großmutter,grossmutter,war,VAFIN,sein,12864,,
gdc,kscv.0,12917,13638,Großmutter,grossmutter,',$(,--,12864,,
gdc,kscv.0,12917,13638,Großmutter,grossmutter,s,PPER,--,12864,,
gdc,kscv.0,12917,13638,Großmutter,grossmutter,ein,ART,ein,12864,,
gdc,kscv.0,12917,13638,Großmutter,grossmutter,Stück,NN,stück,12864,,
gdc,kscv.0,12917,13638,Großmutter,grossmutter,faul,VVFIN,faul,12864,,
gdc,kscv.0,12917,13638,Großmutter,grossmutter,Holz,NN,holz,12864,,
gdc,kscv.0,12917,13638,Großmutter,grossmutter,und,KON,und,12864,,
gdc,kscv.0,12917,13638,Großmutter,grossmutter,da,ADV,da,12864,,
gdc,kscv.0,12917,13638,Großmutter,grossmutter,ist,VAFIN,sein,12864,,
gdc,kscv.0,12917,13638,Großmutter,grossmutter,es,PPER,es,12864,,
gdc,kscv.0,12917,13638,Großmutter,grossmutter,zur,APPRART,zu,12864,,
gdc,kscv.0,12917,13638,Großmutter,grossmutter,Sonn,NN,sonn,12864,,
gdc,kscv.0,12917,13638,Großmutter,grossmutter,gangen,VVFIN,hen,12864,,
gdc,kscv.0,12917,13638,Großmutter,grossmutter,und,KON,und,12864,,
gdc,kscv.0,12917,13638,Großmutter,grossmutter,wie,PWAV,wie,12864,,
gdc,kscv.0,12917,13638,Großmutter,grossmutter,',$(,--,12864,,
gdc,kscv.0,12917,13638,Großmutter,grossmutter,s,PPER,--,12864,,
gdc,kscv.0,12917,13638,Großmutter,grossmutter,zur,APPRART,zu,12864,,
gdc,kscv.0,12917,13638,Großmutter,grossmutter,Sonn,NN,sonn,12864,,
gdc,kscv.0,12917,13638,Großmutter,grossmutter,kam,VVFIN,kommen,12864,,
gdc,kscv.0,12917,13638,Großmutter,grossmutter,",","$,",--,12864,,
gdc,kscv.0,12917,13638,Großmutter,grossmutter,war,VAFIN,sein,12864,,
gdc,kscv.0,12917,13638,Großmutter,grossmutter,',$(,--,12864,,
gdc,kscv.0,12917,13638,Großmutter,grossmutter,s,PPER,--,12864,,
gdc,kscv.0,12917,13638,Großmutter,grossmutter,ein,ART,ein,12864,,
gdc,kscv.0,12917,13638,Großmutter,grossmutter,verreckt,VVPP,verrecken,12864,,
gdc,kscv.0,12917,13638,Großmutter,grossmutter,Sonneblum,NN,sonneblum,12864,,
gdc,kscv.0,12917,13638,Großmutter,grossmutter,und,KON,und,12864,,
gdc,kscv.0,12917,13638,Großmutter,grossmutter,wie,PWAV,wie,12864,,
gdc,kscv.0,12917,13638,Großmutter,grossmutter,',$(,--,12864,,
gdc,kscv.0,12917,13638,Großmutter,grossmutter,s,PPER,--,12864,,
gdc,kscv.0,12917,13638,Großmutter,grossmutter,zu,APPR,zu,12864,,
gdc,kscv.0,12917,13638,Großmutter,grossmutter,den,ART,der,12864,,
gdc,kscv.0,12917,13638,Großmutter,grossmutter,Sterne,NN,stern,12864,,
gdc,kscv.0,12917,13638,Großmutter,grossmutter,kam,VVFIN,kommen,12864,,
gdc,kscv.0,12917,13638,Großmutter,grossmutter,",","$,",--,12864,,
gdc,kscv.0,12917,13638,Großmutter,grossmutter,warens,VAFIN,warens,12864,,
gdc,kscv.0,12917,13638,Großmutter,grossmutter,klei,ADJD,klei,12864,,
gdc,kscv.0,12917,13638,Großmutter,grossmutter,golde,ADJA,gold,12864,,
gdc,kscv.0,12917,13638,Großmutter,grossmutter,Mück,NN,mück,12864,,
gdc,kscv.0,12917,13638,Großmutter,grossmutter,",","$,",--,12864,,
gdc,kscv.0,12917,13638,Großmutter,grossmutter,die,PDS,der,12864,,
gdc,kscv.0,12917,13638,Großmutter,grossmutter,waren,VAFIN,sein,12864,,
gdc,kscv.0,12917,13638,Großmutter,grossmutter,angesteckt,VVPP,anstecken,12864,,
gdc,kscv.0,12917,13638,Großmutter,grossmutter,wie,KOKOM,wie,12864,,
gdc,kscv.0,12917,13638,Großmutter,grossmutter,der,ART,der,12864,,
gdc,kscv.0,12917,13638,Großmutter,grossmutter,Neuntödter,NN,neuntödter,12864,,
gdc,kscv.0,12917,13638,Großmutter,grossmutter,sie,PPER,sie,12864,,
gdc,kscv.0,12917,13638,Großmutter,grossmutter,auf,APPR,auf,12864,,
gdc,kscv.0,12917,13638,Großmutter,grossmutter,die,ART,der,12864,,
gdc,kscv.0,12917,13638,Großmutter,grossmutter,Schlehe,NN,schlehe,12864,,
gdc,kscv.0,12917,13638,Großmutter,grossmutter,steckt,VVFIN,stecken,12864,,
gdc,kscv.0,12917,13638,Großmutter,grossmutter,und,KON,und,12864,,
gdc,kscv.0,12917,13638,Großmutter,grossmutter,wie,PWAV,wie,12864,,
gdc,kscv.0,12917,13638,Großmutter,grossmutter,',$(,--,12864,,
gdc,kscv.0,12917,13638,Großmutter,grossmutter,s,PPER,--,12864,,
gdc,kscv.0,12917,13638,Großmutter,grossmutter,wieder,ADV,wieder,12864,,
gdc,kscv.0,12917,13638,Großmutter,grossmutter,auf,APPR,auf,12864,,
gdc,kscv.0,12917,13638,Großmutter,grossmutter,die,ART,der,12864,,
gdc,kscv.0,12917,13638,Großmutter,grossmutter,Erd,NN,erd,12864,,
gdc,kscv.0,12917,13638,Großmutter,grossmutter,wollt,VMFIN,wollen,12864,,
gdc,kscv.0,12917,13638,Großmutter,grossmutter,",","$,",--,12864,,
gdc,kscv.0,12917,13638,Großmutter,grossmutter,war,VAFIN,sein,12864,,
gdc,kscv.0,12917,13638,Großmutter,grossmutter,die,ART,der,12864,,
gdc,kscv.0,12917,13638,Großmutter,grossmutter,Erd,NN,erd,12864,,
gdc,kscv.0,12917,13638,Großmutter,grossmutter,ein,ART,ein,12864,,
gdc,kscv.0,12917,13638,Großmutter,grossmutter,umgestürzter,ADJA,umgestürzt,12864,,
gdc,kscv.0,12917,13638,Großmutter,grossmutter,Hafen,NN,hafen,12864,,
gdc,kscv.0,12917,13638,Großmutter,grossmutter,und,KON,und,12864,,
gdc,kscv.0,12917,13638,Großmutter,grossmutter,war,VAFIN,sein,12864,,
gdc,kscv.0,12917,13638,Großmutter,grossmutter,ganz,ADV,ganz,12864,,
gdc,kscv.0,12917,13638,Großmutter,grossmutter,allein,ADV,allein,12864,,
gdc,kscv.0,12917,13638,Großmutter,grossmutter,und,KON,und,12864,,
gdc,kscv.0,12917,13638,Großmutter,grossmutter,da,ADV,da,12864,,
gdc,kscv.0,12917,13638,Großmutter,grossmutter,hat,VAFIN,haben,12864,,
gdc,kscv.0,12917,13638,Großmutter,grossmutter,sich,PRF,sich,12864,,
gdc,kscv.0,12917,13638,Großmutter,grossmutter,',$(,--,12864,,
gdc,kscv.0,12917,13638,Großmutter,grossmutter,s,PPER,--,12864,,
gdc,kscv.0,12917,13638,Großmutter,grossmutter,hingesetzt,VVPP,hingesetzen,12864,,
gdc,kscv.0,12917,13638,Großmutter,grossmutter,und,KON,und,12864,,
gdc,kscv.0,12917,13638,Großmutter,grossmutter,geweint,VVPP,weinen,12864,,
gdc,kscv.0,12917,13638,Großmutter,grossmutter,und,KON,und,12864,,
gdc,kscv.0,12917,13638,Großmutter,grossmutter,da,ADV,da,12864,,
gdc,kscv.0,12917,13638,Großmutter,grossmutter,sitzt,VVFIN,sitzen,12864,,
gdc,kscv.0,12917,13638,Großmutter,grossmutter,es,PPER,es,12864,,
gdc,kscv.0,12917,13638,Großmutter,grossmutter,noch,ADV,noch,12864,,
gdc,kscv.0,12917,13638,Großmutter,grossmutter,und,KON,und,12864,,
gdc,kscv.0,12917,13638,Großmutter,grossmutter,ist,VAFIN,sein,12864,,
gdc,kscv.0,12917,13638,Großmutter,grossmutter,ganz,ADV,ganz,12864,,
gdc,kscv.0,12917,13638,Großmutter,grossmutter,allein,ADV,allein,12864,,
gdc,kscv.0,12917,13638,Großmutter,grossmutter,.,$.,--,12864,,
gdc,kscv.0,13643,13676,Woyzeck,woyzeck,Magreth,NE,magreth,12864,,
gdc,kscv.0,13643,13676,Woyzeck,woyzeck,[,NE,[,12864,,
gdc,kscv.0,13643,13676,Woyzeck,woyzeck,Marie,NE,marie,12864,marie,(2)
gdc,kscv.0,13643,13676,Woyzeck,woyzeck,],NE,],12864,,
gdc,kscv.0,13643,13676,Woyzeck,woyzeck,"!",$.,--,12864,,
gdc,kscv.0,13682,13719,Marie,marie,Was,PWS,was,12864,,
gdc,kscv.0,13682,13719,Marie,marie,ist,VAFIN,sein,12864,,
gdc,kscv.0,13682,13719,Marie,marie,?,$.,--,12864,,
gdc,kscv.0,13724,13785,Woyzeck,woyzeck,Magreth,NE,magreth,12864,,
gdc,kscv.0,13724,13785,Woyzeck,woyzeck,[,NE,[,12864,,
gdc,kscv.0,13724,13785,Woyzeck,woyzeck,Marie,NE,marie,12864,marie,(2)
gdc,kscv.0,13724,13785,Woyzeck,woyzeck,],NE,],12864,,
gdc,kscv.0,13724,13785,Woyzeck,woyzeck,wir,PPER,wir,12864,,
gdc,kscv.0,13724,13785,Woyzeck,woyzeck,wolln,VMFIN,wolln,12864,,
gdc,kscv.0,13724,13785,Woyzeck,woyzeck,gehn,CARD,gehn,12864,,
gdc,kscv.0,13724,13785,Woyzeck,woyzeck,.,$.,--,12864,,
gdc,kscv.0,13724,13785,Woyzeck,woyzeck,S,XY,--,12864,,
gdc,kscv.0,13724,13785,Woyzeck,woyzeck,',$(,--,12864,,
gdc,kscv.0,13724,13785,Woyzeck,woyzeck,ist,VAFIN,sein,12864,,
gdc,kscv.0,13724,13785,Woyzeck,woyzeck,Zeit,NN,zeit,12864,,
gdc,kscv.0,13724,13785,Woyzeck,woyzeck,.,$.,--,12864,,
gdc,kscv.0,13790,13817,Marie,marie,Wohinaus,PWAV,wohinaus,12864,,
gdc,kscv.0,13790,13817,Marie,marie,?,$.,--,12864,,
gdc,kscv.0,13822,13850,Woyzeck,woyzeck,Weiß,VVFIN,weiß,12864,,
gdc,kscv.0,13822,13850,Woyzeck,woyzeck,ich,PPER,ich,12864,woyzeck,(1)
gdc,kscv.0,13822,13850,Woyzeck,woyzeck,',$(,--,12864,,
gdc,kscv.0,13822,13850,Woyzeck,woyzeck,s,PPER,--,12864,,
gdc,kscv.0,13822,13850,Woyzeck,woyzeck,?,$.,--,12864,,
gdc,kscv.0,13907,13972,Marie,marie,Also,ADV,also,12864,,
gdc,kscv.0,13907,13972,Marie,marie,dort,ADV,dort,12864,,
gdc,kscv.0,13907,13972,Marie,marie,hinaus,APZR,hinaus,12864,,
gdc,kscv.0,13907,13972,Marie,marie,ist,VAFIN,sein,12864,,
gdc,kscv.0,13907,13972,Marie,marie,die,ART,der,12864,,
gdc,kscv.0,13907,13972,Marie,marie,Stadt,NN,stadt,12864,,
gdc,kscv.0,13907,13972,Marie,marie,.,$.,--,12864,,
gdc,kscv.0,13907,13972,Marie,marie,S,XY,--,12864,,
gdc,kscv.0,13907,13972,Marie,marie,',$(,--,12864,,
gdc,kscv.0,13907,13972,Marie,marie,ist,VAFIN,sein,12864,,
gdc,kscv.0,13907,13972,Marie,marie,finster,ADJD,finster,12864,,
gdc,kscv.0,13907,13972,Marie,marie,.,$.,--,12864,,
gdc,kscv.0,13977,14033,Woyzeck,woyzeck,Du,PPER,du,12864,,
gdc,kscv.0,13977,14033,Woyzeck,woyzeck,sollst,VMFIN,sollen,12864,,
gdc,kscv.0,13977,14033,Woyzeck,woyzeck,noch,ADV,noch,12864,,
gdc,kscv.0,13977,14033,Woyzeck,woyzeck,bleiben,VVINF,bleiben,12864,,
gdc,kscv.0,13977,14033,Woyzeck,woyzeck,.,$.,--,12864,,
gdc,kscv.0,13977,14033,Woyzeck,woyzeck,Komm,NN,komm,12864,,
gdc,kscv.0,13977,14033,Woyzeck,woyzeck,setz,VVFIN,setz,12864,,
gdc,kscv.0,13977,14033,Woyzeck,woyzeck,dich,PPER,dich,12864,,
gdc,kscv.0,13977,14033,Woyzeck,woyzeck,.,$.,--,12864,,
gdc,kscv.0,14038,14074,Marie,marie,Aber,KON,aber,12864,,
gdc,kscv.0,14038,14074,Marie,marie,ich,PPER,ich,12864,marie,(2)
gdc,kscv.0,14038,14074,Marie,marie,muß,VMFIN,müssen,12864,,
gdc,kscv.0,14038,14074,Marie,marie,fort,PTKVZ,fort,12864,,
gdc,kscv.0,14038,14074,Marie,marie,.,$.,--,12864,,
gdc,kscv.0,14079,14135,Woyzeck,woyzeck,Du,PPER,du,12864,,
gdc,kscv.0,14079,14135,Woyzeck,woyzeck,wirst,VVFIN,werden,12864,,
gdc,kscv.0,14079,14135,Woyzeck,woyzeck,dir,PPER,dir,12864,,
gdc,kscv.0,14079,14135,Woyzeck,woyzeck,die,ART,der,12864,,
gdc,kscv.0,14079,14135,Woyzeck,woyzeck,Füß,NN,füß,12864,,
gdc,kscv.0,14079,14135,Woyzeck,woyzeck,nicht,PTKNEG,nicht,12864,,
gdc,kscv.0,14079,14135,Woyzeck,woyzeck,wund,ADJD,wund,12864,,
gdc,kscv.0,14079,14135,Woyzeck,woyzeck,laufen,VVINF,laufen,12864,,
gdc,kscv.0,14079,14135,Woyzeck,woyzeck,.,$.,--,12864,,
gdc,kscv.0,14140,14179,Marie,marie,Wie,PWAV,wie,12864,,
gdc,kscv.0,14140,14179,Marie,marie,bist,VAFIN,sein,12864,,
gdc,kscv.0,14140,14179,Marie,marie,du,PPER,du,12864,,
gdc,kscv.0,14140,14179,Marie,marie,nur,ADV,nur,12864,,
gdc,kscv.0,14140,14179,Marie,marie,auch,ADV,auch,12864,,
gdc,kscv.0,14140,14179,Marie,marie,"!",$.,--,12864,,
gdc,kscv.0,14184,14253,Woyzeck,woyzeck,Weißt,VVFIN,weißen,12864,,
gdc,kscv.0,14184,14253,Woyzeck,woyzeck,du,PPER,du,12864,,
gdc,kscv.0,14184,14253,Woyzeck,woyzeck,auch,ADV,auch,12864,,
gdc,kscv.0,14184,14253,Woyzeck,woyzeck,wie,KOKOM,wie,12864,,
gdc,kscv.0,14184,14253,Woyzeck,woyzeck,lang,ADJD,lang,12864,,
gdc,kscv.0,14184,14253,Woyzeck,woyzeck,es,PPER,es,12864,,
gdc,kscv.0,14184,14253,Woyzeck,woyzeck,just,ADV,just,12864,,
gdc,kscv.0,14184,14253,Woyzeck,woyzeck,ist,VAFIN,sein,12864,,
gdc,kscv.0,14184,14253,Woyzeck,woyzeck,",","$,",--,12864,,
gdc,kscv.0,14184,14253,Woyzeck,woyzeck,Magreth,NE,magreth,12864,,
gdc,kscv.0,14184,14253,Woyzeck,woyzeck,[,CARD,[,12864,,
gdc,kscv.0,14184,14253,Woyzeck,woyzeck,Marie,NN,marie,12864,marie,(2)
gdc,kscv.0,14184,14253,Woyzeck,woyzeck,],XY,],12864,,
gdc,kscv.0,14184,14253,Woyzeck,woyzeck,?,$.,--,12864,,
gdc,kscv.0,14258,14296,Marie,marie,An,APPR,an,12864,,
gdc,kscv.0,14258,14296,Marie,marie,Pfingsten,NN,pfingst,12864,,
gdc,kscv.0,14258,14296,Marie,marie,2,CARD,2,12864,,
gdc,kscv.0,14258,14296,Marie,marie,Jahr,NN,jahr,12864,,
gdc,kscv.0,14258,14296,Marie,marie,.,$.,--,12864,,
gdc,kscv.0,14301,14359,Woyzeck,woyzeck,Weißt,VVFIN,weißen,12864,,
gdc,kscv.0,14301,14359,Woyzeck,woyzeck,du,PPER,du,12864,,
gdc,kscv.0,14301,14359,Woyzeck,woyzeck,auch,ADV,auch,12864,,
gdc,kscv.0,14301,14359,Woyzeck,woyzeck,wie,PWAV,wie,12864,,
gdc,kscv.0,14301,14359,Woyzeck,woyzeck,lang,ADJD,lang,12864,,
gdc,kscv.0,14301,14359,Woyzeck,woyzeck,es,PPER,es,12864,,
gdc,kscv.0,14301,14359,Woyzeck,woyzeck,noch,ADV,noch,12864,,
gdc,kscv.0,14301,14359,Woyzeck,woyzeck,seyn,ADJD,seyn,12864,,
gdc,kscv.0,14301,14359,Woyzeck,woyzeck,wird,VAFIN,werden,12864,,
gdc,kscv.0,14301,14359,Woyzeck,woyzeck,?,$.,--,12864,,
gdc,kscv.0,14364,14418,Marie,marie,Ich,PPER,ich,12864,marie,(2)
gdc,kscv.0,14364,14418,Marie,marie,muß,VMFIN,müssen,12864,,
gdc,kscv.0,14364,14418,Marie,marie,fort,ADV,fort,12864,,
gdc,kscv.0,14364,14418,Marie,marie,das,ART,der,12864,,
gdc,kscv.0,14364,14418,Marie,marie,Nachtessen,NN,nachtessen,12864,,
gdc,kscv.0,14364,14418,Marie,marie,richten,VVINF,richten,12864,,
gdc,kscv.0,14364,14418,Marie,marie,.,$.,--,12864,,
gdc,kscv.0,14423,14700,Woyzeck,woyzeck,Friert,NE,frieren,12864,,
gdc,kscv.0,14423,14700,Woyzeck,woyzeck,',$(,--,12864,,
gdc,kscv.0,14423,14700,Woyzeck,woyzeck,s,PPER,--,12864,,
gdc,kscv.0,14423,14700,Woyzeck,woyzeck,dich,PRF,dich,12864,,
gdc,kscv.0,14423,14700,Woyzeck,woyzeck,Magreth,NE,magreth,12864,,
gdc,kscv.0,14423,14700,Woyzeck,woyzeck,[,CARD,[,12864,,
gdc,kscv.0,14423,14700,Woyzeck,woyzeck,Marie,NN,marie,12864,marie,(2)
gdc,kscv.0,14423,14700,Woyzeck,woyzeck,],CARD,],12864,,
gdc,kscv.0,14423,14700,Woyzeck,woyzeck,",","$,",--,12864,,
gdc,kscv.0,14423,14700,Woyzeck,woyzeck,und,KON,und,12864,,
gdc,kscv.0,14423,14700,Woyzeck,woyzeck,doch,ADV,doch,12864,,
gdc,kscv.0,14423,14700,Woyzeck,woyzeck,bist,VAFIN,sein,12864,,
gdc,kscv.0,14423,14700,Woyzeck,woyzeck,du,PPER,du,12864,,
gdc,kscv.0,14423,14700,Woyzeck,woyzeck,warm,ADJD,warm,12864,,
gdc,kscv.0,14423,14700,Woyzeck,woyzeck,.,$.,--,12864,,
gdc,kscv.0,14423,14700,Woyzeck,woyzeck,Was,PWS,was,12864,,
gdc,kscv.0,14423,14700,Woyzeck,woyzeck,du,PPER,du,12864,,
gdc,kscv.0,14423,14700,Woyzeck,woyzeck,heiße,VVFIN,heiß,12864,,
gdc,kscv.0,14423,14700,Woyzeck,woyzeck,Lippen,NN,lippe,12864,,
gdc,kscv.0,14423,14700,Woyzeck,woyzeck,hast,PTKVZ,haben,12864,,
gdc,kscv.0,14423,14700,Woyzeck,woyzeck,"!",$.,--,12864,,
gdc,kscv.0,14423,14700,Woyzeck,woyzeck,(,$(,--,12864,,
gdc,kscv.0,14423,14700,Woyzeck,woyzeck,heiß,VVFIN,heiß,12864,,
gdc,kscv.0,14423,14700,Woyzeck,woyzeck,",","$,",--,12864,,
gdc,kscv.0,14423,14700,Woyzeck,woyzeck,heiß,VVFIN,heiß,12864,,
gdc,kscv.0,14423,14700,Woyzeck,woyzeck,Hurenathem,NN,hurenathem,12864,,
gdc,kscv.0,14423,14700,Woyzeck,woyzeck,),$(,--,12864,,
gdc,kscv.0,14423,14700,Woyzeck,woyzeck,und,KON,und,12864,,
gdc,kscv.0,14423,14700,Woyzeck,woyzeck,doch,ADV,doch,12864,,
gdc,kscv.0,14423,14700,Woyzeck,woyzeck,möcht,VMFIN,möchen,12864,,
gdc,kscv.0,14423,14700,Woyzeck,woyzeck,',$(,--,12864,,
gdc,kscv.0,14423,14700,Woyzeck,woyzeck,ich,PPER,ich,12864,woyzeck,(1)
gdc,kscv.0,14423,14700,Woyzeck,woyzeck,den,ART,der,12864,,
gdc,kscv.0,14423,14700,Woyzeck,woyzeck,Himmel,NN,himmel,12864,,
gdc,kscv.0,14423,14700,Woyzeck,woyzeck,geben,VVFIN,geben,12864,,
gdc,kscv.0,14423,14700,Woyzeck,woyzeck,sie,PPER,sie,12864,,
gdc,kscv.0,14423,14700,Woyzeck,woyzeck,noch,ADV,noch,12864,,
gdc,kscv.0,14423,14700,Woyzeck,woyzeck,eimal,ADV,eimal,12864,,
gdc,kscv.0,14423,14700,Woyzeck,woyzeck,zu,PTKZU,zu,12864,,
gdc,kscv.0,14423,14700,Woyzeck,woyzeck,küssen,VVINF,küssen,12864,,
gdc,kscv.0,14423,14700,Woyzeck,woyzeck,.,$.,--,12864,,
gdc,kscv.0,14423,14700,Woyzeck,woyzeck,[,XY,[,12864,,
gdc,kscv.0,14423,14700,Woyzeck,woyzeck,?,$.,--,12864,,
gdc,kscv.0,14423,14700,Woyzeck,woyzeck,?,$.,--,12864,,
gdc,kscv.0,14423,14700,Woyzeck,woyzeck,],$(,],12864,,
gdc,kscv.0,14423,14700,Woyzeck,woyzeck,und,KON,und,12864,,
gdc,kscv.0,14423,14700,Woyzeck,woyzeck,wenn,KOUS,wenn,12864,,
gdc,kscv.0,14423,14700,Woyzeck,woyzeck,man,PIS,man,12864,,
gdc,kscv.0,14423,14700,Woyzeck,woyzeck,kalt,ADJD,kalt,12864,,
gdc,kscv.0,14423,14700,Woyzeck,woyzeck,ist,VAFIN,sein,12864,,
gdc,kscv.0,14423,14700,Woyzeck,woyzeck,so,ADV,so,12864,,
gdc,kscv.0,14423,14700,Woyzeck,woyzeck,friert,VVFIN,frieren,12864,,
gdc,kscv.0,14423,14700,Woyzeck,woyzeck,man,PIS,man,12864,,
gdc,kscv.0,14423,14700,Woyzeck,woyzeck,nicht,PTKNEG,nicht,12864,,
gdc,kscv.0,14423,14700,Woyzeck,woyzeck,mehr,ADV,mehr,12864,,
gdc,kscv.0,14423,14700,Woyzeck,woyzeck,.,$.,--,12864,,
gdc,kscv.0,14423,14700,Woyzeck,woyzeck,Du,PPER,du,12864,,
gdc,kscv.0,14423,14700,Woyzeck,woyzeck,wirst,VAFIN,werden,12864,,
gdc,kscv.0,14423,14700,Woyzeck,woyzeck,vom,APPRART,von,12864,,
gdc,kscv.0,14423,14700,Woyzeck,woyzeck,Morgenthau,NN,morgenthau,12864,,
gdc,kscv.0,14423,14700,Woyzeck,woyzeck,nicht,PTKNEG,nicht,12864,,
gdc,kscv.0,14423,14700,Woyzeck,woyzeck,frieren,VVINF,frieren,12864,,
gdc,kscv.0,14423,14700,Woyzeck,woyzeck,.,$.,--,12864,,
gdc,kscv.0,14705,14736,Marie,marie,Was,PWS,was,12864,,
gdc,kscv.0,14705,14736,Marie,marie,sagst,VVFIN,sagen,12864,,
gdc,kscv.0,14705,14736,Marie,marie,du,PPER,du,12864,,
gdc,kscv.0,14705,14736,Marie,marie,?,$.,--,12864,,
gdc,kscv.0,14741,14773,Woyzeck,woyzeck,Nix,ADJD,nix,12864,,
gdc,kscv.0,14741,14773,Woyzeck,woyzeck,.,$.,--,12864,,
gdc,kscv.0,14778,14823,Marie,marie,Was,PWS,was,12864,,
gdc,kscv.0,14778,14823,Marie,marie,der,ART,der,12864,,
gdc,kscv.0,14778,14823,Marie,marie,Mond,NN,mond,12864,,
gdc,kscv.0,14778,14823,Marie,marie,roth,NE,roth,12864,,
gdc,kscv.0,14778,14823,Marie,marie,auf,APPR,auf,12864,,
gdc,kscv.0,14778,14823,Marie,marie,geht,VVFIN,gehen,12864,,
gdc,kscv.0,14778,14823,Marie,marie,.,$.,--,12864,,
gdc,kscv.0,14828,14866,Woyzeck,woyzeck,Wie,PWAV,wie,12864,,
gdc,kscv.0,14828,14866,Woyzeck,woyzeck,ein,ART,ein,12864,,
gdc,kscv.0,14828,14866,Woyzeck,woyzeck,blutig,ADJD,blutig,12864,,
gdc,kscv.0,14828,14866,Woyzeck,woyzeck,Eisen,NN,eisen,12864,,
gdc,kscv.0,14828,14866,Woyzeck,woyzeck,.,$.,--,12864,,
gdc,kscv.0,14871,14992,Marie,marie,Was,PWS,was,12864,,
gdc,kscv.0,14871,14992,Marie,marie,hast,VAFIN,haben,12864,,
gdc,kscv.0,14871,14992,Marie,marie,du,PPER,du,12864,,
gdc,kscv.0,14871,14992,Marie,marie,vor,PTKVZ,vor,12864,,
gdc,kscv.0,14871,14992,Marie,marie,?,$.,--,12864,,
gdc,kscv.0,14871,14992,Marie,marie,Louis,NE,louis,12864,,
gdc,kscv.0,14871,14992,Marie,marie,[,NE,[,12864,,
gdc,kscv.0,14871,14992,Marie,marie,Franz,NE,franz,12864,,
gdc,kscv.0,14871,14992,Marie,marie,],NE,],12864,,
gdc,kscv.0,14871,14992,Marie,marie,",","$,",--,12864,,
gdc,kscv.0,14871,14992,Marie,marie,du,PPER,du,12864,,
gdc,kscv.0,14871,14992,Marie,marie,bist,VAFIN,sein,12864,,
gdc,kscv.0,14871,14992,Marie,marie,so,ADV,so,12864,,
gdc,kscv.0,14871,14992,Marie,marie,blaß,ADJD,blaß,12864,,
gdc,kscv.0,14871,14992,Marie,marie,.,$.,--,12864,,
gdc,kscv.0,14871,14992,Marie,marie,Louis,NE,louis,12864,,
gdc,kscv.0,14871,14992,Marie,marie,[,NE,[,12864,,
gdc,kscv.0,14871,14992,Marie,marie,Franz,NE,franz,12864,,
gdc,kscv.0,14871,14992,Marie,marie,],NE,],12864,,
gdc,kscv.0,14871,14992,Marie,marie,halt,NE,halt,12864,,
gdc,kscv.0,14871,14992,Marie,marie,"!",$.,--,12864,,
gdc,kscv.0,14871,14992,Marie,marie,Um,KOUI,um,12864,,
gdc,kscv.0,14871,14992,Marie,marie,des,ART,der,12864,,
gdc,kscv.0,14871,14992,Marie,marie,Himmels,NN,himmel,12864,,
gdc,kscv.0,14871,14992,Marie,marie,willen,APZR,willen,12864,,
gdc,kscv.0,14871,14992,Marie,marie,",","$,",--,12864,,
gdc,kscv.0,14871,14992,Marie,marie,Hü,NE,hü,12864,,
gdc,kscv.0,14871,14992,Marie,marie,–,NE,–,12864,,
gdc,kscv.0,14871,14992,Marie,marie,Hülfe,NE,hülfe,12864,,
gdc,kscv.0,14871,14992,Marie,marie,"!",$.,--,12864,,
gdc,kscv.0,14997,15183,Woyzeck,woyzeck,Nimm,NE,nimm,12864,,
gdc,kscv.0,14997,15183,Woyzeck,woyzeck,das,PDS,der,12864,,
gdc,kscv.0,14997,15183,Woyzeck,woyzeck,und,KON,und,12864,,
gdc,kscv.0,14997,15183,Woyzeck,woyzeck,das,PDS,der,12864,,
gdc,kscv.0,14997,15183,Woyzeck,woyzeck,"!",$.,--,12864,,
gdc,kscv.0,14997,15183,Woyzeck,woyzeck,Kannst,VVFIN,können,12864,,
gdc,kscv.0,14997,15183,Woyzeck,woyzeck,du,PPER,du,12864,,
gdc,kscv.0,14997,15183,Woyzeck,woyzeck,nicht,PTKNEG,nicht,12864,,
gdc,kscv.0,14997,15183,Woyzeck,woyzeck,sterben,VVINF,sterben,12864,,
gdc,kscv.0,14997,15183,Woyzeck,woyzeck,?,$.,--,12864,,
gdc,kscv.0,14997,15183,Woyzeck,woyzeck,So,ADV,so,12864,,
gdc,kscv.0,14997,15183,Woyzeck,woyzeck,"!",$.,--,12864,,
gdc,kscv.0,14997,15183,Woyzeck,woyzeck,so,ADV,so,12864,,
gdc,kscv.0,14997,15183,Woyzeck,woyzeck,"!",$.,--,12864,,
gdc,kscv.0,14997,15183,Woyzeck,woyzeck,Ha,KOUS,ha,12864,,
gdc,kscv.0,14997,15183,Woyzeck,woyzeck,sie,PPER,sie,12864,,
gdc,kscv.0,14997,15183,Woyzeck,woyzeck,zuckt,VVFIN,zucken,12864,,
gdc,kscv.0,14997,15183,Woyzeck,woyzeck,noch,ADV,noch,12864,,
gdc,kscv.0,14997,15183,Woyzeck,woyzeck,",","$,",--,12864,,
gdc,kscv.0,14997,15183,Woyzeck,woyzeck,noch,ADV,noch,12864,,
gdc,kscv.0,14997,15183,Woyzeck,woyzeck,nicht,PTKNEG,nicht,12864,,
gdc,kscv.0,14997,15183,Woyzeck,woyzeck,",","$,",--,12864,,
gdc,kscv.0,14997,15183,Woyzeck,woyzeck,noch,ADV,noch,12864,,
gdc,kscv.0,14997,15183,Woyzeck,woyzeck,nicht,PTKNEG,nicht,12864,,
gdc,kscv.0,14997,15183,Woyzeck,woyzeck,?,$.,--,12864,,
gdc,kscv.0,14997,15183,Woyzeck,woyzeck,Immer,ADV,immer,12864,,
gdc,kscv.0,14997,15183,Woyzeck,woyzeck,noch,ADV,noch,12864,,
gdc,kscv.0,14997,15183,Woyzeck,woyzeck,?,$.,--,12864,,
gdc,kscv.0,14997,15183,Woyzeck,woyzeck,Bist,VAFIN,sein,12864,,
gdc,kscv.0,14997,15183,Woyzeck,woyzeck,du,PPER,du,12864,,
gdc,kscv.0,14997,15183,Woyzeck,woyzeck,todt,NE,todt,12864,,
gdc,kscv.0,14997,15183,Woyzeck,woyzeck,?,$.,--,12864,,
gdc,kscv.0,14997,15183,Woyzeck,woyzeck,Todt,NE,todt,12864,,
gdc,kscv.0,14997,15183,Woyzeck,woyzeck,"!",$.,--,12864,,
gdc,kscv.0,14997,15183,Woyzeck,woyzeck,Todt,NE,todt,12864,,
gdc,kscv.0,14997,15183,Woyzeck,woyzeck,"!",$.,--,12864,,
gdc,kscv.0,15224,15240,Erste Person,erste_person,Halt,VVIMP,halten,12864,,
gdc,kscv.0,15224,15240,Erste Person,erste_person,"!",$.,--,12864,,
gdc,kscv.0,15245,15276,Zweite Person,zweite_person,Hörst,VVFIN,hörst,12864,,
gdc,kscv.0,15245,15276,Zweite Person,zweite_person,du,PPER,du,12864,,
gdc,kscv.0,15245,15276,Zweite Person,zweite_person,?,$.,--,12864,,
gdc,kscv.0,15245,15276,Zweite Person,zweite_person,Still,ADJD,still,12864,,
gdc,kscv.0,15245,15276,Zweite Person,zweite_person,"!",$.,--,12864,,
gdc,kscv.0,15245,15276,Zweite Person,zweite_person,Da,KOUS,da,12864,,
gdc,kscv.0,15245,15276,Zweite Person,zweite_person,"!",$.,--,12864,,
gdc,kscv.0,15281,15312,Erste Person,erste_person,Uu,XY,uu,12864,,
gdc,kscv.0,15281,15312,Erste Person,erste_person,"!",$.,--,12864,,
gdc,kscv.0,15281,15312,Erste Person,erste_person,Da,KOUS,da,12864,,
gdc,kscv.0,15281,15312,Erste Person,erste_person,"!",$.,--,12864,,
gdc,kscv.0,15281,15312,Erste Person,erste_person,Was,PWS,was,12864,,
gdc,kscv.0,15281,15312,Erste Person,erste_person,ein,ART,ein,12864,,
gdc,kscv.0,15281,15312,Erste Person,erste_person,Ton,NN,ton,12864,,
gdc,kscv.0,15281,15312,Erste Person,erste_person,.,$.,--,12864,,
gdc,kscv.0,15317,15427,Zweite Person,zweite_person,Es,PPER,es,12864,,
gdc,kscv.0,15317,15427,Zweite Person,zweite_person,ist,VAFIN,sein,12864,,
gdc,kscv.0,15317,15427,Zweite Person,zweite_person,das,ART,der,12864,,
gdc,kscv.0,15317,15427,Zweite Person,zweite_person,Wasser,NN,wasser,12864,,
gdc,kscv.0,15317,15427,Zweite Person,zweite_person,",","$,",--,12864,,
gdc,kscv.0,15317,15427,Zweite Person,zweite_person,es,PPER,es,12864,,
gdc,kscv.0,15317,15427,Zweite Person,zweite_person,ruft,VVFIN,rufen,12864,,
gdc,kscv.0,15317,15427,Zweite Person,zweite_person,",","$,",--,12864,,
gdc,kscv.0,15317,15427,Zweite Person,zweite_person,schon,ADV,schon,12864,,
gdc,kscv.0,15317,15427,Zweite Person,zweite_person,lang,ADJD,lang,12864,,
gdc,kscv.0,15317,15427,Zweite Person,zweite_person,ist,VAFIN,sein,12864,,
gdc,kscv.0,15317,15427,Zweite Person,zweite_person,Niemand,PIS,niemand,12864,,
gdc,kscv.0,15317,15427,Zweite Person,zweite_person,ertrunken,VVPP,ertrunken,12864,,
gdc,kscv.0,15317,15427,Zweite Person,zweite_person,.,$.,--,12864,,
gdc,kscv.0,15317,15427,Zweite Person,zweite_person,Fort,NN,fort,12864,,
gdc,kscv.0,15317,15427,Zweite Person,zweite_person,",","$,",--,12864,,
gdc,kscv.0,15317,15427,Zweite Person,zweite_person,s,PPER,--,12864,,
gdc,kscv.0,15317,15427,Zweite Person,zweite_person,',$(,--,12864,,
gdc,kscv.0,15317,15427,Zweite Person,zweite_person,ist,VAFIN,sein,12864,,
gdc,kscv.0,15317,15427,Zweite Person,zweite_person,nicht,PTKNEG,nicht,12864,,
gdc,kscv.0,15317,15427,Zweite Person,zweite_person,gut,ADJD,gut,12864,,
gdc,kscv.0,15317,15427,Zweite Person,zweite_person,",","$,",--,12864,,
gdc,kscv.0,15317,15427,Zweite Person,zweite_person,es,PPER,es,12864,,
gdc,kscv.0,15317,15427,Zweite Person,zweite_person,zu,PTKZU,zu,12864,,
gdc,kscv.0,15317,15427,Zweite Person,zweite_person,hören,VVINF,hören,12864,,
gdc,kscv.0,15317,15427,Zweite Person,zweite_person,.,$.,--,12864,,
gdc,kscv.0,15432,15485,Erste Person,erste_person,Uu,APPR,uu,12864,,
gdc,kscv.0,15432,15485,Erste Person,erste_person,jezt,NN,jezt,12864,,
gdc,kscv.0,15432,15485,Erste Person,erste_person,wieder,ADV,wieder,12864,,
gdc,kscv.0,15432,15485,Erste Person,erste_person,.,$.,--,12864,,
gdc,kscv.0,15432,15485,Erste Person,erste_person,Wie,PWAV,wie,12864,,
gdc,kscv.0,15432,15485,Erste Person,erste_person,ein,ART,ein,12864,,
gdc,kscv.0,15432,15485,Erste Person,erste_person,Mensch,NN,mensch,12864,,
gdc,kscv.0,15432,15485,Erste Person,erste_person,der,ART,der,12864,,
gdc,kscv.0,15432,15485,Erste Person,erste_person,stirbt,VVFIN,sterben,12864,,
gdc,kscv.0,15432,15485,Erste Person,erste_person,.,$.,--,12864,,
gdc,kscv.0,15490,15609,Zweite Person,zweite_person,Es,PPER,es,12864,,
gdc,kscv.0,15490,15609,Zweite Person,zweite_person,ist,VAFIN,sein,12864,,
gdc,kscv.0,15490,15609,Zweite Person,zweite_person,unheimlich,ADJD,unheimlich,12864,,
gdc,kscv.0,15490,15609,Zweite Person,zweite_person,",","$,",--,12864,,
gdc,kscv.0,15490,15609,Zweite Person,zweite_person,so,ADV,so,12864,,
gdc,kscv.0,15490,15609,Zweite Person,zweite_person,dunstig,ADJD,dunstig,12864,,
gdc,kscv.0,15490,15609,Zweite Person,zweite_person,",","$,",--,12864,,
gdc,kscv.0,15490,15609,Zweite Person,zweite_person,allenthalb,APPR,allenthalb,12864,,
gdc,kscv.0,15490,15609,Zweite Person,zweite_person,Nebel,NN,nebel,12864,,
gdc,kscv.0,15490,15609,Zweite Person,zweite_person,",","$,",--,12864,,
gdc,kscv.0,15490,15609,Zweite Person,zweite_person,grau,ADJD,grau,12864,,
gdc,kscv.0,15490,15609,Zweite Person,zweite_person,und,KON,und,12864,,
gdc,kscv.0,15490,15609,Zweite Person,zweite_person,das,ART,der,12864,,
gdc,kscv.0,15490,15609,Zweite Person,zweite_person,Summen,NN,summen,12864,,
gdc,kscv.0,15490,15609,Zweite Person,zweite_person,der,ART,der,12864,,
gdc,kscv.0,15490,15609,Zweite Person,zweite_person,Käfer,NN,käfer,12864,,
gdc,kscv.0,15490,15609,Zweite Person,zweite_person,wie,KOKOM,wie,12864,,
gdc,kscv.0,15490,15609,Zweite Person,zweite_person,gesprungne,ADJA,gesprungn,12864,,
gdc,kscv.0,15490,15609,Zweite Person,zweite_person,Glocken,NN,glocke,12864,,
gdc,kscv.0,15490,15609,Zweite Person,zweite_person,.,$.,--,12864,,
gdc,kscv.0,15490,15609,Zweite Person,zweite_person,Fort,NN,fort,12864,,
gdc,kscv.0,15490,15609,Zweite Person,zweite_person,"!",$.,--,12864,,
gdc,kscv.0,15614,15673,Erste Person,erste_person,Nein,PTKANT,nein,12864,,
gdc,kscv.0,15614,15673,Erste Person,erste_person,",","$,",--,12864,,
gdc,kscv.0,15614,15673,Erste Person,erste_person,zu,PTKA,zu,12864,,
gdc,kscv.0,15614,15673,Erste Person,erste_person,deutlich,ADJD,deutlich,12864,,
gdc,kscv.0,15614,15673,Erste Person,erste_person,",","$,",--,12864,,
gdc,kscv.0,15614,15673,Erste Person,erste_person,zu,PTKA,zu,12864,,
gdc,kscv.0,15614,15673,Erste Person,erste_person,laut,ADJD,laut,12864,,
gdc,kscv.0,15614,15673,Erste Person,erste_person,.,$.,--,12864,,
gdc,kscv.0,15614,15673,Erste Person,erste_person,Da,ADV,da,12864,,
gdc,kscv.0,15614,15673,Erste Person,erste_person,hinauf,PTKVZ,hinauf,12864,,
gdc,kscv.0,15614,15673,Erste Person,erste_person,.,$.,--,12864,,
gdc,kscv.0,15614,15673,Erste Person,erste_person,Komm,NN,komm,12864,,
gdc,kscv.0,15614,15673,Erste Person,erste_person,mit,PTKVZ,mit,12864,,
gdc,kscv.0,15614,15673,Erste Person,erste_person,.,$.,--,12864,,
gdc,kscv.0,15712,16228,Woyzeck,woyzeck,Tanzt,VVFIN,tanzen,12864,,
gdc,kscv.0,15712,16228,Woyzeck,woyzeck,alle,PIS,alle,12864,,
gdc,kscv.0,15712,16228,Woyzeck,woyzeck,",","$,",--,12864,,
gdc,kscv.0,15712,16228,Woyzeck,woyzeck,immer,ADV,immer,12864,,
gdc,kscv.0,15712,16228,Woyzeck,woyzeck,zu,PTKVZ,zu,12864,,
gdc,kscv.0,15712,16228,Woyzeck,woyzeck,",","$,",--,12864,,
gdc,kscv.0,15712,16228,Woyzeck,woyzeck,schwizt,VVFIN,schwizen,12864,,
gdc,kscv.0,15712,16228,Woyzeck,woyzeck,und,KON,und,12864,,
gdc,kscv.0,15712,16228,Woyzeck,woyzeck,stinkt,VVFIN,stinken,12864,,
gdc,kscv.0,15712,16228,Woyzeck,woyzeck,",","$,",--,12864,,
gdc,kscv.0,15712,16228,Woyzeck,woyzeck,er,PPER,er,12864,,
gdc,kscv.0,15712,16228,Woyzeck,woyzeck,holt,VVFIN,holen,12864,,
gdc,kscv.0,15712,16228,Woyzeck,woyzeck,euch,PPER,euch,12864,,
gdc,kscv.0,15712,16228,Woyzeck,woyzeck,doch,ADV,doch,12864,,
gdc,kscv.0,15712,16228,Woyzeck,woyzeck,eimal,ADV,eimal,12864,,
gdc,kscv.0,15712,16228,Woyzeck,woyzeck,Alle,PIS,alle,12864,,
gdc,kscv.0,15712,16228,Woyzeck,woyzeck,.,$.,--,12864,,
gdc,kscv.0,15712,16228,Woyzeck,woyzeck,Frau,NN,frau,12864,,
gdc,kscv.0,15712,16228,Woyzeck,woyzeck,Wirthin,NE,wirthin,12864,,
gdc,kscv.0,15712,16228,Woyzeck,woyzeck,hat,VAFIN,haben,12864,,
gdc,kscv.0,15712,16228,Woyzeck,woyzeck,',$(,--,12864,,
gdc,kscv.0,15712,16228,Woyzeck,woyzeck,ne,ADJA,ne,12864,,
gdc,kscv.0,15712,16228,Woyzeck,woyzeck,brave,ADJA,brave,12864,,
gdc,kscv.0,15712,16228,Woyzeck,woyzeck,Magd,NN,magd,12864,,
gdc,kscv.0,15712,16228,Woyzeck,woyzeck,",","$,",--,12864,,
gdc,kscv.0,15712,16228,Woyzeck,woyzeck,Sie,PPER,sie,12864,,
gdc,kscv.0,15712,16228,Woyzeck,woyzeck,sitzt,VVFIN,sitzen,12864,,
gdc,kscv.0,15712,16228,Woyzeck,woyzeck,im,APPRART,in,12864,,
gdc,kscv.0,15712,16228,Woyzeck,woyzeck,Garten,NN,garten,12864,,
gdc,kscv.0,15712,16228,Woyzeck,woyzeck,Tag,NN,tag,12864,,
gdc,kscv.0,15712,16228,Woyzeck,woyzeck,und,KON,und,12864,,
gdc,kscv.0,15712,16228,Woyzeck,woyzeck,Nacht,NN,nacht,12864,,
gdc,kscv.0,15712,16228,Woyzeck,woyzeck,",","$,",--,12864,,
gdc,kscv.0,15712,16228,Woyzeck,woyzeck,Sie,PPER,sie,12864,,
gdc,kscv.0,15712,16228,Woyzeck,woyzeck,sitzt,VVFIN,sitzen,12864,,
gdc,kscv.0,15712,16228,Woyzeck,woyzeck,in,APPR,in,12864,,
gdc,kscv.0,15712,16228,Woyzeck,woyzeck,ihrem,PPOSAT,ihr,12864,,
gdc,kscv.0,15712,16228,Woyzeck,woyzeck,Garten,NN,garten,12864,,
gdc,kscv.0,15712,16228,Woyzeck,woyzeck,",","$,",--,12864,,
gdc,kscv.0,15712,16228,Woyzeck,woyzeck,Bis,APPR,bis,12864,,
gdc,kscv.0,15712,16228,Woyzeck,woyzeck,daß,KOUS,daß,12864,,
gdc,kscv.0,15712,16228,Woyzeck,woyzeck,das,ART,der,12864,,
gdc,kscv.0,15712,16228,Woyzeck,woyzeck,Glöcklein,NN,glöcklein,12864,,
gdc,kscv.0,15712,16228,Woyzeck,woyzeck,zwölfe,NN,zwölfe,12864,,
gdc,kscv.0,15712,16228,Woyzeck,woyzeck,schlägt,VVFIN,schlagen,12864,,
gdc,kscv.0,15712,16228,Woyzeck,woyzeck,",","$,",--,12864,,
gdc,kscv.0,15712,16228,Woyzeck,woyzeck,Und,KON,und,12864,,
gdc,kscv.0,15712,16228,Woyzeck,woyzeck,paßt,VVFIN,passen,12864,,
gdc,kscv.0,15712,16228,Woyzeck,woyzeck,auf,APPR,auf,12864,,
gdc,kscv.0,15712,16228,Woyzeck,woyzeck,die,ART,der,12864,,
gdc,kscv.0,15712,16228,Woyzeck,woyzeck,Soldaten,NN,soldat,12864,,
gdc,kscv.0,15712,16228,Woyzeck,woyzeck,.,$.,--,12864,,
gdc,kscv.0,15712,16228,Woyzeck,woyzeck,So,ADV,so,12864,,
gdc,kscv.0,15712,16228,Woyzeck,woyzeck,Käthe,NE,käthe,12864,kaethe,(12)
gdc,kscv.0,15712,16228,Woyzeck,woyzeck,"!",$.,--,12864,,
gdc,kscv.0,15712,16228,Woyzeck,woyzeck,setz,VVIMP,setz,12864,,
gdc,kscv.0,15712,16228,Woyzeck,woyzeck,dich,PRF,dich,12864,,
gdc,kscv.0,15712,16228,Woyzeck,woyzeck,"!",$.,--,12864,,
gdc,kscv.0,15712,16228,Woyzeck,woyzeck,Ich,PPER,ich,12864,woyzeck,(1)
gdc,kscv.0,15712,16228,Woyzeck,woyzeck,hab,VVFIN,hab,12864,,
gdc,kscv.0,15712,16228,Woyzeck,woyzeck,heiß,ADJD,heiß,12864,,
gdc,kscv.0,15712,16228,Woyzeck,woyzeck,",","$,",--,12864,,
gdc,kscv.0,15712,16228,Woyzeck,woyzeck,heiß,ADJD,heiß,12864,,
gdc,kscv.0,15712,16228,Woyzeck,woyzeck,",","$,",--,12864,,
gdc,kscv.0,15712,16228,Woyzeck,woyzeck,es,PPER,es,12864,,
gdc,kscv.0,15712,16228,Woyzeck,woyzeck,ist,VAFIN,sein,12864,,
gdc,kscv.0,15712,16228,Woyzeck,woyzeck,eimal,ADV,eimal,12864,,
gdc,kscv.0,15712,16228,Woyzeck,woyzeck,so,ADV,so,12864,,
gdc,kscv.0,15712,16228,Woyzeck,woyzeck,",","$,",--,12864,,
gdc,kscv.0,15712,16228,Woyzeck,woyzeck,der,ART,der,12864,,
gdc,kscv.0,15712,16228,Woyzeck,woyzeck,Teufel,NN,teufel,12864,,
gdc,kscv.0,15712,16228,Woyzeck,woyzeck,holt,VVFIN,holen,12864,,
gdc,kscv.0,15712,16228,Woyzeck,woyzeck,die,ART,der,12864,,
gdc,kscv.0,15712,16228,Woyzeck,woyzeck,eine,PIS,ein,12864,eine,(25)
gdc,kscv.0,15712,16228,Woyzeck,woyzeck,und,KON,und,12864,,
gdc,kscv.0,15712,16228,Woyzeck,woyzeck,läßt,VVFIN,lassen,12864,,
gdc,kscv.0,15712,16228,Woyzeck,woyzeck,die,ART,der,12864,,
gdc,kscv.0,15712,16228,Woyzeck,woyzeck,andre,ADJA,andre,12864,andre,(26)
gdc,kscv.0,15712,16228,Woyzeck,woyzeck,laufen,VVINF,laufen,12864,,
gdc,kscv.0,15712,16228,Woyzeck,woyzeck,.,$.,--,12864,,
gdc,kscv.0,15712,16228,Woyzeck,woyzeck,Käthe,XY,käthe,12864,kaethe,(12)
gdc,kscv.0,15712,16228,Woyzeck,woyzeck,du,PPER,du,12864,,
gdc,kscv.0,15712,16228,Woyzeck,woyzeck,bist,VAFIN,sein,12864,,
gdc,kscv.0,15712,16228,Woyzeck,woyzeck,heiß,ADJD,heiß,12864,,
gdc,kscv.0,15712,16228,Woyzeck,woyzeck,"!",$.,--,12864,,
gdc,kscv.0,15712,16228,Woyzeck,woyzeck,Warum,PWAV,warum,12864,,
gdc,kscv.0,15712,16228,Woyzeck,woyzeck,denn,ADV,denn,12864,,
gdc,kscv.0,15712,16228,Woyzeck,woyzeck,?,$.,--,12864,,
gdc,kscv.0,15712,16228,Woyzeck,woyzeck,Käthe,XY,käthe,12864,kaethe,(12)
gdc,kscv.0,15712,16228,Woyzeck,woyzeck,du,PPER,du,12864,,
gdc,kscv.0,15712,16228,Woyzeck,woyzeck,wirst,VAFIN,werden,12864,,
gdc,kscv.0,15712,16228,Woyzeck,woyzeck,auch,ADV,auch,12864,,
gdc,kscv.0,15712,16228,Woyzeck,woyzeck,noch,ADV,noch,12864,,
gdc,kscv.0,15712,16228,Woyzeck,woyzeck,kalt,ADJD,kalt,12864,,
gdc,kscv.0,15712,16228,Woyzeck,woyzeck,werden,VAINF,werden,12864,,
gdc,kscv.0,15712,16228,Woyzeck,woyzeck,.,$.,--,12864,,
gdc,kscv.0,15712,16228,Woyzeck,woyzeck,Sey,NE,sey,12864,,
gdc,kscv.0,15712,16228,Woyzeck,woyzeck,vernünftig,ADJD,vernünftig,12864,,
gdc,kscv.0,15712,16228,Woyzeck,woyzeck,.,$.,--,12864,,
gdc,kscv.0,15712,16228,Woyzeck,woyzeck,Kannst,VVFIN,können,12864,,
gdc,kscv.0,15712,16228,Woyzeck,woyzeck,du,PPER,du,12864,,
gdc,kscv.0,15712,16228,Woyzeck,woyzeck,nicht,PTKNEG,nicht,12864,,
gdc,kscv.0,15712,16228,Woyzeck,woyzeck,singen,VVINF,singen,12864,,
gdc,kscv.0,15712,16228,Woyzeck,woyzeck,?,$.,--,12864,,
gdc,kscv.0,16233,16378,Käthe,kaethe,Ins,APPRART,in,12864,,
gdc,kscv.0,16233,16378,Käthe,kaethe,Schwabeland,NE,schwabeland,12864,,
gdc,kscv.0,16233,16378,Käthe,kaethe,das,PDS,der,12864,,
gdc,kscv.0,16233,16378,Käthe,kaethe,mag,VMFIN,mögen,12864,,
gdc,kscv.0,16233,16378,Käthe,kaethe,ich,PPER,ich,12864,kaethe,(12)
gdc,kscv.0,16233,16378,Käthe,kaethe,nicht,PTKNEG,nicht,12864,,
gdc,kscv.0,16233,16378,Käthe,kaethe,",","$,",--,12864,,
gdc,kscv.0,16233,16378,Käthe,kaethe,Und,KON,und,12864,,
gdc,kscv.0,16233,16378,Käthe,kaethe,lange,ADJA,lang,12864,,
gdc,kscv.0,16233,16378,Käthe,kaethe,Kleider,NN,kleid,12864,,
gdc,kscv.0,16233,16378,Käthe,kaethe,trag,VVFIN,trag,12864,,
gdc,kscv.0,16233,16378,Käthe,kaethe,ich,PPER,ich,12864,kaethe,(12)
gdc,kscv.0,16233,16378,Käthe,kaethe,nicht,PTKNEG,nicht,12864,,
gdc,kscv.0,16233,16378,Käthe,kaethe,",","$,",--,12864,,
gdc,kscv.0,16233,16378,Käthe,kaethe,Denn,KON,denn,12864,,
gdc,kscv.0,16233,16378,Käthe,kaethe,lange,ADJA,lang,12864,,
gdc,kscv.0,16233,16378,Käthe,kaethe,Kleider,NN,kleid,12864,,
gdc,kscv.0,16233,16378,Käthe,kaethe,spitze,ADJA,spitz,12864,,
gdc,kscv.0,16233,16378,Käthe,kaethe,Schuh,NN,schuh,12864,,
gdc,kscv.0,16233,16378,Käthe,kaethe,",","$,",--,12864,,
gdc,kscv.0,16233,16378,Käthe,kaethe,Die,PDS,der,12864,,
gdc,kscv.0,16233,16378,Käthe,kaethe,kommen,VVFIN,kommen,12864,,
gdc,kscv.0,16233,16378,Käthe,kaethe,keiner,PIAT,kein,12864,,
gdc,kscv.0,16233,16378,Käthe,kaethe,Dienstmagd,NN,dienstmagd,12864,,
gdc,kscv.0,16233,16378,Käthe,kaethe,zu,PTKVZ,zu,12864,,
gdc,kscv.0,16233,16378,Käthe,kaethe,.,$.,--,12864,,
gdc,kscv.0,16384,16462,Woyzeck,woyzeck,Nein,PTKANT,nein,12864,,
gdc,kscv.0,16384,16462,Woyzeck,woyzeck,",","$,",--,12864,,
gdc,kscv.0,16384,16462,Woyzeck,woyzeck,keine,PIAT,kein,12864,,
gdc,kscv.0,16384,16462,Woyzeck,woyzeck,Schuh,NN,schuh,12864,,
gdc,kscv.0,16384,16462,Woyzeck,woyzeck,",","$,",--,12864,,
gdc,kscv.0,16384,16462,Woyzeck,woyzeck,man,PIS,man,12864,,
gdc,kscv.0,16384,16462,Woyzeck,woyzeck,kann,VMFIN,können,12864,,
gdc,kscv.0,16384,16462,Woyzeck,woyzeck,auch,ADV,auch,12864,,
gdc,kscv.0,16384,16462,Woyzeck,woyzeck,ohne,APPR,ohne,12864,,
gdc,kscv.0,16384,16462,Woyzeck,woyzeck,Schuh,NN,schuh,12864,,
gdc,kscv.0,16384,16462,Woyzeck,woyzeck,in,APPR,in,12864,,
gdc,kscv.0,16384,16462,Woyzeck,woyzeck,die,ART,der,12864,,
gdc,kscv.0,16384,16462,Woyzeck,woyzeck,Höll,NN,höll,12864,,
gdc,kscv.0,16384,16462,Woyzeck,woyzeck,gehn,VVPP,gehn,12864,,
gdc,kscv.0,16384,16462,Woyzeck,woyzeck,.,$.,--,12864,,
gdc,kscv.0,16467,16557,Käthe,kaethe,O,NE,O,12864,,
gdc,kscv.0,16467,16557,Käthe,kaethe,pfui,NE,pfui,12864,,
gdc,kscv.0,16467,16557,Käthe,kaethe,mein,PPOSAT,mein,12864,kaethe,(12)
gdc,kscv.0,16467,16557,Käthe,kaethe,Schatz,NN,schatz,12864,,
gdc,kscv.0,16467,16557,Käthe,kaethe,das,PDS,der,12864,,
gdc,kscv.0,16467,16557,Käthe,kaethe,war,VAFIN,sein,12864,,
gdc,kscv.0,16467,16557,Käthe,kaethe,nicht,PTKNEG,nicht,12864,,
gdc,kscv.0,16467,16557,Käthe,kaethe,fein,ADJD,fein,12864,,
gdc,kscv.0,16467,16557,Käthe,kaethe,.,$.,--,12864,,
gdc,kscv.0,16467,16557,Käthe,kaethe,Behalt,NN,behalt,12864,,
gdc,kscv.0,16467,16557,Käthe,kaethe,dei,APPR,dei,12864,,
gdc,kscv.0,16467,16557,Käthe,kaethe,Thaler,NN,thaler,12864,,
gdc,kscv.0,16467,16557,Käthe,kaethe,und,KON,und,12864,,
gdc,kscv.0,16467,16557,Käthe,kaethe,schlaf,VVFIN,schlaf,12864,,
gdc,kscv.0,16467,16557,Käthe,kaethe,allein,ADV,allein,12864,,
gdc,kscv.0,16467,16557,Käthe,kaethe,.,$.,--,12864,,
gdc,kscv.0,16563,16631,Woyzeck,woyzeck,Ja,PTKANT,ja,12864,,
gdc,kscv.0,16563,16631,Woyzeck,woyzeck,wahrhaftig,ADJD,wahrhaftig,12864,,
gdc,kscv.0,16563,16631,Woyzeck,woyzeck,"!",$.,--,12864,,
gdc,kscv.0,16563,16631,Woyzeck,woyzeck,ich,PPER,ich,12864,woyzeck,(1)
gdc,kscv.0,16563,16631,Woyzeck,woyzeck,möchte,VMFIN,möchten,12864,,
gdc,kscv.0,16563,16631,Woyzeck,woyzeck,mich,PPER,mich,12864,woyzeck,(1)
gdc,kscv.0,16563,16631,Woyzeck,woyzeck,nicht,PTKNEG,nicht,12864,,
gdc,kscv.0,16563,16631,Woyzeck,woyzeck,blutig,ADJD,blutig,12864,,
gdc,kscv.0,16563,16631,Woyzeck,woyzeck,machen,VVINF,machen,12864,,
gdc,kscv.0,16563,16631,Woyzeck,woyzeck,.,$.,--,12864,,
gdc,kscv.0,16636,16675,Käthe,kaethe,Aber,KON,aber,12864,,
gdc,kscv.0,16636,16675,Käthe,kaethe,was,PWS,was,12864,,
gdc,kscv.0,16636,16675,Käthe,kaethe,hast,VAFIN,haben,12864,,
gdc,kscv.0,16636,16675,Käthe,kaethe,du,PPER,du,12864,,
gdc,kscv.0,16636,16675,Käthe,kaethe,an,APPR,an,12864,,
gdc,kscv.0,16636,16675,Käthe,kaethe,deiner,PPOSAT,dein,12864,,
gdc,kscv.0,16636,16675,Käthe,kaethe,Hand,NN,hand,12864,,
gdc,kscv.0,16636,16675,Käthe,kaethe,?,$.,--,12864,,
gdc,kscv.0,16680,16706,Woyzeck,woyzeck,Ich,PPER,ich,12864,woyzeck,(1)
gdc,kscv.0,16680,16706,Woyzeck,woyzeck,?,$.,--,12864,,
gdc,kscv.0,16680,16706,Woyzeck,woyzeck,Ich,PPER,ich,12864,woyzeck,(1)
gdc,kscv.0,16680,16706,Woyzeck,woyzeck,?,$.,--,12864,,
gdc,kscv.0,16711,16759,Käthe,kaethe,Roth,NE,roth,12864,,
gdc,kscv.0,16711,16759,Käthe,kaethe,",","$,",--,12864,,
gdc,kscv.0,16711,16759,Käthe,kaethe,Blut,NN,blut,12864,,
gdc,kscv.0,16711,16759,Käthe,kaethe,"!",$.,--,12864,,
gdc,kscv.0,16764,16792,Woyzeck,woyzeck,Blut,NN,blut,12864,,
gdc,kscv.0,16764,16792,Woyzeck,woyzeck,?,$.,--,12864,,
gdc,kscv.0,16764,16792,Woyzeck,woyzeck,Blut,NN,blut,12864,,
gdc,kscv.0,16764,16792,Woyzeck,woyzeck,.,$.,--,12864,,
gdc,kscv.0,16797,16812,Wirth,wirth,Uu,APPR,uu,12864,,
gdc,kscv.0,16797,16812,Wirth,wirth,Blut,NN,blut,12864,,
gdc,kscv.0,16797,16812,Wirth,wirth,.,$.,--,12864,,
gdc,kscv.0,16817,16894,Woyzeck,woyzeck,Ich,PPER,ich,12864,woyzeck,(1)
gdc,kscv.0,16817,16894,Woyzeck,woyzeck,glaub,VVFIN,glaubn,12864,,
gdc,kscv.0,16817,16894,Woyzeck,woyzeck,ich,PPER,ich,12864,woyzeck,(1)
gdc,kscv.0,16817,16894,Woyzeck,woyzeck,hab,VAFIN,hab,12864,,
gdc,kscv.0,16817,16894,Woyzeck,woyzeck,',$(,--,12864,,
gdc,kscv.0,16817,16894,Woyzeck,woyzeck,mich,PPER,mich,12864,woyzeck,(1)
gdc,kscv.0,16817,16894,Woyzeck,woyzeck,geschnitten,VVPP,schneiden,12864,,
gdc,kscv.0,16817,16894,Woyzeck,woyzeck,",","$,",--,12864,,
gdc,kscv.0,16817,16894,Woyzeck,woyzeck,da,KOUS,da,12864,,
gdc,kscv.0,16817,16894,Woyzeck,woyzeck,an,APPR,an,12864,,
gdc,kscv.0,16817,16894,Woyzeck,woyzeck,der,ART,der,12864,,
gdc,kscv.0,16817,16894,Woyzeck,woyzeck,rechten,ADJA,rechter,12864,,
gdc,kscv.0,16817,16894,Woyzeck,woyzeck,Hand,NN,hand,12864,,
gdc,kscv.0,16817,16894,Woyzeck,woyzeck,.,$.,--,12864,,
gdc,kscv.0,16899,16941,Wirth,wirth,Wie,PWAV,wie,12864,,
gdc,kscv.0,16899,16941,Wirth,wirth,kommt,VVFIN,kommen,12864,,
gdc,kscv.0,16899,16941,Wirth,wirth,',$(,--,12864,,
gdc,kscv.0,16899,16941,Wirth,wirth,s,PPER,--,12864,,
gdc,kscv.0,16899,16941,Wirth,wirth,aber,ADV,aber,12864,,
gdc,kscv.0,16899,16941,Wirth,wirth,an,APPR,an,12864,,
gdc,kscv.0,16899,16941,Wirth,wirth,den,ART,der,12864,,
gdc,kscv.0,16899,16941,Wirth,wirth,Ellenbogen,NN,ellenbogen,12864,,
gdc,kscv.0,16899,16941,Wirth,wirth,?,$.,--,12864,,
gdc,kscv.0,16946,16984,Woyzeck,woyzeck,Ich,PPER,ich,12864,woyzeck,(1)
gdc,kscv.0,16946,16984,Woyzeck,woyzeck,hab,VVFIN,hab,12864,,
gdc,kscv.0,16946,16984,Woyzeck,woyzeck,',$(,--,12864,,
gdc,kscv.0,16946,16984,Woyzeck,woyzeck,s,PPER,--,12864,,
gdc,kscv.0,16946,16984,Woyzeck,woyzeck,abgewischt,VVPP,abwischen,12864,,
gdc,kscv.0,16946,16984,Woyzeck,woyzeck,.,$.,--,12864,,
gdc,kscv.0,16990,17068,Wirth,wirth,Was,PWS,was,12864,,
gdc,kscv.0,16990,17068,Wirth,wirth,mit,APPR,mit,12864,,
gdc,kscv.0,16990,17068,Wirth,wirth,der,ART,der,12864,,
gdc,kscv.0,16990,17068,Wirth,wirth,rechten,ADJA,rechter,12864,,
gdc,kscv.0,16990,17068,Wirth,wirth,Hand,NN,hand,12864,,
gdc,kscv.0,16990,17068,Wirth,wirth,an,APPR,an,12864,,
gdc,kscv.0,16990,17068,Wirth,wirth,den,ART,der,12864,,
gdc,kscv.0,16990,17068,Wirth,wirth,rechten,ADJA,rechter,12864,,
gdc,kscv.0,16990,17068,Wirth,wirth,Ellenbogen,NN,ellenbogen,12864,,
gdc,kscv.0,16990,17068,Wirth,wirth,?,$.,--,12864,,
gdc,kscv.0,16990,17068,Wirth,wirth,Ihr,PPER,ihr,12864,,
gdc,kscv.0,16990,17068,Wirth,wirth,seyd,VAFIN,seyd,12864,,
gdc,kscv.0,16990,17068,Wirth,wirth,geschickt,VVPP,schicken,12864,,
gdc,kscv.0,16990,17068,Wirth,wirth,.,$.,--,12864,,
gdc,kscv.0,17073,17177,Karl/Narr,karl_narr,Und,KON,und,12864,,
gdc,kscv.0,17073,17177,Karl/Narr,karl_narr,da,ADV,da,12864,,
gdc,kscv.0,17073,17177,Karl/Narr,karl_narr,hat,VAFIN,haben,12864,,
gdc,kscv.0,17073,17177,Karl/Narr,karl_narr,der,ART,der,12864,,
gdc,kscv.0,17073,17177,Karl/Narr,karl_narr,Ries,NN,ries,12864,,
gdc,kscv.0,17073,17177,Karl/Narr,karl_narr,gesagt,VVPP,sagen,12864,,
gdc,kscv.0,17073,17177,Karl/Narr,karl_narr,:,$.,--,12864,,
gdc,kscv.0,17073,17177,Karl/Narr,karl_narr,ich,PPER,ich,12864,karl_narr,(5)
gdc,kscv.0,17073,17177,Karl/Narr,karl_narr,riech,VVFIN,riech,12864,,
gdc,kscv.0,17073,17177,Karl/Narr,karl_narr,",","$,",--,12864,,
gdc,kscv.0,17073,17177,Karl/Narr,karl_narr,ich,PPER,ich,12864,karl_narr,(5)
gdc,kscv.0,17073,17177,Karl/Narr,karl_narr,riech,VVFIN,riech,12864,,
gdc,kscv.0,17073,17177,Karl/Narr,karl_narr,",","$,",--,12864,,
gdc,kscv.0,17073,17177,Karl/Narr,karl_narr,ich,PPER,ich,12864,karl_narr,(5)
gdc,kscv.0,17073,17177,Karl/Narr,karl_narr,riech,VVFIN,riech,12864,,
gdc,kscv.0,17073,17177,Karl/Narr,karl_narr,Menschefleisch,NN,menschefleisch,12864,,
gdc,kscv.0,17073,17177,Karl/Narr,karl_narr,.,$.,--,12864,,
gdc,kscv.0,17073,17177,Karl/Narr,karl_narr,Puh,XY,puh,12864,,
gdc,kscv.0,17073,17177,Karl/Narr,karl_narr,"!",$.,--,12864,,
gdc,kscv.0,17073,17177,Karl/Narr,karl_narr,Das,PDS,der,12864,,
gdc,kscv.0,17073,17177,Karl/Narr,karl_narr,stinkt,VVFIN,stinken,12864,,
gdc,kscv.0,17073,17177,Karl/Narr,karl_narr,schon,ADV,schon,12864,,
gdc,kscv.0,17073,17177,Karl/Narr,karl_narr,.,$.,--,12864,,
gdc,kscv.0,17182,17391,Woyzeck,woyzeck,Teufel,NE,teufel,12864,,
gdc,kscv.0,17182,17391,Woyzeck,woyzeck,",","$,",--,12864,,
gdc,kscv.0,17182,17391,Woyzeck,woyzeck,was,PWS,was,12864,,
gdc,kscv.0,17182,17391,Woyzeck,woyzeck,wollt,VMFIN,wollen,12864,,
gdc,kscv.0,17182,17391,Woyzeck,woyzeck,ihr,PPOSAT,ihr,12864,,
gdc,kscv.0,17182,17391,Woyzeck,woyzeck,?,$.,--,12864,,
gdc,kscv.0,17182,17391,Woyzeck,woyzeck,Was,PWS,was,12864,,
gdc,kscv.0,17182,17391,Woyzeck,woyzeck,geht,VVFIN,gehen,12864,,
gdc,kscv.0,17182,17391,Woyzeck,woyzeck,',$(,--,12864,,
gdc,kscv.0,17182,17391,Woyzeck,woyzeck,s,PPER,--,12864,,
gdc,kscv.0,17182,17391,Woyzeck,woyzeck,euch,PPER,euch,12864,,
gdc,kscv.0,17182,17391,Woyzeck,woyzeck,an,PTKVZ,an,12864,,
gdc,kscv.0,17182,17391,Woyzeck,woyzeck,?,$.,--,12864,,
gdc,kscv.0,17182,17391,Woyzeck,woyzeck,Platz,NN,platz,12864,,
gdc,kscv.0,17182,17391,Woyzeck,woyzeck,"!",$.,--,12864,,
gdc,kscv.0,17182,17391,Woyzeck,woyzeck,oder,KON,oder,12864,,
gdc,kscv.0,17182,17391,Woyzeck,woyzeck,der,ART,der,12864,,
gdc,kscv.0,17182,17391,Woyzeck,woyzeck,erste,ADJA,erster,12864,,
gdc,kscv.0,17182,17391,Woyzeck,woyzeck,–,KON,–,12864,,
gdc,kscv.0,17182,17391,Woyzeck,woyzeck,Teufel,NE,teufel,12864,,
gdc,kscv.0,17182,17391,Woyzeck,woyzeck,"!",$.,--,12864,,
gdc,kscv.0,17182,17391,Woyzeck,woyzeck,Meint,VVFIN,meint,12864,,
gdc,kscv.0,17182,17391,Woyzeck,woyzeck,ihr,PPER,ihr,12864,,
gdc,kscv.0,17182,17391,Woyzeck,woyzeck,ich,PPER,ich,12864,woyzeck,(1)
gdc,kscv.0,17182,17391,Woyzeck,woyzeck,hätt,VAFIN,hätt,12864,,
gdc,kscv.0,17182,17391,Woyzeck,woyzeck,Jemand,PIS,jemand,12864,,
gdc,kscv.0,17182,17391,Woyzeck,woyzeck,umgebracht,VVPP,umbringen,12864,,
gdc,kscv.0,17182,17391,Woyzeck,woyzeck,?,$.,--,12864,,
gdc,kscv.0,17182,17391,Woyzeck,woyzeck,Bin,VAFIN,sein,12864,,
gdc,kscv.0,17182,17391,Woyzeck,woyzeck,ich,PPER,ich,12864,woyzeck,(1)
gdc,kscv.0,17182,17391,Woyzeck,woyzeck,Mörder,NN,mörder,12864,,
gdc,kscv.0,17182,17391,Woyzeck,woyzeck,?,$.,--,12864,,
gdc,kscv.0,17182,17391,Woyzeck,woyzeck,Was,PWS,was,12864,,
gdc,kscv.0,17182,17391,Woyzeck,woyzeck,gafft,VVFIN,gaffen,12864,,
gdc,kscv.0,17182,17391,Woyzeck,woyzeck,ihr,PPER,ihr,12864,,
gdc,kscv.0,17182,17391,Woyzeck,woyzeck,"!",$.,--,12864,,
gdc,kscv.0,17182,17391,Woyzeck,woyzeck,Guckt,VVFIN,gucken,12864,,
gdc,kscv.0,17182,17391,Woyzeck,woyzeck,euch,PPER,euch,12864,,
gdc,kscv.0,17182,17391,Woyzeck,woyzeck,selbst,ADV,selbst,12864,,
gdc,kscv.0,17182,17391,Woyzeck,woyzeck,an,PTKVZ,an,12864,,
gdc,kscv.0,17182,17391,Woyzeck,woyzeck,"!",$.,--,12864,,
gdc,kscv.0,17182,17391,Woyzeck,woyzeck,Platz,NN,platz,12864,,
gdc,kscv.0,17182,17391,Woyzeck,woyzeck,da,ADV,da,12864,,
gdc,kscv.0,17182,17391,Woyzeck,woyzeck,"!",$.,--,12864,,
gdc,kscv.0,17422,17457,Erstes Kind,erstes_kind,Fort,NN,fort,12864,,
gdc,kscv.0,17422,17457,Erstes Kind,erstes_kind,"!",$.,--,12864,,
gdc,kscv.0,17422,17457,Erstes Kind,erstes_kind,Magrethchen,NN,magrethchen,12864,,
gdc,kscv.0,17422,17457,Erstes Kind,erstes_kind,[,XY,[,12864,,
gdc,kscv.0,17422,17457,Erstes Kind,erstes_kind,Marie,NN,marie,12864,marie,(2)
gdc,kscv.0,17422,17457,Erstes Kind,erstes_kind,],XY,],12864,,
gdc,kscv.0,17422,17457,Erstes Kind,erstes_kind,"!",$.,--,12864,,
gdc,kscv.0,17462,17478,Zweites Kind,zweites_kind,Was,PWS,was,12864,,
gdc,kscv.0,17462,17478,Zweites Kind,zweites_kind,is,PPER,--,12864,,
gdc,kscv.0,17462,17478,Zweites Kind,zweites_kind,?,$.,--,12864,,
gdc,kscv.0,17483,17553,Erstes Kind,erstes_kind,Weißt,VVFIN,weißen,12864,,
gdc,kscv.0,17483,17553,Erstes Kind,erstes_kind,du,PPER,du,12864,,
gdc,kscv.0,17483,17553,Erstes Kind,erstes_kind,',$(,--,12864,,
gdc,kscv.0,17483,17553,Erstes Kind,erstes_kind,s,PPER,--,12864,,
gdc,kscv.0,17483,17553,Erstes Kind,erstes_kind,nit,PTKVZ,nit,12864,,
gdc,kscv.0,17483,17553,Erstes Kind,erstes_kind,?,$.,--,12864,,
gdc,kscv.0,17483,17553,Erstes Kind,erstes_kind,Sie,PPER,sie,12864,,
gdc,kscv.0,17483,17553,Erstes Kind,erstes_kind,sind,VAFIN,sein,12864,,
gdc,kscv.0,17483,17553,Erstes Kind,erstes_kind,schon,ADV,schon,12864,,
gdc,kscv.0,17483,17553,Erstes Kind,erstes_kind,alle,PIS,aller,12864,,
gdc,kscv.0,17483,17553,Erstes Kind,erstes_kind,hinaus,ADV,hinaus,12864,,
gdc,kscv.0,17483,17553,Erstes Kind,erstes_kind,.,$.,--,12864,,
gdc,kscv.0,17483,17553,Erstes Kind,erstes_kind,Drauß,ADV,drauß,12864,,
gdc,kscv.0,17483,17553,Erstes Kind,erstes_kind,liegt,VVFIN,liegen,12864,,
gdc,kscv.0,17483,17553,Erstes Kind,erstes_kind,eine,PIS,ein,12864,eine,(25)
gdc,kscv.0,17483,17553,Erstes Kind,erstes_kind,"!",$.,--,12864,,
gdc,kscv.0,17558,17570,Zweites Kind,zweites_kind,Wo,PWAV,wo,12864,,
gdc,kscv.0,17558,17570,Zweites Kind,zweites_kind,?,$.,--,12864,,
gdc,kscv.0,17575,17642,Erstes Kind,erstes_kind,Links,ADJD,links,12864,,
gdc,kscv.0,17575,17642,Erstes Kind,erstes_kind,über,APPR,über,12864,,
gdc,kscv.0,17575,17642,Erstes Kind,erstes_kind,die,ART,der,12864,,
gdc,kscv.0,17575,17642,Erstes Kind,erstes_kind,Lochschanz,NN,lochschanz,12864,,
gdc,kscv.0,17575,17642,Erstes Kind,erstes_kind,in,APPR,in,12864,,
gdc,kscv.0,17575,17642,Erstes Kind,erstes_kind,dem,ART,der,12864,,
gdc,kscv.0,17575,17642,Erstes Kind,erstes_kind,Wäldche,NN,wäldche,12864,,
gdc,kscv.0,17575,17642,Erstes Kind,erstes_kind,",","$,",--,12864,,
gdc,kscv.0,17575,17642,Erstes Kind,erstes_kind,am,APPRART,an,12864,,
gdc,kscv.0,17575,17642,Erstes Kind,erstes_kind,rothen,ADJA,rothen,12864,,
gdc,kscv.0,17575,17642,Erstes Kind,erstes_kind,Kreuz,NN,kreuz,12864,,
gdc,kscv.0,17575,17642,Erstes Kind,erstes_kind,.,$.,--,12864,,
gdc,kscv.0,17647,17712,Zweites Kind,zweites_kind,Fort,NN,fort,12864,,
gdc,kscv.0,17647,17712,Zweites Kind,zweites_kind,",","$,",--,12864,,
gdc,kscv.0,17647,17712,Zweites Kind,zweites_kind,daß,KOUS,daß,12864,,
gdc,kscv.0,17647,17712,Zweites Kind,zweites_kind,wir,PPER,wir,12864,,
gdc,kscv.0,17647,17712,Zweites Kind,zweites_kind,noch,ADV,noch,12864,,
gdc,kscv.0,17647,17712,Zweites Kind,zweites_kind,was,PIS,was,12864,,
gdc,kscv.0,17647,17712,Zweites Kind,zweites_kind,sehen,VVFIN,sehen,12864,,
gdc,kscv.0,17647,17712,Zweites Kind,zweites_kind,.,$.,--,12864,,
gdc,kscv.0,17647,17712,Zweites Kind,zweites_kind,Sie,PPER,sie,12864,,
gdc,kscv.0,17647,17712,Zweites Kind,zweites_kind,tragen,VVFIN,tragen,12864,,
gdc,kscv.0,17647,17712,Zweites Kind,zweites_kind,',$(,--,12864,,
gdc,kscv.0,17647,17712,Zweites Kind,zweites_kind,s,PPER,--,12864,,
gdc,kscv.0,17647,17712,Zweites Kind,zweites_kind,sonst,ADV,sonst,12864,,
gdc,kscv.0,17647,17712,Zweites Kind,zweites_kind,hinein,PTKVZ,hinein,12864,,
gdc,kscv.0,17647,17712,Zweites Kind,zweites_kind,.,$.,--,12864,,
gdc,kscv.0,17736,18394,Woyzeck,woyzeck,Das,ART,der,12864,,
gdc,kscv.0,17736,18394,Woyzeck,woyzeck,Messer,NN,messer,12864,,
gdc,kscv.0,17736,18394,Woyzeck,woyzeck,?,$.,--,12864,,
gdc,kscv.0,17736,18394,Woyzeck,woyzeck,Wo,PWAV,wo,12864,,
gdc,kscv.0,17736,18394,Woyzeck,woyzeck,ist,VAFIN,sein,12864,,
gdc,kscv.0,17736,18394,Woyzeck,woyzeck,das,ART,der,12864,,
gdc,kscv.0,17736,18394,Woyzeck,woyzeck,Messer,NN,messer,12864,,
gdc,kscv.0,17736,18394,Woyzeck,woyzeck,?,$.,--,12864,,
gdc,kscv.0,17736,18394,Woyzeck,woyzeck,Ich,PPER,ich,12864,woyzeck,(1)
gdc,kscv.0,17736,18394,Woyzeck,woyzeck,hab,VVFIN,hab,12864,,
gdc,kscv.0,17736,18394,Woyzeck,woyzeck,',$(,--,12864,,
gdc,kscv.0,17736,18394,Woyzeck,woyzeck,es,PPER,es,12864,,
gdc,kscv.0,17736,18394,Woyzeck,woyzeck,da,ADV,da,12864,,
gdc,kscv.0,17736,18394,Woyzeck,woyzeck,gelassen,VVPP,lassen,12864,,
gdc,kscv.0,17736,18394,Woyzeck,woyzeck,.,$.,--,12864,,
gdc,kscv.0,17736,18394,Woyzeck,woyzeck,Es,PPER,es,12864,,
gdc,kscv.0,17736,18394,Woyzeck,woyzeck,verräth,VVFIN,verräthn,12864,,
gdc,kscv.0,17736,18394,Woyzeck,woyzeck,mich,PPER,mich,12864,woyzeck,(1)
gdc,kscv.0,17736,18394,Woyzeck,woyzeck,"!",$.,--,12864,,
gdc,kscv.0,17736,18394,Woyzeck,woyzeck,Näher,ADJD,nah,12864,,
gdc,kscv.0,17736,18394,Woyzeck,woyzeck,",","$,",--,12864,,
gdc,kscv.0,17736,18394,Woyzeck,woyzeck,noch,ADV,noch,12864,,
gdc,kscv.0,17736,18394,Woyzeck,woyzeck,näher,ADJD,nah,12864,,
gdc,kscv.0,17736,18394,Woyzeck,woyzeck,"!",$.,--,12864,,
gdc,kscv.0,17736,18394,Woyzeck,woyzeck,Was,PWS,was,12864,,
gdc,kscv.0,17736,18394,Woyzeck,woyzeck,ist,VAFIN,sein,12864,,
gdc,kscv.0,17736,18394,Woyzeck,woyzeck,das,PDS,der,12864,,
gdc,kscv.0,17736,18394,Woyzeck,woyzeck,für,APPR,für,12864,,
gdc,kscv.0,17736,18394,Woyzeck,woyzeck,ein,ART,ein,12864,,
gdc,kscv.0,17736,18394,Woyzeck,woyzeck,Platz,NN,platz,12864,,
gdc,kscv.0,17736,18394,Woyzeck,woyzeck,?,$.,--,12864,,
gdc,kscv.0,17736,18394,Woyzeck,woyzeck,Was,PWS,was,12864,,
gdc,kscv.0,17736,18394,Woyzeck,woyzeck,hör,VAFIN,hör,12864,,
gdc,kscv.0,17736,18394,Woyzeck,woyzeck,ich,PPER,ich,12864,woyzeck,(1)
gdc,kscv.0,17736,18394,Woyzeck,woyzeck,?,$.,--,12864,,
gdc,kscv.0,17736,18394,Woyzeck,woyzeck,Es,PPER,es,12864,,
gdc,kscv.0,17736,18394,Woyzeck,woyzeck,rührt,VVFIN,rühren,12864,,
gdc,kscv.0,17736,18394,Woyzeck,woyzeck,sich,PRF,sich,12864,,
gdc,kscv.0,17736,18394,Woyzeck,woyzeck,was,PIS,was,12864,,
gdc,kscv.0,17736,18394,Woyzeck,woyzeck,.,$.,--,12864,,
gdc,kscv.0,17736,18394,Woyzeck,woyzeck,Still,ADJD,still,12864,,
gdc,kscv.0,17736,18394,Woyzeck,woyzeck,.,$.,--,12864,,
gdc,kscv.0,17736,18394,Woyzeck,woyzeck,Da,ADV,da,12864,,
gdc,kscv.0,17736,18394,Woyzeck,woyzeck,in,APPR,in,12864,,
gdc,kscv.0,17736,18394,Woyzeck,woyzeck,der,ART,der,12864,,
gdc,kscv.0,17736,18394,Woyzeck,woyzeck,Nähe,NN,nähe,12864,,
gdc,kscv.0,17736,18394,Woyzeck,woyzeck,.,$.,--,12864,,
gdc,kscv.0,17736,18394,Woyzeck,woyzeck,Magreth,NE,magreth,12864,,
gdc,kscv.0,17736,18394,Woyzeck,woyzeck,[,CARD,[,12864,,
gdc,kscv.0,17736,18394,Woyzeck,woyzeck,Marie,NN,marie,12864,marie,(2)
gdc,kscv.0,17736,18394,Woyzeck,woyzeck,],XY,],12864,,
gdc,kscv.0,17736,18394,Woyzeck,woyzeck,?,$.,--,12864,,
gdc,kscv.0,17736,18394,Woyzeck,woyzeck,Ha,NE,ha,12864,,
gdc,kscv.0,17736,18394,Woyzeck,woyzeck,Magreth,NE,magreth,12864,,
gdc,kscv.0,17736,18394,Woyzeck,woyzeck,[,CARD,[,12864,,
gdc,kscv.0,17736,18394,Woyzeck,woyzeck,Marie,NN,marie,12864,marie,(2)
gdc,kscv.0,17736,18394,Woyzeck,woyzeck,],XY,],12864,,
gdc,kscv.0,17736,18394,Woyzeck,woyzeck,"!",$.,--,12864,,
gdc,kscv.0,17736,18394,Woyzeck,woyzeck,Still,ADJD,still,12864,,
gdc,kscv.0,17736,18394,Woyzeck,woyzeck,.,$.,--,12864,,
gdc,kscv.0,17736,18394,Woyzeck,woyzeck,Alles,PIS,alle,12864,,
gdc,kscv.0,17736,18394,Woyzeck,woyzeck,still,PTKVZ,still,12864,,
gdc,kscv.0,17736,18394,Woyzeck,woyzeck,"!",$.,--,12864,,
gdc,kscv.0,17736,18394,Woyzeck,woyzeck,(,$(,--,12864,,
gdc,kscv.0,17736,18394,Woyzeck,woyzeck,Was,PWS,was,12864,,
gdc,kscv.0,17736,18394,Woyzeck,woyzeck,bist,VAFIN,sein,12864,,
gdc,kscv.0,17736,18394,Woyzeck,woyzeck,du,PPER,du,12864,,
gdc,kscv.0,17736,18394,Woyzeck,woyzeck,so,ADV,so,12864,,
gdc,kscv.0,17736,18394,Woyzeck,woyzeck,bleich,ADJD,bleich,12864,,
gdc,kscv.0,17736,18394,Woyzeck,woyzeck,",","$,",--,12864,,
gdc,kscv.0,17736,18394,Woyzeck,woyzeck,Magreth,NE,magreth,12864,,
gdc,kscv.0,17736,18394,Woyzeck,woyzeck,[,CARD,[,12864,,
gdc,kscv.0,17736,18394,Woyzeck,woyzeck,Marie,NN,marie,12864,marie,(2)
gdc,kscv.0,17736,18394,Woyzeck,woyzeck,],XY,],12864,,
gdc,kscv.0,17736,18394,Woyzeck,woyzeck,?,$.,--,12864,,
gdc,kscv.0,17736,18394,Woyzeck,woyzeck,Was,PWS,was,12864,,
gdc,kscv.0,17736,18394,Woyzeck,woyzeck,hast,VAFIN,haben,12864,,
gdc,kscv.0,17736,18394,Woyzeck,woyzeck,du,PPER,du,12864,,
gdc,kscv.0,17736,18394,Woyzeck,woyzeck,eine,ART,ein,12864,,
gdc,kscv.0,17736,18394,Woyzeck,woyzeck,rothe,ADJA,roth,12864,,
gdc,kscv.0,17736,18394,Woyzeck,woyzeck,Schnur,NN,schnur,12864,,
gdc,kscv.0,17736,18394,Woyzeck,woyzeck,um,APPR,um,12864,,
gdc,kscv.0,17736,18394,Woyzeck,woyzeck,den,ART,der,12864,,
gdc,kscv.0,17736,18394,Woyzeck,woyzeck,Hals,NN,hals,12864,,
gdc,kscv.0,17736,18394,Woyzeck,woyzeck,?,$.,--,12864,,
gdc,kscv.0,17736,18394,Woyzeck,woyzeck,Bey,NE,bey,12864,,
gdc,kscv.0,17736,18394,Woyzeck,woyzeck,wem,PWS,wem,12864,,
gdc,kscv.0,17736,18394,Woyzeck,woyzeck,hast,VAFIN,haben,12864,,
gdc,kscv.0,17736,18394,Woyzeck,woyzeck,du,PPER,du,12864,,
gdc,kscv.0,17736,18394,Woyzeck,woyzeck,das,ART,der,12864,,
gdc,kscv.0,17736,18394,Woyzeck,woyzeck,Halsband,NN,halsband,12864,,
gdc,kscv.0,17736,18394,Woyzeck,woyzeck,verdient,VVFIN,verdienen,12864,,
gdc,kscv.0,17736,18394,Woyzeck,woyzeck,",","$,",--,12864,,
gdc,kscv.0,17736,18394,Woyzeck,woyzeck,mit,APPR,mit,12864,,
gdc,kscv.0,17736,18394,Woyzeck,woyzeck,deinen,PPOSAT,dein,12864,,
gdc,kscv.0,17736,18394,Woyzeck,woyzeck,Sünden,NN,sünde,12864,,
gdc,kscv.0,17736,18394,Woyzeck,woyzeck,?,$.,--,12864,,
gdc,kscv.0,17736,18394,Woyzeck,woyzeck,Du,PPER,du,12864,,
gdc,kscv.0,17736,18394,Woyzeck,woyzeck,warst,VVFIN,sein,12864,,
gdc,kscv.0,17736,18394,Woyzeck,woyzeck,schwarz,ADJD,schwarz,12864,,
gdc,kscv.0,17736,18394,Woyzeck,woyzeck,davon,PROAV,davon,12864,,
gdc,kscv.0,17736,18394,Woyzeck,woyzeck,",","$,",--,12864,,
gdc,kscv.0,17736,18394,Woyzeck,woyzeck,schwarz,ADJD,schwarz,12864,,
gdc,kscv.0,17736,18394,Woyzeck,woyzeck,"!",$.,--,12864,,
gdc,kscv.0,17736,18394,Woyzeck,woyzeck,Hab,VVFIN,hab,12864,,
gdc,kscv.0,17736,18394,Woyzeck,woyzeck,ich,PPER,ich,12864,woyzeck,(1)
gdc,kscv.0,17736,18394,Woyzeck,woyzeck,dich,PRF,dich,12864,,
gdc,kscv.0,17736,18394,Woyzeck,woyzeck,jezt,ADJD,jezt,12864,,
gdc,kscv.0,17736,18394,Woyzeck,woyzeck,gebleicht,VVPP,bleichen,12864,,
gdc,kscv.0,17736,18394,Woyzeck,woyzeck,.,$.,--,12864,,
gdc,kscv.0,17736,18394,Woyzeck,woyzeck,Was,PWS,was,12864,,
gdc,kscv.0,17736,18394,Woyzeck,woyzeck,hänge,VVFIN,hängen,12864,,
gdc,kscv.0,17736,18394,Woyzeck,woyzeck,die,ART,der,12864,,
gdc,kscv.0,17736,18394,Woyzeck,woyzeck,schwarze,ADJA,schwarz,12864,,
gdc,kscv.0,17736,18394,Woyzeck,woyzeck,Haar,NN,haar,12864,,
gdc,kscv.0,17736,18394,Woyzeck,woyzeck,",","$,",--,12864,,
gdc,kscv.0,17736,18394,Woyzeck,woyzeck,so,ADV,so,12864,,
gdc,kscv.0,17736,18394,Woyzeck,woyzeck,wild,ADJD,wild,12864,,
gdc,kscv.0,17736,18394,Woyzeck,woyzeck,?,$.,--,12864,,
gdc,kscv.0,17736,18394,Woyzeck,woyzeck,Hast,VAFIN,haben,12864,,
gdc,kscv.0,17736,18394,Woyzeck,woyzeck,du,PPER,du,12864,,
gdc,kscv.0,17736,18394,Woyzeck,woyzeck,die,ART,der,12864,,
gdc,kscv.0,17736,18394,Woyzeck,woyzeck,Zöpfe,NN,zopf,12864,,
gdc,kscv.0,17736,18394,Woyzeck,woyzeck,heut,ADV,heut,12864,,
gdc,kscv.0,17736,18394,Woyzeck,woyzeck,nicht,PTKNEG,nicht,12864,,
gdc,kscv.0,17736,18394,Woyzeck,woyzeck,geflochten,ADJA,geflocht,12864,,
gdc,kscv.0,17736,18394,Woyzeck,woyzeck,?,$.,--,12864,,
gdc,kscv.0,17736,18394,Woyzeck,woyzeck,),$(,--,12864,,
gdc,kscv.0,17736,18394,Woyzeck,woyzeck,Da,ADV,da,12864,,
gdc,kscv.0,17736,18394,Woyzeck,woyzeck,liegt,VVFIN,liegen,12864,,
gdc,kscv.0,17736,18394,Woyzeck,woyzeck,was,PIS,was,12864,,
gdc,kscv.0,17736,18394,Woyzeck,woyzeck,"!",$.,--,12864,,
gdc,kscv.0,17736,18394,Woyzeck,woyzeck,kalt,ADJD,kalt,12864,,
gdc,kscv.0,17736,18394,Woyzeck,woyzeck,",","$,",--,12864,,
gdc,kscv.0,17736,18394,Woyzeck,woyzeck,naß,VVFIN,naß,12864,,
gdc,kscv.0,17736,18394,Woyzeck,woyzeck,",","$,",--,12864,,
gdc,kscv.0,17736,18394,Woyzeck,woyzeck,stille,VMFIN,stilln,12864,,
gdc,kscv.0,17736,18394,Woyzeck,woyzeck,.,$.,--,12864,,
gdc,kscv.0,17736,18394,Woyzeck,woyzeck,Weg,NN,weg,12864,,
gdc,kscv.0,17736,18394,Woyzeck,woyzeck,von,APPR,von,12864,,
gdc,kscv.0,17736,18394,Woyzeck,woyzeck,dem,ART,der,12864,,
gdc,kscv.0,17736,18394,Woyzeck,woyzeck,Platz,NN,platz,12864,,
gdc,kscv.0,17736,18394,Woyzeck,woyzeck,.,$.,--,12864,,
gdc,kscv.0,17736,18394,Woyzeck,woyzeck,Das,ART,der,12864,,
gdc,kscv.0,17736,18394,Woyzeck,woyzeck,Messer,NN,messer,12864,,
gdc,kscv.0,17736,18394,Woyzeck,woyzeck,",","$,",--,12864,,
gdc,kscv.0,17736,18394,Woyzeck,woyzeck,das,ART,der,12864,,
gdc,kscv.0,17736,18394,Woyzeck,woyzeck,Messer,NN,messer,12864,,
gdc,kscv.0,17736,18394,Woyzeck,woyzeck,",","$,",--,12864,,
gdc,kscv.0,17736,18394,Woyzeck,woyzeck,hab,VAFIN,hab,12864,,
gdc,kscv.0,17736,18394,Woyzeck,woyzeck,ich,PPER,ich,12864,woyzeck,(1)
gdc,kscv.0,17736,18394,Woyzeck,woyzeck,',$(,--,12864,,
gdc,kscv.0,17736,18394,Woyzeck,woyzeck,s,PPER,--,12864,,
gdc,kscv.0,17736,18394,Woyzeck,woyzeck,?,$.,--,12864,,
gdc,kscv.0,17736,18394,Woyzeck,woyzeck,So,ADV,so,12864,,
gdc,kscv.0,17736,18394,Woyzeck,woyzeck,"!",$.,--,12864,,
gdc,kscv.0,17736,18394,Woyzeck,woyzeck,Leute,NN,leute,12864,,
gdc,kscv.0,17736,18394,Woyzeck,woyzeck,.,$.,--,12864,,
gdc,kscv.0,17736,18394,Woyzeck,woyzeck,–,XY,–,12864,,
gdc,kscv.0,17736,18394,Woyzeck,woyzeck,Dort,ADV,dort,12864,,
gdc,kscv.0,17736,18394,Woyzeck,woyzeck,.,$.,--,12864,,
gdc,kscv.0,18419,18903,Woyzeck,woyzeck,So,ADV,so,12864,,
gdc,kscv.0,18419,18903,Woyzeck,woyzeck,da,ADV,da,12864,,
gdc,kscv.0,18419,18903,Woyzeck,woyzeck,hinunter,PTKVZ,hinunter,12864,,
gdc,kscv.0,18419,18903,Woyzeck,woyzeck,"!",$.,--,12864,,
gdc,kscv.0,18419,18903,Woyzeck,woyzeck,Es,PPER,es,12864,,
gdc,kscv.0,18419,18903,Woyzeck,woyzeck,taucht,VVFIN,tauchen,12864,,
gdc,kscv.0,18419,18903,Woyzeck,woyzeck,in,APPR,in,12864,,
gdc,kscv.0,18419,18903,Woyzeck,woyzeck,das,ART,der,12864,,
gdc,kscv.0,18419,18903,Woyzeck,woyzeck,dunkle,ADJA,dunkel,12864,,
gdc,kscv.0,18419,18903,Woyzeck,woyzeck,Wasser,NN,wasser,12864,,
gdc,kscv.0,18419,18903,Woyzeck,woyzeck,",","$,",--,12864,,
gdc,kscv.0,18419,18903,Woyzeck,woyzeck,wie,KOKOM,wie,12864,,
gdc,kscv.0,18419,18903,Woyzeck,woyzeck,ein,ART,ein,12864,,
gdc,kscv.0,18419,18903,Woyzeck,woyzeck,Stein,NN,stein,12864,,
gdc,kscv.0,18419,18903,Woyzeck,woyzeck,"!",$.,--,12864,,
gdc,kscv.0,18419,18903,Woyzeck,woyzeck,Der,ART,der,12864,,
gdc,kscv.0,18419,18903,Woyzeck,woyzeck,Mond,NN,mond,12864,,
gdc,kscv.0,18419,18903,Woyzeck,woyzeck,ist,VAFIN,sein,12864,,
gdc,kscv.0,18419,18903,Woyzeck,woyzeck,wie,KOKOM,wie,12864,,
gdc,kscv.0,18419,18903,Woyzeck,woyzeck,ein,ART,ein,12864,,
gdc,kscv.0,18419,18903,Woyzeck,woyzeck,blutig,ADJD,blutig,12864,,
gdc,kscv.0,18419,18903,Woyzeck,woyzeck,Eisen,NN,eisen,12864,,
gdc,kscv.0,18419,18903,Woyzeck,woyzeck,"!",$.,--,12864,,
gdc,kscv.0,18419,18903,Woyzeck,woyzeck,Will,VMFIN,wollen,12864,,
gdc,kscv.0,18419,18903,Woyzeck,woyzeck,denn,ADV,denn,12864,,
gdc,kscv.0,18419,18903,Woyzeck,woyzeck,die,ART,der,12864,,
gdc,kscv.0,18419,18903,Woyzeck,woyzeck,ganze,ADJA,ganz,12864,,
gdc,kscv.0,18419,18903,Woyzeck,woyzeck,Welt,NN,welt,12864,,
gdc,kscv.0,18419,18903,Woyzeck,woyzeck,es,PPER,es,12864,,
gdc,kscv.0,18419,18903,Woyzeck,woyzeck,ausplaudern,VVINF,ausplaudern,12864,,
gdc,kscv.0,18419,18903,Woyzeck,woyzeck,?,$.,--,12864,,
gdc,kscv.0,18419,18903,Woyzeck,woyzeck,Nein,PTKANT,nein,12864,,
gdc,kscv.0,18419,18903,Woyzeck,woyzeck,es,PPER,es,12864,,
gdc,kscv.0,18419,18903,Woyzeck,woyzeck,liegt,VVFIN,liegen,12864,,
gdc,kscv.0,18419,18903,Woyzeck,woyzeck,zu,PTKA,zu,12864,,
gdc,kscv.0,18419,18903,Woyzeck,woyzeck,weit,ADJD,weit,12864,,
gdc,kscv.0,18419,18903,Woyzeck,woyzeck,vorn,ADV,vorn,12864,,
gdc,kscv.0,18419,18903,Woyzeck,woyzeck,",","$,",--,12864,,
gdc,kscv.0,18419,18903,Woyzeck,woyzeck,wenn,KOUS,wenn,12864,,
gdc,kscv.0,18419,18903,Woyzeck,woyzeck,sie,PPER,sie,12864,,
gdc,kscv.0,18419,18903,Woyzeck,woyzeck,sich,PRF,sich,12864,,
gdc,kscv.0,18419,18903,Woyzeck,woyzeck,baden,VVINF,baden,12864,,
gdc,kscv.0,18419,18903,Woyzeck,woyzeck,",","$,",--,12864,,
gdc,kscv.0,18419,18903,Woyzeck,woyzeck,so,ADV,so,12864,,
gdc,kscv.0,18419,18903,Woyzeck,woyzeck,jezt,VVFIN,jezt,12864,,
gdc,kscv.0,18419,18903,Woyzeck,woyzeck,–,PPER,–,12864,,
gdc,kscv.0,18419,18903,Woyzeck,woyzeck,aber,ADV,aber,12864,,
gdc,kscv.0,18419,18903,Woyzeck,woyzeck,im,APPRART,in,12864,,
gdc,kscv.0,18419,18903,Woyzeck,woyzeck,Sommer,NN,sommer,12864,,
gdc,kscv.0,18419,18903,Woyzeck,woyzeck,",","$,",--,12864,,
gdc,kscv.0,18419,18903,Woyzeck,woyzeck,wenn,KOUS,wenn,12864,,
gdc,kscv.0,18419,18903,Woyzeck,woyzeck,sie,PPER,sie,12864,,
gdc,kscv.0,18419,18903,Woyzeck,woyzeck,tauchen,VVFIN,tauchen,12864,,
gdc,kscv.0,18419,18903,Woyzeck,woyzeck,nach,APPR,nach,12864,,
gdc,kscv.0,18419,18903,Woyzeck,woyzeck,Muscheln,NN,muschel,12864,,
gdc,kscv.0,18419,18903,Woyzeck,woyzeck,",","$,",--,12864,,
gdc,kscv.0,18419,18903,Woyzeck,woyzeck,bah,VVFIN,bah,12864,,
gdc,kscv.0,18419,18903,Woyzeck,woyzeck,es,PPER,es,12864,,
gdc,kscv.0,18419,18903,Woyzeck,woyzeck,wird,VAFIN,werden,12864,,
gdc,kscv.0,18419,18903,Woyzeck,woyzeck,rostig,ADJD,rostig,12864,,
gdc,kscv.0,18419,18903,Woyzeck,woyzeck,.,$.,--,12864,,
gdc,kscv.0,18419,18903,Woyzeck,woyzeck,Wer,PWS,wer,12864,,
gdc,kscv.0,18419,18903,Woyzeck,woyzeck,kann,VMFIN,können,12864,,
gdc,kscv.0,18419,18903,Woyzeck,woyzeck,',$(,--,12864,,
gdc,kscv.0,18419,18903,Woyzeck,woyzeck,s,PPER,--,12864,,
gdc,kscv.0,18419,18903,Woyzeck,woyzeck,erkennen,VVINF,erkennen,12864,,
gdc,kscv.0,18419,18903,Woyzeck,woyzeck,–,XY,–,12864,,
gdc,kscv.0,18419,18903,Woyzeck,woyzeck,hätt,VAFIN,hätt,12864,,
gdc,kscv.0,18419,18903,Woyzeck,woyzeck,',$(,--,12864,,
gdc,kscv.0,18419,18903,Woyzeck,woyzeck,ich,PPER,ich,12864,woyzeck,(1)
gdc,kscv.0,18419,18903,Woyzeck,woyzeck,es,PPER,es,12864,,
gdc,kscv.0,18419,18903,Woyzeck,woyzeck,zerbrochen,VVPP,zerbrechen,12864,,
gdc,kscv.0,18419,18903,Woyzeck,woyzeck,"!",$.,--,12864,,
gdc,kscv.0,18419,18903,Woyzeck,woyzeck,Bin,VAFIN,sein,12864,,
gdc,kscv.0,18419,18903,Woyzeck,woyzeck,ich,PPER,ich,12864,woyzeck,(1)
gdc,kscv.0,18419,18903,Woyzeck,woyzeck,noch,ADV,noch,12864,,
gdc,kscv.0,18419,18903,Woyzeck,woyzeck,blutig,ADJD,blutig,12864,,
gdc,kscv.0,18419,18903,Woyzeck,woyzeck,?,$.,--,12864,,
gdc,kscv.0,18419,18903,Woyzeck,woyzeck,ich,PPER,ich,12864,woyzeck,(1)
gdc,kscv.0,18419,18903,Woyzeck,woyzeck,muß,VMFIN,müssen,12864,,
gdc,kscv.0,18419,18903,Woyzeck,woyzeck,mich,PPER,mich,12864,woyzeck,(1)
gdc,kscv.0,18419,18903,Woyzeck,woyzeck,waschen,VVINF,waschen,12864,,
gdc,kscv.0,18419,18903,Woyzeck,woyzeck,.,$.,--,12864,,
gdc,kscv.0,18419,18903,Woyzeck,woyzeck,Da,KOUS,da,12864,,
gdc,kscv.0,18419,18903,Woyzeck,woyzeck,ein,ART,ein,12864,,
gdc,kscv.0,18419,18903,Woyzeck,woyzeck,Fleck,NN,fleck,12864,,
gdc,kscv.0,18419,18903,Woyzeck,woyzeck,und,KON,und,12864,,
gdc,kscv.0,18419,18903,Woyzeck,woyzeck,da,ADV,da,12864,,
gdc,kscv.0,18419,18903,Woyzeck,woyzeck,noch,ADV,noch,12864,,
gdc,kscv.0,18419,18903,Woyzeck,woyzeck,einer,PIS,ein,12864,,
gdc,kscv.0,18419,18903,Woyzeck,woyzeck,.,$.,--,12864,,
gdc,kscv.0,18967,19125,Gerichtsdiener,gerichtsdiener,Ein,ART,ein,12864,,
gdc,kscv.0,18967,19125,Gerichtsdiener,gerichtsdiener,guter,ADJA,gut,12864,,
gdc,kscv.0,18967,19125,Gerichtsdiener,gerichtsdiener,Mord,NN,mord,12864,,
gdc,kscv.0,18967,19125,Gerichtsdiener,gerichtsdiener,",","$,",--,12864,,
gdc,kscv.0,18967,19125,Gerichtsdiener,gerichtsdiener,ein,ART,ein,12864,,
gdc,kscv.0,18967,19125,Gerichtsdiener,gerichtsdiener,ächter,ADJA,ächt,12864,,
gdc,kscv.0,18967,19125,Gerichtsdiener,gerichtsdiener,Mord,NN,mord,12864,,
gdc,kscv.0,18967,19125,Gerichtsdiener,gerichtsdiener,",","$,",--,12864,,
gdc,kscv.0,18967,19125,Gerichtsdiener,gerichtsdiener,ein,ART,ein,12864,,
gdc,kscv.0,18967,19125,Gerichtsdiener,gerichtsdiener,schöner,ADJA,schön,12864,,
gdc,kscv.0,18967,19125,Gerichtsdiener,gerichtsdiener,Mord,NN,mord,12864,,
gdc,kscv.0,18967,19125,Gerichtsdiener,gerichtsdiener,",","$,",--,12864,,
gdc,kscv.0,18967,19125,Gerichtsdiener,gerichtsdiener,so,ADV,so,12864,,
gdc,kscv.0,18967,19125,Gerichtsdiener,gerichtsdiener,schön,ADJD,schön,12864,,
gdc,kscv.0,18967,19125,Gerichtsdiener,gerichtsdiener,als,KOKOM,als,12864,,
gdc,kscv.0,18967,19125,Gerichtsdiener,gerichtsdiener,man,PIS,man,12864,,
gdc,kscv.0,18967,19125,Gerichtsdiener,gerichtsdiener,ihn,PPER,ihn,12864,,
gdc,kscv.0,18967,19125,Gerichtsdiener,gerichtsdiener,nur,ADV,nur,12864,,
gdc,kscv.0,18967,19125,Gerichtsdiener,gerichtsdiener,verlangen,VVINF,verlangen,12864,,
gdc,kscv.0,18967,19125,Gerichtsdiener,gerichtsdiener,thun,VVINF,thun,12864,,
gdc,kscv.0,18967,19125,Gerichtsdiener,gerichtsdiener,kann,VMFIN,können,12864,,
gdc,kscv.0,18967,19125,Gerichtsdiener,gerichtsdiener,",","$,",--,12864,,
gdc,kscv.0,18967,19125,Gerichtsdiener,gerichtsdiener,wir,PPER,wir,12864,,
gdc,kscv.0,18967,19125,Gerichtsdiener,gerichtsdiener,haben,VAFIN,haben,12864,,
gdc,kscv.0,18967,19125,Gerichtsdiener,gerichtsdiener,schon,ADV,schon,12864,,
gdc,kscv.0,18967,19125,Gerichtsdiener,gerichtsdiener,lange,ADV,lange,12864,,
gdc,kscv.0,18967,19125,Gerichtsdiener,gerichtsdiener,so,ADV,so,12864,,
gdc,kscv.0,18967,19125,Gerichtsdiener,gerichtsdiener,kein,PIAT,kein,12864,,
gdc,kscv.0,18967,19125,Gerichtsdiener,gerichtsdiener,gehabt,VAPP,haben,12864,,
gdc,kscv.0,18967,19125,Gerichtsdiener,gerichtsdiener,.,$.,--,12864,,
gdc,kscv.0,18967,19125,Gerichtsdiener,gerichtsdiener,–,XY,–,12864,,
gdc,kscv.0,18967,19125,Gerichtsdiener,gerichtsdiener,–,XY,–,12864,,
gdc,kscv.0,18967,19125,Gerichtsdiener,gerichtsdiener,–,XY,–,12864,,
gdc,kscv.0,18967,19125,Gerichtsdiener,gerichtsdiener,–,XY,–,12864,,
gdc,kscv.0,19130,19203,Barbier,barbier,Dogmatischer,ADJA,dogmatisch,12864,,
gdc,kscv.0,19130,19203,Barbier,barbier,Atheist,NN,atheist,12864,,
gdc,kscv.0,19130,19203,Barbier,barbier,.,$.,--,12864,,
gdc,kscv.0,19130,19203,Barbier,barbier,Lang,ADJD,lang,12864,,
gdc,kscv.0,19130,19203,Barbier,barbier,",","$,",--,12864,,
gdc,kscv.0,19130,19203,Barbier,barbier,hager,ADJD,hager,12864,,
gdc,kscv.0,19130,19203,Barbier,barbier,",","$,",--,12864,,
gdc,kscv.0,19130,19203,Barbier,barbier,feig,ADJD,feig,12864,,
gdc,kscv.0,19130,19203,Barbier,barbier,",","$,",--,12864,,
gdc,kscv.0,19130,19203,Barbier,barbier,schlecht,ADJD,schlecht,12864,,
gdc,kscv.0,19130,19203,Barbier,barbier,",","$,",--,12864,,
gdc,kscv.0,19130,19203,Barbier,barbier,Wissenschftl,NN,wissenschftl,12864,,
gdc,kscv.0,19130,19203,Barbier,barbier,.,$.,--,12864,,
gdc,kscv.0,19367,19615,Andres,andres,Da,ADV,da,12864,,
gdc,kscv.0,19367,19615,Andres,andres,ist,VAFIN,sein,12864,,
gdc,kscv.0,19367,19615,Andres,andres,die,ART,der,12864,,
gdc,kscv.0,19367,19615,Andres,andres,schöne,ADJA,schön,12864,,
gdc,kscv.0,19367,19615,Andres,andres,Jägerei,NN,jägerei,12864,,
gdc,kscv.0,19367,19615,Andres,andres,",","$,",--,12864,,
gdc,kscv.0,19367,19615,Andres,andres,Schießen,NE,schießen,12864,,
gdc,kscv.0,19367,19615,Andres,andres,steht,VVFIN,stehen,12864,,
gdc,kscv.0,19367,19615,Andres,andres,Jedem,PIAT,jeder,12864,,
gdc,kscv.0,19367,19615,Andres,andres,frei,PTKVZ,frei,12864,,
gdc,kscv.0,19367,19615,Andres,andres,;,$.,--,12864,,
gdc,kscv.0,19367,19615,Andres,andres,Da,ADV,da,12864,,
gdc,kscv.0,19367,19615,Andres,andres,möcht,VMFIN,möchen,12864,,
gdc,kscv.0,19367,19615,Andres,andres,',$(,--,12864,,
gdc,kscv.0,19367,19615,Andres,andres,ich,PPER,ich,12864,andres,(4)
gdc,kscv.0,19367,19615,Andres,andres,Jäger,NN,jäger,12864,,
gdc,kscv.0,19367,19615,Andres,andres,seyn,NE,seyn,12864,,
gdc,kscv.0,19367,19615,Andres,andres,",","$,",--,12864,,
gdc,kscv.0,19367,19615,Andres,andres,Da,ADV,da,12864,,
gdc,kscv.0,19367,19615,Andres,andres,möcht,VMFIN,möchen,12864,,
gdc,kscv.0,19367,19615,Andres,andres,ich,PPER,ich,12864,andres,(4)
gdc,kscv.0,19367,19615,Andres,andres,hin,PTKVZ,hin,12864,,
gdc,kscv.0,19367,19615,Andres,andres,.,$.,--,12864,,
gdc,kscv.0,19367,19615,Andres,andres,Läuft,VVFIN,laufen,12864,,
gdc,kscv.0,19367,19615,Andres,andres,dort,ADV,dort,12864,,
gdc,kscv.0,19367,19615,Andres,andres,e,NN,E,12864,,
gdc,kscv.0,19367,19615,Andres,andres,Has,NE,--,12864,,
gdc,kscv.0,19367,19615,Andres,andres,vorbey,NE,vorbey,12864,,
gdc,kscv.0,19367,19615,Andres,andres,",","$,",--,12864,,
gdc,kscv.0,19367,19615,Andres,andres,Frägt,VVFIN,frägt,12864,,
gdc,kscv.0,19367,19615,Andres,andres,mich,PPER,mich,12864,andres,(4)
gdc,kscv.0,19367,19615,Andres,andres,ob,KOUS,ob,12864,,
gdc,kscv.0,19367,19615,Andres,andres,ich,PPER,ich,12864,andres,(4)
gdc,kscv.0,19367,19615,Andres,andres,Jäger,NN,jäger,12864,,
gdc,kscv.0,19367,19615,Andres,andres,sey,NE,sey,12864,,
gdc,kscv.0,19367,19615,Andres,andres,.,$.,--,12864,,
gdc,kscv.0,19367,19615,Andres,andres,Jäger,NN,jäger,12864,,
gdc,kscv.0,19367,19615,Andres,andres,bin,VAFIN,sein,12864,,
gdc,kscv.0,19367,19615,Andres,andres,ich,PPER,ich,12864,andres,(4)
gdc,kscv.0,19367,19615,Andres,andres,auch,ADV,auch,12864,,
gdc,kscv.0,19367,19615,Andres,andres,schon,ADV,schon,12864,,
gdc,kscv.0,19367,19615,Andres,andres,gewesen,VAPP,sein,12864,,
gdc,kscv.0,19367,19615,Andres,andres,",","$,",--,12864,,
gdc,kscv.0,19367,19615,Andres,andres,Schießen,NE,schießen,12864,,
gdc,kscv.0,19367,19615,Andres,andres,kann,VMFIN,können,12864,,
gdc,kscv.0,19367,19615,Andres,andres,ich,PPER,ich,12864,andres,(4)
gdc,kscv.0,19367,19615,Andres,andres,aber,ADV,aber,12864,,
gdc,kscv.0,19367,19615,Andres,andres,nit,PTKVZ,nit,12864,,
gdc,kscv.0,19367,19615,Andres,andres,.,$.,--,12864,,
gdc,kscv.0,19621,19953,Woyzeck,woyzeck,Ja,PTKANT,ja,12864,,
gdc,kscv.0,19621,19953,Woyzeck,woyzeck,Andres,NE,andres,12864,andres,(4)
gdc,kscv.0,19621,19953,Woyzeck,woyzeck,",","$,",--,12864,,
gdc,kscv.0,19621,19953,Woyzeck,woyzeck,das,PDS,der,12864,,
gdc,kscv.0,19621,19953,Woyzeck,woyzeck,ist,VAFIN,sein,12864,,
gdc,kscv.0,19621,19953,Woyzeck,woyzeck,er,PPER,er,12864,,
gdc,kscv.0,19621,19953,Woyzeck,woyzeck,–,NN,–,12864,,
gdc,kscv.0,19621,19953,Woyzeck,woyzeck,der,ART,der,12864,,
gdc,kscv.0,19621,19953,Woyzeck,woyzeck,Platz,NN,platz,12864,,
gdc,kscv.0,19621,19953,Woyzeck,woyzeck,ist,VAFIN,sein,12864,,
gdc,kscv.0,19621,19953,Woyzeck,woyzeck,verflucht,VVPP,verfluchen,12864,,
gdc,kscv.0,19621,19953,Woyzeck,woyzeck,.,$.,--,12864,,
gdc,kscv.0,19621,19953,Woyzeck,woyzeck,Siehst,VVFIN,siehst,12864,,
gdc,kscv.0,19621,19953,Woyzeck,woyzeck,du,PPER,du,12864,,
gdc,kscv.0,19621,19953,Woyzeck,woyzeck,den,ART,der,12864,,
gdc,kscv.0,19621,19953,Woyzeck,woyzeck,leuchtenden,ADJA,leuchtend,12864,,
gdc,kscv.0,19621,19953,Woyzeck,woyzeck,Streif,NN,streif,12864,,
gdc,kscv.0,19621,19953,Woyzeck,woyzeck,",","$,",--,12864,,
gdc,kscv.0,19621,19953,Woyzeck,woyzeck,da,KOUS,da,12864,,
gdc,kscv.0,19621,19953,Woyzeck,woyzeck,über,APPR,über,12864,,
gdc,kscv.0,19621,19953,Woyzeck,woyzeck,das,ART,der,12864,,
gdc,kscv.0,19621,19953,Woyzeck,woyzeck,Gras,NN,gras,12864,,
gdc,kscv.0,19621,19953,Woyzeck,woyzeck,hin,PTKVZ,hin,12864,,
gdc,kscv.0,19621,19953,Woyzeck,woyzeck,",","$,",--,12864,,
gdc,kscv.0,19621,19953,Woyzeck,woyzeck,wo,PWAV,wo,12864,,
gdc,kscv.0,19621,19953,Woyzeck,woyzeck,die,ART,der,12864,,
gdc,kscv.0,19621,19953,Woyzeck,woyzeck,Schwämme,NN,schwämme,12864,,
gdc,kscv.0,19621,19953,Woyzeck,woyzeck,so,ADV,so,12864,,
gdc,kscv.0,19621,19953,Woyzeck,woyzeck,nachwachsen,VVINF,nachwachsen,12864,,
gdc,kscv.0,19621,19953,Woyzeck,woyzeck,?,$.,--,12864,,
gdc,kscv.0,19621,19953,Woyzeck,woyzeck,da,ADV,da,12864,,
gdc,kscv.0,19621,19953,Woyzeck,woyzeck,rollt,VVFIN,rollen,12864,,
gdc,kscv.0,19621,19953,Woyzeck,woyzeck,Abends,ADV,abend,12864,,
gdc,kscv.0,19621,19953,Woyzeck,woyzeck,der,ART,der,12864,,
gdc,kscv.0,19621,19953,Woyzeck,woyzeck,Kopf,NN,kopf,12864,,
gdc,kscv.0,19621,19953,Woyzeck,woyzeck,",","$,",--,12864,,
gdc,kscv.0,19621,19953,Woyzeck,woyzeck,es,PPER,es,12864,,
gdc,kscv.0,19621,19953,Woyzeck,woyzeck,hob,VVFIN,heben,12864,,
gdc,kscv.0,19621,19953,Woyzeck,woyzeck,ihn,PPER,ihn,12864,,
gdc,kscv.0,19621,19953,Woyzeck,woyzeck,eimal,ADV,eimal,12864,,
gdc,kscv.0,19621,19953,Woyzeck,woyzeck,einer,PIS,ein,12864,,
gdc,kscv.0,19621,19953,Woyzeck,woyzeck,auf,PTKVZ,auf,12864,,
gdc,kscv.0,19621,19953,Woyzeck,woyzeck,",","$,",--,12864,,
gdc,kscv.0,19621,19953,Woyzeck,woyzeck,er,PPER,er,12864,,
gdc,kscv.0,19621,19953,Woyzeck,woyzeck,meint,VVFIN,meinen,12864,,
gdc,kscv.0,19621,19953,Woyzeck,woyzeck,',$(,--,12864,,
gdc,kscv.0,19621,19953,Woyzeck,woyzeck,es,PPER,es,12864,,
gdc,kscv.0,19621,19953,Woyzeck,woyzeck,sey,NE,sey,12864,,
gdc,kscv.0,19621,19953,Woyzeck,woyzeck,ein,ART,ein,12864,,
gdc,kscv.0,19621,19953,Woyzeck,woyzeck,Igel,NN,igel,12864,,
gdc,kscv.0,19621,19953,Woyzeck,woyzeck,",","$,",--,12864,,
gdc,kscv.0,19621,19953,Woyzeck,woyzeck,3,CARD,3,12864,,
gdc,kscv.0,19621,19953,Woyzeck,woyzeck,Tage,NN,tag,12864,,
gdc,kscv.0,19621,19953,Woyzeck,woyzeck,und,KON,und,12864,,
gdc,kscv.0,19621,19953,Woyzeck,woyzeck,3,CARD,3,12864,,
gdc,kscv.0,19621,19953,Woyzeck,woyzeck,Nächte,NN,nacht,12864,,
gdc,kscv.0,19621,19953,Woyzeck,woyzeck,",","$,",--,12864,,
gdc,kscv.0,19621,19953,Woyzeck,woyzeck,er,PPER,er,12864,,
gdc,kscv.0,19621,19953,Woyzeck,woyzeck,wurde,VAFIN,werden,12864,,
gdc,kscv.0,19621,19953,Woyzeck,woyzeck,zwerch,ADJD,zwerch,12864,,
gdc,kscv.0,19621,19953,Woyzeck,woyzeck,",","$,",--,12864,,
gdc,kscv.0,19621,19953,Woyzeck,woyzeck,und,KON,und,12864,,
gdc,kscv.0,19621,19953,Woyzeck,woyzeck,er,PPER,er,12864,,
gdc,kscv.0,19621,19953,Woyzeck,woyzeck,war,VAFIN,sein,12864,,
gdc,kscv.0,19621,19953,Woyzeck,woyzeck,todt,ADJD,todt,12864,,
gdc,kscv.0,19621,19953,Woyzeck,woyzeck,.,$.,--,12864,,
gdc,kscv.0,19621,19953,Woyzeck,woyzeck,Das,PDS,der,12864,,
gdc,kscv.0,19621,19953,Woyzeck,woyzeck,waren,VAFIN,sein,12864,,
gdc,kscv.0,19621,19953,Woyzeck,woyzeck,die,ART,der,12864,,
gdc,kscv.0,19621,19953,Woyzeck,woyzeck,Freimaurer,NN,freimaurer,12864,,
gdc,kscv.0,19621,19953,Woyzeck,woyzeck,",","$,",--,12864,,
gdc,kscv.0,19621,19953,Woyzeck,woyzeck,ich,PPER,ich,12864,woyzeck,(1)
gdc,kscv.0,19621,19953,Woyzeck,woyzeck,hab,VVFIN,hab,12864,,
gdc,kscv.0,19621,19953,Woyzeck,woyzeck,',$(,--,12864,,
gdc,kscv.0,19621,19953,Woyzeck,woyzeck,es,PPER,es,12864,,
gdc,kscv.0,19621,19953,Woyzeck,woyzeck,haus,PTKVZ,haus,12864,,
gdc,kscv.0,19621,19953,Woyzeck,woyzeck,.,$.,--,12864,,
gdc,kscv.0,19958,20018,Andres,andres,Es,PPER,es,12864,,
gdc,kscv.0,19958,20018,Andres,andres,wird,VAFIN,werden,12864,,
gdc,kscv.0,19958,20018,Andres,andres,finster,ADJD,finster,12864,,
gdc,kscv.0,19958,20018,Andres,andres,",","$,",--,12864,,
gdc,kscv.0,19958,20018,Andres,andres,fast,ADV,fast,12864,,
gdc,kscv.0,19958,20018,Andres,andres,macht,VVFIN,machen,12864,,
gdc,kscv.0,19958,20018,Andres,andres,Ihr,PPER,ihr,12864,,
gdc,kscv.0,19958,20018,Andres,andres,mir,PPER,sich,12864,andres,(4)
gdc,kscv.0,19958,20018,Andres,andres,Angst,NN,angst,12864,,
gdc,kscv.0,19958,20018,Andres,andres,.,$.,--,12864,,
gdc,kscv.0,20023,20203,Woyzeck,woyzeck,Hörst,VVFIN,hörst,12864,,
gdc,kscv.0,20023,20203,Woyzeck,woyzeck,du,PPER,du,12864,,
gdc,kscv.0,20023,20203,Woyzeck,woyzeck,',$(,--,12864,,
gdc,kscv.0,20023,20203,Woyzeck,woyzeck,s,PPER,--,12864,,
gdc,kscv.0,20023,20203,Woyzeck,woyzeck,Andres,NE,andres,12864,andres,(4)
gdc,kscv.0,20023,20203,Woyzeck,woyzeck,?,$.,--,12864,,
gdc,kscv.0,20023,20203,Woyzeck,woyzeck,Hörst,VVFIN,hörst,12864,,
gdc,kscv.0,20023,20203,Woyzeck,woyzeck,du,PPER,du,12864,,
gdc,kscv.0,20023,20203,Woyzeck,woyzeck,',$(,--,12864,,
gdc,kscv.0,20023,20203,Woyzeck,woyzeck,s,PPER,--,12864,,
gdc,kscv.0,20023,20203,Woyzeck,woyzeck,es,PPER,es,12864,,
gdc,kscv.0,20023,20203,Woyzeck,woyzeck,geht,VVFIN,gehen,12864,,
gdc,kscv.0,20023,20203,Woyzeck,woyzeck,neben,APPR,neben,12864,,
gdc,kscv.0,20023,20203,Woyzeck,woyzeck,uns,PPER,uns,12864,,
gdc,kscv.0,20023,20203,Woyzeck,woyzeck,",","$,",--,12864,,
gdc,kscv.0,20023,20203,Woyzeck,woyzeck,unter,APPR,unter,12864,,
gdc,kscv.0,20023,20203,Woyzeck,woyzeck,uns,PPER,uns,12864,,
gdc,kscv.0,20023,20203,Woyzeck,woyzeck,.,$.,--,12864,,
gdc,kscv.0,20023,20203,Woyzeck,woyzeck,Fort,NN,fort,12864,,
gdc,kscv.0,20023,20203,Woyzeck,woyzeck,",","$,",--,12864,,
gdc,kscv.0,20023,20203,Woyzeck,woyzeck,die,ART,der,12864,,
gdc,kscv.0,20023,20203,Woyzeck,woyzeck,Erde,NN,erde,12864,,
gdc,kscv.0,20023,20203,Woyzeck,woyzeck,schwankt,VVFIN,schwanken,12864,,
gdc,kscv.0,20023,20203,Woyzeck,woyzeck,unter,APPR,unter,12864,,
gdc,kscv.0,20023,20203,Woyzeck,woyzeck,unsern,PPOSAT,unsern,12864,,
gdc,kscv.0,20023,20203,Woyzeck,woyzeck,Sohlen,NN,sohle,12864,,
gdc,kscv.0,20023,20203,Woyzeck,woyzeck,.,$.,--,12864,,
gdc,kscv.0,20023,20203,Woyzeck,woyzeck,Die,ART,der,12864,,
gdc,kscv.0,20023,20203,Woyzeck,woyzeck,Freimaurer,NN,freimaurer,12864,,
gdc,kscv.0,20023,20203,Woyzeck,woyzeck,"!",$.,--,12864,,
gdc,kscv.0,20023,20203,Woyzeck,woyzeck,Wie,PWAV,wie,12864,,
gdc,kscv.0,20023,20203,Woyzeck,woyzeck,sie,PPER,sie,12864,,
gdc,kscv.0,20023,20203,Woyzeck,woyzeck,wühlen,VVINF,wühlen,12864,,
gdc,kscv.0,20023,20203,Woyzeck,woyzeck,"!",$.,--,12864,,
gdc,kscv.0,20208,20249,Andres,andres,Laßt,VVIMP,lassen,12864,,
gdc,kscv.0,20208,20249,Andres,andres,mich,PPER,mich,12864,andres,(4)
gdc,kscv.0,20208,20249,Andres,andres,"!",$.,--,12864,,
gdc,kscv.0,20208,20249,Andres,andres,Seyd,KON,seyd,12864,,
gdc,kscv.0,20208,20249,Andres,andres,Ihr,PPER,ihr,12864,,
gdc,kscv.0,20208,20249,Andres,andres,toll,VMFIN,toll,12864,,
gdc,kscv.0,20208,20249,Andres,andres,"!",$.,--,12864,,
gdc,kscv.0,20208,20249,Andres,andres,Teufel,NE,teufel,12864,,
gdc,kscv.0,20208,20249,Andres,andres,.,$.,--,12864,,
gdc,kscv.0,20254,20448,Woyzeck,woyzeck,Bist,VAFIN,sein,12864,,
gdc,kscv.0,20254,20448,Woyzeck,woyzeck,du,PPER,du,12864,,
gdc,kscv.0,20254,20448,Woyzeck,woyzeck,ein,ART,ein,12864,,
gdc,kscv.0,20254,20448,Woyzeck,woyzeck,Maulwurf,NN,maulwurf,12864,,
gdc,kscv.0,20254,20448,Woyzeck,woyzeck,",","$,",--,12864,,
gdc,kscv.0,20254,20448,Woyzeck,woyzeck,sind,VAFIN,sein,12864,,
gdc,kscv.0,20254,20448,Woyzeck,woyzeck,dei,CARD,dei,12864,,
gdc,kscv.0,20254,20448,Woyzeck,woyzeck,Ohre,NN,ohre,12864,,
gdc,kscv.0,20254,20448,Woyzeck,woyzeck,voll,APPR,voll,12864,,
gdc,kscv.0,20254,20448,Woyzeck,woyzeck,Sand,NN,sand,12864,,
gdc,kscv.0,20254,20448,Woyzeck,woyzeck,?,$.,--,12864,,
gdc,kscv.0,20254,20448,Woyzeck,woyzeck,Hörst,VVFIN,hörst,12864,,
gdc,kscv.0,20254,20448,Woyzeck,woyzeck,du,PPER,du,12864,,
gdc,kscv.0,20254,20448,Woyzeck,woyzeck,das,ART,der,12864,,
gdc,kscv.0,20254,20448,Woyzeck,woyzeck,fürchterliche,ADJA,fürchterlich,12864,,
gdc,kscv.0,20254,20448,Woyzeck,woyzeck,Getös,NN,getös,12864,,
gdc,kscv.0,20254,20448,Woyzeck,woyzeck,am,APPRART,an,12864,,
gdc,kscv.0,20254,20448,Woyzeck,woyzeck,Himmel,NN,himmel,12864,,
gdc,kscv.0,20254,20448,Woyzeck,woyzeck,?,$.,--,12864,,
gdc,kscv.0,20254,20448,Woyzeck,woyzeck,Ueber,APPR,ueber,12864,,
gdc,kscv.0,20254,20448,Woyzeck,woyzeck,der,ART,der,12864,,
gdc,kscv.0,20254,20448,Woyzeck,woyzeck,Stadt,NN,stadt,12864,,
gdc,kscv.0,20254,20448,Woyzeck,woyzeck,.,$.,--,12864,,
gdc,kscv.0,20254,20448,Woyzeck,woyzeck,Alles,PIAT,alle,12864,,
gdc,kscv.0,20254,20448,Woyzeck,woyzeck,Gluth,NN,gluth,12864,,
gdc,kscv.0,20254,20448,Woyzeck,woyzeck,"!",$.,--,12864,,
gdc,kscv.0,20254,20448,Woyzeck,woyzeck,Sieh,NE,sieh,12864,,
gdc,kscv.0,20254,20448,Woyzeck,woyzeck,nicht,PTKNEG,nicht,12864,,
gdc,kscv.0,20254,20448,Woyzeck,woyzeck,hinter,APPR,hinter,12864,,
gdc,kscv.0,20254,20448,Woyzeck,woyzeck,dich,PPER,dich,12864,,
gdc,kscv.0,20254,20448,Woyzeck,woyzeck,.,$.,--,12864,,
gdc,kscv.0,20254,20448,Woyzeck,woyzeck,Wie,PWAV,wie,12864,,
gdc,kscv.0,20254,20448,Woyzeck,woyzeck,es,PPER,es,12864,,
gdc,kscv.0,20254,20448,Woyzeck,woyzeck,hervorschießt,VVFIN,hervorschießen,12864,,
gdc,kscv.0,20254,20448,Woyzeck,woyzeck,",","$,",--,12864,,
gdc,kscv.0,20254,20448,Woyzeck,woyzeck,und,KON,und,12864,,
gdc,kscv.0,20254,20448,Woyzeck,woyzeck,Alles,PIS,alle,12864,,
gdc,kscv.0,20254,20448,Woyzeck,woyzeck,donnert,VVFIN,donnern,12864,,
gdc,kscv.0,20254,20448,Woyzeck,woyzeck,.,$.,--,12864,,
gdc,kscv.0,20453,20481,Andres,andres,Du,PPER,du,12864,,
gdc,kscv.0,20453,20481,Andres,andres,machst,VVFIN,machen,12864,,
gdc,kscv.0,20453,20481,Andres,andres,mir,PPER,sich,12864,andres,(4)
gdc,kscv.0,20453,20481,Andres,andres,Angst,NN,angst,12864,,
gdc,kscv.0,20453,20481,Andres,andres,.,$.,--,12864,,
gdc,kscv.0,20486,20550,Woyzeck,woyzeck,Sieh,NE,sieh,12864,,
gdc,kscv.0,20486,20550,Woyzeck,woyzeck,nicht,PTKNEG,nicht,12864,,
gdc,kscv.0,20486,20550,Woyzeck,woyzeck,hinter,APPR,hinter,12864,,
gdc,kscv.0,20486,20550,Woyzeck,woyzeck,dich,PPER,dich,12864,,
gdc,kscv.0,20486,20550,Woyzeck,woyzeck,"!",$.,--,12864,,
gdc,kscv.0,20555,20591,Andres,andres,Woyzeck,KOUS,woyzeck,12864,woyzeck,(1)
gdc,kscv.0,20555,20591,Andres,andres,ich,PPER,ich,12864,andres,(4)
gdc,kscv.0,20555,20591,Andres,andres,hör,VAFIN,hör,12864,,
gdc,kscv.0,20555,20591,Andres,andres,nichts,PIS,nichts,12864,,
gdc,kscv.0,20555,20591,Andres,andres,mehr,ADV,mehr,12864,,
gdc,kscv.0,20555,20591,Andres,andres,.,$.,--,12864,,
gdc,kscv.0,20596,20636,Woyzeck,woyzeck,Still,ADJD,still,12864,,
gdc,kscv.0,20596,20636,Woyzeck,woyzeck,",","$,",--,12864,,
gdc,kscv.0,20596,20636,Woyzeck,woyzeck,ganz,ADV,ganz,12864,,
gdc,kscv.0,20596,20636,Woyzeck,woyzeck,still,ADJD,still,12864,,
gdc,kscv.0,20596,20636,Woyzeck,woyzeck,",","$,",--,12864,,
gdc,kscv.0,20596,20636,Woyzeck,woyzeck,wie,KOKOM,wie,12864,,
gdc,kscv.0,20596,20636,Woyzeck,woyzeck,der,ART,der,12864,,
gdc,kscv.0,20596,20636,Woyzeck,woyzeck,Tod,NN,tod,12864,,
gdc,kscv.0,20596,20636,Woyzeck,woyzeck,.,$.,--,12864,,
gdc,kscv.0,20641,20684,Andres,andres,Sie,PPER,sie,12864,,
gdc,kscv.0,20641,20684,Andres,andres,trommeln,VVFIN,trommeln,12864,,
gdc,kscv.0,20641,20684,Andres,andres,drin,ADV,drin,12864,,
gdc,kscv.0,20641,20684,Andres,andres,.,$.,--,12864,,
gdc,kscv.0,20641,20684,Andres,andres,Wir,PPER,wir,12864,,
gdc,kscv.0,20641,20684,Andres,andres,müssen,VMFIN,müssen,12864,,
gdc,kscv.0,20641,20684,Andres,andres,fort,PTKVZ,fort,12864,,
gdc,kscv.0,20641,20684,Andres,andres,.,$.,--,12864,,
gdc,kscv.0,20806,20841,Marie,marie,He,XY,--,12864,,
gdc,kscv.0,20806,20841,Marie,marie,"!",$.,--,12864,,
gdc,kscv.0,20806,20841,Marie,marie,Bub,NE,bub,12864,,
gdc,kscv.0,20806,20841,Marie,marie,"!",$.,--,12864,,
gdc,kscv.0,20806,20841,Marie,marie,Se,PTKZU,--,12864,,
gdc,kscv.0,20806,20841,Marie,marie,kommen,VVINF,kommen,12864,,
gdc,kscv.0,20806,20841,Marie,marie,.,$.,--,12864,,
gdc,kscv.0,20846,20873,Margreth,margreth,Ein,ART,ein,12864,,
gdc,kscv.0,20846,20873,Margreth,margreth,schöner,ADJA,schön,12864,,
gdc,kscv.0,20846,20873,Margreth,margreth,Mann,NN,mann,12864,,
gdc,kscv.0,20846,20873,Margreth,margreth,"!",$.,--,12864,,
gdc,kscv.0,20878,20926,Marie,marie,Wie,PWAV,wie,12864,,
gdc,kscv.0,20878,20926,Marie,marie,e,ADJA,E,12864,,
gdc,kscv.0,20878,20926,Marie,marie,Baum,NN,baum,12864,,
gdc,kscv.0,20878,20926,Marie,marie,.,$.,--,12864,,
gdc,kscv.0,20930,21012,Margreth,margreth,Ey,NE,ey,12864,,
gdc,kscv.0,20930,21012,Margreth,margreth,was,APPRART,was,12864,,
gdc,kscv.0,20930,21012,Margreth,margreth,freundliche,ADJA,freundlich,12864,,
gdc,kscv.0,20930,21012,Margreth,margreth,Auge,NN,auge,12864,,
gdc,kscv.0,20930,21012,Margreth,margreth,",","$,",--,12864,,
gdc,kscv.0,20930,21012,Margreth,margreth,Frau,NN,frau,12864,,
gdc,kscv.0,20930,21012,Margreth,margreth,Nachbar,NN,nachbar,12864,,
gdc,kscv.0,20930,21012,Margreth,margreth,",","$,",--,12864,,
gdc,kscv.0,20930,21012,Margreth,margreth,so,ADV,so,12864,,
gdc,kscv.0,20930,21012,Margreth,margreth,was,PIS,was,12864,,
gdc,kscv.0,20930,21012,Margreth,margreth,is,PPER,--,12864,,
gdc,kscv.0,20930,21012,Margreth,margreth,man,PIS,man,12864,,
gdc,kscv.0,20930,21012,Margreth,margreth,nit,ADV,nit,12864,,
gdc,kscv.0,20930,21012,Margreth,margreth,an,APPR,an,12864,,
gdc,kscv.0,20930,21012,Margreth,margreth,Ihr,PPER,ihr,12864,,
gdc,kscv.0,20930,21012,Margreth,margreth,gewohnt,VVPP,wohnen,12864,,
gdc,kscv.0,20930,21012,Margreth,margreth,.,$.,--,12864,,
gdc,kscv.0,21017,21071,Marie,marie,Soldaten,NN,soldat,12864,,
gdc,kscv.0,21017,21071,Marie,marie,",","$,",--,12864,,
gdc,kscv.0,21017,21071,Marie,marie,das,PDS,der,12864,,
gdc,kscv.0,21017,21071,Marie,marie,sind,VAFIN,sein,12864,,
gdc,kscv.0,21017,21071,Marie,marie,schmucke,ADJA,schmuck,12864,,
gdc,kscv.0,21017,21071,Marie,marie,Bursch,NN,bursch,12864,,
gdc,kscv.0,21017,21071,Marie,marie,.,$.,--,12864,,
gdc,kscv.0,21017,21071,Marie,marie,.,$.,--,12864,,
gdc,kscv.0,21017,21071,Marie,marie,.,$.,--,12864,,
gdc,kscv.0,21076,21111,Margreth,margreth,Ihre,PPOSAT,ihr,12864,,
gdc,kscv.0,21076,21111,Margreth,margreth,Auge,NN,auge,12864,,
gdc,kscv.0,21076,21111,Margreth,margreth,glänze,VVFIN,glänzen,12864,,
gdc,kscv.0,21076,21111,Margreth,margreth,ja,ADV,ja,12864,,
gdc,kscv.0,21076,21111,Margreth,margreth,noch,ADV,noch,12864,,
gdc,kscv.0,21076,21111,Margreth,margreth,.,$.,--,12864,,
gdc,kscv.0,21116,21274,Marie,marie,Was,PWS,was,12864,,
gdc,kscv.0,21116,21274,Marie,marie,geht,VVFIN,gehen,12864,,
gdc,kscv.0,21116,21274,Marie,marie,Sie,PPER,sie,12864,,
gdc,kscv.0,21116,21274,Marie,marie,',$(,--,12864,,
gdc,kscv.0,21116,21274,Marie,marie,s,PPER,--,12864,,
gdc,kscv.0,21116,21274,Marie,marie,an,PTKVZ,an,12864,,
gdc,kscv.0,21116,21274,Marie,marie,"!",$.,--,12864,,
gdc,kscv.0,21116,21274,Marie,marie,Trag,VVFIN,trag,12864,,
gdc,kscv.0,21116,21274,Marie,marie,Sie,PPER,sie,12864,,
gdc,kscv.0,21116,21274,Marie,marie,Ihre,PPOSAT,ihr,12864,,
gdc,kscv.0,21116,21274,Marie,marie,Auge,NN,auge,12864,,
gdc,kscv.0,21116,21274,Marie,marie,zum,APPRART,zu,12864,,
gdc,kscv.0,21116,21274,Marie,marie,Jud,NN,jud,12864,jud,(27)
gdc,kscv.0,21116,21274,Marie,marie,und,KON,und,12864,,
gdc,kscv.0,21116,21274,Marie,marie,laß,VVFIN,lassen,12864,,
gdc,kscv.0,21116,21274,Marie,marie,sie,PPER,sie,12864,,
gdc,kscv.0,21116,21274,Marie,marie,sich,PRF,sich,12864,,
gdc,kscv.0,21116,21274,Marie,marie,putze,VVFIN,putzen,12864,,
gdc,kscv.0,21116,21274,Marie,marie,",","$,",--,12864,,
gdc,kscv.0,21116,21274,Marie,marie,vielleicht,ADV,vielleicht,12864,,
gdc,kscv.0,21116,21274,Marie,marie,glänze,VVFIN,glänzen,12864,,
gdc,kscv.0,21116,21274,Marie,marie,sie,PPER,sie,12864,,
gdc,kscv.0,21116,21274,Marie,marie,auch,ADV,auch,12864,,
gdc,kscv.0,21116,21274,Marie,marie,noch,ADV,noch,12864,,
gdc,kscv.0,21116,21274,Marie,marie,",","$,",--,12864,,
gdc,kscv.0,21116,21274,Marie,marie,daß,KOUS,daß,12864,,
gdc,kscv.0,21116,21274,Marie,marie,man,PIS,man,12864,,
gdc,kscv.0,21116,21274,Marie,marie,sie,PPER,sie,12864,,
gdc,kscv.0,21116,21274,Marie,marie,als,APPR,als,12864,,
gdc,kscv.0,21116,21274,Marie,marie,2,CARD,2,12864,,
gdc,kscv.0,21116,21274,Marie,marie,Knöpf,NN,knöpf,12864,,
gdc,kscv.0,21116,21274,Marie,marie,verkaufe,VVFIN,verkaufen,12864,,
gdc,kscv.0,21116,21274,Marie,marie,könnt,ADJD,können,12864,,
gdc,kscv.0,21116,21274,Marie,marie,.,$.,--,12864,,
gdc,kscv.0,21279,21405,Margreth,margreth,Sie,PPER,sie,12864,,
gdc,kscv.0,21279,21405,Margreth,margreth,"!",$.,--,12864,,
gdc,kscv.0,21279,21405,Margreth,margreth,Sie,PPER,sie,12864,,
gdc,kscv.0,21279,21405,Margreth,margreth,"!",$.,--,12864,,
gdc,kscv.0,21279,21405,Margreth,margreth,Frau,NN,frau,12864,,
gdc,kscv.0,21279,21405,Margreth,margreth,Jungfer,NE,jungfer,12864,,
gdc,kscv.0,21279,21405,Margreth,margreth,",","$,",--,12864,,
gdc,kscv.0,21279,21405,Margreth,margreth,ich,PPER,ich,12864,margreth,(15)
gdc,kscv.0,21279,21405,Margreth,margreth,bin,VAFIN,sein,12864,,
gdc,kscv.0,21279,21405,Margreth,margreth,e,$(,E,12864,,
gdc,kscv.0,21279,21405,Margreth,margreth,honnette,ADJA,honnett,12864,,
gdc,kscv.0,21279,21405,Margreth,margreth,Person,NN,person,12864,,
gdc,kscv.0,21279,21405,Margreth,margreth,",","$,",--,12864,,
gdc,kscv.0,21279,21405,Margreth,margreth,aber,KON,aber,12864,,
gdc,kscv.0,21279,21405,Margreth,margreth,Sie,PPER,sie,12864,,
gdc,kscv.0,21279,21405,Margreth,margreth,",","$,",--,12864,,
gdc,kscv.0,21279,21405,Margreth,margreth,es,PPER,es,12864,,
gdc,kscv.0,21279,21405,Margreth,margreth,weiß,VVFIN,weiß,12864,,
gdc,kscv.0,21279,21405,Margreth,margreth,jeder,PIS,jeder,12864,,
gdc,kscv.0,21279,21405,Margreth,margreth,",","$,",--,12864,,
gdc,kscv.0,21279,21405,Margreth,margreth,Sie,PPER,sie,12864,,
gdc,kscv.0,21279,21405,Margreth,margreth,guckt,VVFIN,gucken,12864,,
gdc,kscv.0,21279,21405,Margreth,margreth,siebe,CARD,sieb,12864,,
gdc,kscv.0,21279,21405,Margreth,margreth,Paar,NN,paar,12864,,
gdc,kscv.0,21279,21405,Margreth,margreth,lederne,ADJA,ledern,12864,,
gdc,kscv.0,21279,21405,Margreth,margreth,Hose,NN,hose,12864,,
gdc,kscv.0,21279,21405,Margreth,margreth,durch,PTKVZ,durch,12864,,
gdc,kscv.0,21279,21405,Margreth,margreth,.,$.,--,12864,,
gdc,kscv.0,21410,22020,Marie,marie,Luder,NE,luder,12864,,
gdc,kscv.0,21410,22020,Marie,marie,"!",$.,--,12864,,
gdc,kscv.0,21410,22020,Marie,marie,Komm,NN,komm,12864,,
gdc,kscv.0,21410,22020,Marie,marie,mei,APPR,mei,12864,,
gdc,kscv.0,21410,22020,Marie,marie,Bu,NE,bu,12864,,
gdc,kscv.0,21410,22020,Marie,marie,",","$,",--,12864,,
gdc,kscv.0,21410,22020,Marie,marie,soll,VMFIN,sollen,12864,,
gdc,kscv.0,21410,22020,Marie,marie,ich,PPER,ich,12864,marie,(2)
gdc,kscv.0,21410,22020,Marie,marie,dir,PPER,dir,12864,,
gdc,kscv.0,21410,22020,Marie,marie,singe,VVFIN,singen,12864,,
gdc,kscv.0,21410,22020,Marie,marie,?,$.,--,12864,,
gdc,kscv.0,21410,22020,Marie,marie,Was,PWS,was,12864,,
gdc,kscv.0,21410,22020,Marie,marie,die,ART,der,12864,,
gdc,kscv.0,21410,22020,Marie,marie,Leut,NN,leut,12864,,
gdc,kscv.0,21410,22020,Marie,marie,wolle,VMFIN,wollen,12864,,
gdc,kscv.0,21410,22020,Marie,marie,"!",$.,--,12864,,
gdc,kscv.0,21410,22020,Marie,marie,Bist,VAFIN,sein,12864,,
gdc,kscv.0,21410,22020,Marie,marie,du,PPER,du,12864,,
gdc,kscv.0,21410,22020,Marie,marie,auch,ADV,auch,12864,,
gdc,kscv.0,21410,22020,Marie,marie,nur,ADV,nur,12864,,
gdc,kscv.0,21410,22020,Marie,marie,e,$(,E,12864,,
gdc,kscv.0,21410,22020,Marie,marie,Hurekind,NE,hurekind,12864,,
gdc,kscv.0,21410,22020,Marie,marie,und,KON,und,12864,,
gdc,kscv.0,21410,22020,Marie,marie,machst,VVFIN,machen,12864,,
gdc,kscv.0,21410,22020,Marie,marie,dei,APPR,dei,12864,,
gdc,kscv.0,21410,22020,Marie,marie,Mutter,NN,mutter,12864,,
gdc,kscv.0,21410,22020,Marie,marie,Freud,NE,freud,12864,,
gdc,kscv.0,21410,22020,Marie,marie,mit,APPR,mit,12864,,
gdc,kscv.0,21410,22020,Marie,marie,deim,APPRART,deim,12864,,
gdc,kscv.0,21410,22020,Marie,marie,unehrliche,ADJA,unehrlich,12864,,
gdc,kscv.0,21410,22020,Marie,marie,Gesicht,NN,gesicht,12864,,
gdc,kscv.0,21410,22020,Marie,marie,.,$.,--,12864,,
gdc,kscv.0,21410,22020,Marie,marie,Hansel,NE,hansel,12864,,
gdc,kscv.0,21410,22020,Marie,marie,spann,VVFIN,spann,12864,,
gdc,kscv.0,21410,22020,Marie,marie,deine,PPOSAT,dein,12864,,
gdc,kscv.0,21410,22020,Marie,marie,sechs,CARD,sechs,12864,,
gdc,kscv.0,21410,22020,Marie,marie,Schimmel,NN,schimmel,12864,,
gdc,kscv.0,21410,22020,Marie,marie,an,PTKVZ,an,12864,,
gdc,kscv.0,21410,22020,Marie,marie,",","$,",--,12864,,
gdc,kscv.0,21410,22020,Marie,marie,Gieb,NE,gieb,12864,,
gdc,kscv.0,21410,22020,Marie,marie,ihn,PPER,ihn,12864,,
gdc,kscv.0,21410,22020,Marie,marie,zu,PTKA,zu,12864,,
gdc,kscv.0,21410,22020,Marie,marie,fresse,ADJD,fressen,12864,,
gdc,kscv.0,21410,22020,Marie,marie,auf,PTKVZ,auf,12864,,
gdc,kscv.0,21410,22020,Marie,marie,',$(,--,12864,,
gdc,kscv.0,21410,22020,Marie,marie,s,PPER,--,12864,,
gdc,kscv.0,21410,22020,Marie,marie,neu,ADJD,neu,12864,,
gdc,kscv.0,21410,22020,Marie,marie,.,$.,--,12864,,
gdc,kscv.0,21410,22020,Marie,marie,Kein,PIAT,kein,12864,,
gdc,kscv.0,21410,22020,Marie,marie,Haber,NN,haber,12864,,
gdc,kscv.0,21410,22020,Marie,marie,fresse,VVFIN,fressen,12864,,
gdc,kscv.0,21410,22020,Marie,marie,sie,PPER,sie,12864,,
gdc,kscv.0,21410,22020,Marie,marie,",","$,",--,12864,,
gdc,kscv.0,21410,22020,Marie,marie,Kein,PIAT,kein,12864,,
gdc,kscv.0,21410,22020,Marie,marie,Wasser,NN,wasser,12864,,
gdc,kscv.0,21410,22020,Marie,marie,saufe,VVFIN,saufen,12864,,
gdc,kscv.0,21410,22020,Marie,marie,sie,PPER,sie,12864,,
gdc,kscv.0,21410,22020,Marie,marie,",","$,",--,12864,,
gdc,kscv.0,21410,22020,Marie,marie,Lauter,NN,lauter,12864,,
gdc,kscv.0,21410,22020,Marie,marie,kühle,ADJA,kühl,12864,,
gdc,kscv.0,21410,22020,Marie,marie,Wein,NN,wein,12864,,
gdc,kscv.0,21410,22020,Marie,marie,muß,VMFIN,müssen,12864,,
gdc,kscv.0,21410,22020,Marie,marie,es,PPER,es,12864,,
gdc,kscv.0,21410,22020,Marie,marie,seyn,NE,seyn,12864,,
gdc,kscv.0,21410,22020,Marie,marie,.,$.,--,12864,,
gdc,kscv.0,21410,22020,Marie,marie,Juchhe,NE,juchhe,12864,,
gdc,kscv.0,21410,22020,Marie,marie,"!",$.,--,12864,,
gdc,kscv.0,21410,22020,Marie,marie,Lauter,NN,lauter,12864,,
gdc,kscv.0,21410,22020,Marie,marie,kühle,VVFIN,kühl,12864,,
gdc,kscv.0,21410,22020,Marie,marie,Wein,NN,wein,12864,,
gdc,kscv.0,21410,22020,Marie,marie,muß,VMFIN,müssen,12864,,
gdc,kscv.0,21410,22020,Marie,marie,es,PPER,es,12864,,
gdc,kscv.0,21410,22020,Marie,marie,seyn,NE,seyn,12864,,
gdc,kscv.0,21410,22020,Marie,marie,.,$.,--,12864,,
gdc,kscv.0,21410,22020,Marie,marie,Mädel,NE,mädel,12864,,
gdc,kscv.0,21410,22020,Marie,marie,was,PWS,was,12864,,
gdc,kscv.0,21410,22020,Marie,marie,fangst,VVFIN,fangen,12864,,
gdc,kscv.0,21410,22020,Marie,marie,du,PPER,du,12864,,
gdc,kscv.0,21410,22020,Marie,marie,jezt,ADV,jezt,12864,,
gdc,kscv.0,21410,22020,Marie,marie,an,PTKVZ,an,12864,,
gdc,kscv.0,21410,22020,Marie,marie,",","$,",--,12864,,
gdc,kscv.0,21410,22020,Marie,marie,Hast,NN,haben,12864,,
gdc,kscv.0,21410,22020,Marie,marie,ein,ART,ein,12864,,
gdc,kscv.0,21410,22020,Marie,marie,klein,ADJA,klein,12864,,
gdc,kscv.0,21410,22020,Marie,marie,Kind,NN,kind,12864,,
gdc,kscv.0,21410,22020,Marie,marie,und,KON,und,12864,,
gdc,kscv.0,21410,22020,Marie,marie,kein,PIAT,kein,12864,,
gdc,kscv.0,21410,22020,Marie,marie,Mann,NN,mann,12864,,
gdc,kscv.0,21410,22020,Marie,marie,?,$.,--,12864,,
gdc,kscv.0,21410,22020,Marie,marie,Ey,NE,ey,12864,,
gdc,kscv.0,21410,22020,Marie,marie,was,PWS,was,12864,,
gdc,kscv.0,21410,22020,Marie,marie,frag,VVFIN,frag,12864,,
gdc,kscv.0,21410,22020,Marie,marie,ich,PPER,ich,12864,marie,(2)
gdc,kscv.0,21410,22020,Marie,marie,danach,PROAV,danach,12864,,
gdc,kscv.0,21410,22020,Marie,marie,",","$,",--,12864,,
gdc,kscv.0,21410,22020,Marie,marie,Sing,NE,sing,12864,,
gdc,kscv.0,21410,22020,Marie,marie,ich,PPER,ich,12864,marie,(2)
gdc,kscv.0,21410,22020,Marie,marie,den,ART,der,12864,,
gdc,kscv.0,21410,22020,Marie,marie,ganzen,ADJA,ganz,12864,,
gdc,kscv.0,21410,22020,Marie,marie,Tag,NN,tag,12864,,
gdc,kscv.0,21410,22020,Marie,marie,",","$,",--,12864,,
gdc,kscv.0,21410,22020,Marie,marie,Heyo,NE,heyo,12864,,
gdc,kscv.0,21410,22020,Marie,marie,popeio,NE,popeio,12864,,
gdc,kscv.0,21410,22020,Marie,marie,mei,NE,mei,12864,,
gdc,kscv.0,21410,22020,Marie,marie,Bu,NE,bu,12864,,
gdc,kscv.0,21410,22020,Marie,marie,",","$,",--,12864,,
gdc,kscv.0,21410,22020,Marie,marie,juchhe,FM,juchhen,12864,,
gdc,kscv.0,21410,22020,Marie,marie,"!",$.,--,12864,,
gdc,kscv.0,21410,22020,Marie,marie,Giebt,VVFIN,gieben,12864,,
gdc,kscv.0,21410,22020,Marie,marie,mir,PPER,sich,12864,marie,(2)
gdc,kscv.0,21410,22020,Marie,marie,kein,PIAT,kein,12864,,
gdc,kscv.0,21410,22020,Marie,marie,Mensch,NN,mensch,12864,,
gdc,kscv.0,21410,22020,Marie,marie,nix,ADJD,nix,12864,,
gdc,kscv.0,21410,22020,Marie,marie,dazu,PROAV,dazu,12864,,
gdc,kscv.0,21410,22020,Marie,marie,.,$.,--,12864,,
gdc,kscv.0,21410,22020,Marie,marie,Bist,VAFIN,sein,12864,,
gdc,kscv.0,21410,22020,Marie,marie,du,PPER,du,12864,,
gdc,kscv.0,21410,22020,Marie,marie,',$(,--,12864,,
gdc,kscv.0,21410,22020,Marie,marie,s,ART,--,12864,,
gdc,kscv.0,21410,22020,Marie,marie,Franz,NN,franz,12864,,
gdc,kscv.0,21410,22020,Marie,marie,?,$.,--,12864,,
gdc,kscv.0,21410,22020,Marie,marie,Komm,NN,komm,12864,,
gdc,kscv.0,21410,22020,Marie,marie,herein,PTKVZ,herein,12864,,
gdc,kscv.0,21410,22020,Marie,marie,.,$.,--,12864,,
gdc,kscv.0,22025,22063,Woyzeck,woyzeck,Ich,PPER,ich,12864,woyzeck,(1)
gdc,kscv.0,22025,22063,Woyzeck,woyzeck,kann,VMFIN,können,12864,,
gdc,kscv.0,22025,22063,Woyzeck,woyzeck,nit,PTKVZ,nit,12864,,
gdc,kscv.0,22025,22063,Woyzeck,woyzeck,.,$.,--,12864,,
gdc,kscv.0,22025,22063,Woyzeck,woyzeck,Muß,VMFIN,müssen,12864,,
gdc,kscv.0,22025,22063,Woyzeck,woyzeck,zum,APPRART,zu,12864,,
gdc,kscv.0,22025,22063,Woyzeck,woyzeck,Verles,NN,verles,12864,,
gdc,kscv.0,22025,22063,Woyzeck,woyzeck,.,$.,--,12864,,
gdc,kscv.0,22068,22126,Marie,marie,Hast,VAFIN,haben,12864,,
gdc,kscv.0,22068,22126,Marie,marie,du,PPER,du,12864,,
gdc,kscv.0,22068,22126,Marie,marie,Stecken,NN,stecke,12864,,
gdc,kscv.0,22068,22126,Marie,marie,geschnitten,VVPP,schneiden,12864,,
gdc,kscv.0,22068,22126,Marie,marie,für,APPR,für,12864,,
gdc,kscv.0,22068,22126,Marie,marie,den,ART,der,12864,,
gdc,kscv.0,22068,22126,Marie,marie,Major,NN,Major,12864,,
gdc,kscv.0,22068,22126,Marie,marie,?,$.,--,12864,,
gdc,kscv.0,22131,22159,Woyzeck,woyzeck,Ja,PTKANT,ja,12864,,
gdc,kscv.0,22131,22159,Woyzeck,woyzeck,Louisel,NE,louisel,12864,,
gdc,kscv.0,22131,22159,Woyzeck,woyzeck,[,CARD,[,12864,,
gdc,kscv.0,22131,22159,Woyzeck,woyzeck,Marie,NN,marie,12864,marie,(2)
gdc,kscv.0,22131,22159,Woyzeck,woyzeck,],CARD,],12864,,
gdc,kscv.0,22131,22159,Woyzeck,woyzeck,.,$.,--,12864,,
gdc,kscv.0,22164,22221,Marie,marie,Was,PWS,was,12864,,
gdc,kscv.0,22164,22221,Marie,marie,hast,VAFIN,haben,12864,,
gdc,kscv.0,22164,22221,Marie,marie,du,PPER,du,12864,,
gdc,kscv.0,22164,22221,Marie,marie,Franz,NE,franz,12864,,
gdc,kscv.0,22164,22221,Marie,marie,",","$,",--,12864,,
gdc,kscv.0,22164,22221,Marie,marie,du,PPER,du,12864,,
gdc,kscv.0,22164,22221,Marie,marie,siehst,ADV,sehen,12864,,
gdc,kscv.0,22164,22221,Marie,marie,so,ADV,so,12864,,
gdc,kscv.0,22164,22221,Marie,marie,verstört,VVPP,verstören,12864,,
gdc,kscv.0,22164,22221,Marie,marie,?,$.,--,12864,,
gdc,kscv.0,22226,22378,Woyzeck,woyzeck,Pst,XY,pst,12864,,
gdc,kscv.0,22226,22378,Woyzeck,woyzeck,"!",$.,--,12864,,
gdc,kscv.0,22226,22378,Woyzeck,woyzeck,still,PTKVZ,still,12864,,
gdc,kscv.0,22226,22378,Woyzeck,woyzeck,"!",$.,--,12864,,
gdc,kscv.0,22226,22378,Woyzeck,woyzeck,Ich,PPER,ich,12864,woyzeck,(1)
gdc,kscv.0,22226,22378,Woyzeck,woyzeck,hab,VVFIN,hab,12864,,
gdc,kscv.0,22226,22378,Woyzeck,woyzeck,',$(,--,12864,,
gdc,kscv.0,22226,22378,Woyzeck,woyzeck,s,PPER,--,12864,,
gdc,kscv.0,22226,22378,Woyzeck,woyzeck,aus,PTKVZ,aus,12864,,
gdc,kscv.0,22226,22378,Woyzeck,woyzeck,"!",$.,--,12864,,
gdc,kscv.0,22226,22378,Woyzeck,woyzeck,Die,ART,der,12864,,
gdc,kscv.0,22226,22378,Woyzeck,woyzeck,Freimaurer,NN,freimaurer,12864,,
gdc,kscv.0,22226,22378,Woyzeck,woyzeck,"!",$.,--,12864,,
gdc,kscv.0,22226,22378,Woyzeck,woyzeck,Es,PPER,es,12864,,
gdc,kscv.0,22226,22378,Woyzeck,woyzeck,war,VAFIN,sein,12864,,
gdc,kscv.0,22226,22378,Woyzeck,woyzeck,ein,ART,ein,12864,,
gdc,kscv.0,22226,22378,Woyzeck,woyzeck,fürchterliches,ADJA,fürchterlich,12864,,
gdc,kscv.0,22226,22378,Woyzeck,woyzeck,Getös,NN,getös,12864,,
gdc,kscv.0,22226,22378,Woyzeck,woyzeck,am,APPRART,an,12864,,
gdc,kscv.0,22226,22378,Woyzeck,woyzeck,Himmel,NN,himmel,12864,,
gdc,kscv.0,22226,22378,Woyzeck,woyzeck,und,KON,und,12864,,
gdc,kscv.0,22226,22378,Woyzeck,woyzeck,Alles,PIS,alle,12864,,
gdc,kscv.0,22226,22378,Woyzeck,woyzeck,in,APPR,in,12864,,
gdc,kscv.0,22226,22378,Woyzeck,woyzeck,Gluth,NE,gluth,12864,,
gdc,kscv.0,22226,22378,Woyzeck,woyzeck,"!",$.,--,12864,,
gdc,kscv.0,22226,22378,Woyzeck,woyzeck,Ich,PPER,ich,12864,woyzeck,(1)
gdc,kscv.0,22226,22378,Woyzeck,woyzeck,bin,VAFIN,sein,12864,,
gdc,kscv.0,22226,22378,Woyzeck,woyzeck,viel,PIS,viel,12864,,
gdc,kscv.0,22226,22378,Woyzeck,woyzeck,auf,APPR,auf,12864,,
gdc,kscv.0,22226,22378,Woyzeck,woyzeck,der,ART,der,12864,,
gdc,kscv.0,22226,22378,Woyzeck,woyzeck,Spur,NN,Spur,12864,,
gdc,kscv.0,22226,22378,Woyzeck,woyzeck,"!",$.,--,12864,,
gdc,kscv.0,22226,22378,Woyzeck,woyzeck,sehr,ADV,sehr,12864,,
gdc,kscv.0,22226,22378,Woyzeck,woyzeck,viel,PIS,viel,12864,,
gdc,kscv.0,22226,22378,Woyzeck,woyzeck,.,$.,--,12864,,
gdc,kscv.0,22383,22404,Marie,marie,Mann,NN,mann,12864,,
gdc,kscv.0,22383,22404,Marie,marie,"!",$.,--,12864,,
gdc,kscv.0,22409,22592,Woyzeck,woyzeck,Meinst,ADV,meinst,12864,,
gdc,kscv.0,22409,22592,Woyzeck,woyzeck,?,$.,--,12864,,
gdc,kscv.0,22409,22592,Woyzeck,woyzeck,Sieh,VVIMP,sieh,12864,,
gdc,kscv.0,22409,22592,Woyzeck,woyzeck,um,APPR,um,12864,,
gdc,kscv.0,22409,22592,Woyzeck,woyzeck,dich,PPER,dich,12864,,
gdc,kscv.0,22409,22592,Woyzeck,woyzeck,"!",$.,--,12864,,
gdc,kscv.0,22409,22592,Woyzeck,woyzeck,Alles,PIS,alle,12864,,
gdc,kscv.0,22409,22592,Woyzeck,woyzeck,starr,ADJD,starr,12864,,
gdc,kscv.0,22409,22592,Woyzeck,woyzeck,",","$,",--,12864,,
gdc,kscv.0,22409,22592,Woyzeck,woyzeck,fest,ADJD,fest,12864,,
gdc,kscv.0,22409,22592,Woyzeck,woyzeck,",","$,",--,12864,,
gdc,kscv.0,22409,22592,Woyzeck,woyzeck,finster,ADJD,finster,12864,,
gdc,kscv.0,22409,22592,Woyzeck,woyzeck,",","$,",--,12864,,
gdc,kscv.0,22409,22592,Woyzeck,woyzeck,was,PWS,was,12864,,
gdc,kscv.0,22409,22592,Woyzeck,woyzeck,regt,VVFIN,regen,12864,,
gdc,kscv.0,22409,22592,Woyzeck,woyzeck,sich,PRF,sich,12864,,
gdc,kscv.0,22409,22592,Woyzeck,woyzeck,dahinter,PROAV,dahinter,12864,,
gdc,kscv.0,22409,22592,Woyzeck,woyzeck,.,$.,--,12864,,
gdc,kscv.0,22409,22592,Woyzeck,woyzeck,Etwas,ADV,etwas,12864,,
gdc,kscv.0,22409,22592,Woyzeck,woyzeck,",","$,",--,12864,,
gdc,kscv.0,22409,22592,Woyzeck,woyzeck,was,PWS,was,12864,,
gdc,kscv.0,22409,22592,Woyzeck,woyzeck,wir,PPER,wir,12864,,
gdc,kscv.0,22409,22592,Woyzeck,woyzeck,nicht,PTKNEG,nicht,12864,,
gdc,kscv.0,22409,22592,Woyzeck,woyzeck,fasse,VVFIN,fassen,12864,,
gdc,kscv.0,22409,22592,Woyzeck,woyzeck,.,$.,--,12864,,
gdc,kscv.0,22409,22592,Woyzeck,woyzeck,Geht,VVFIN,gehen,12864,,
gdc,kscv.0,22409,22592,Woyzeck,woyzeck,still,PTKVZ,still,12864,,
gdc,kscv.0,22409,22592,Woyzeck,woyzeck,",","$,",--,12864,,
gdc,kscv.0,22409,22592,Woyzeck,woyzeck,was,PWS,was,12864,,
gdc,kscv.0,22409,22592,Woyzeck,woyzeck,uns,PPER,uns,12864,,
gdc,kscv.0,22409,22592,Woyzeck,woyzeck,von,APPR,von,12864,,
gdc,kscv.0,22409,22592,Woyzeck,woyzeck,Sinnen,NN,sinnen,12864,,
gdc,kscv.0,22409,22592,Woyzeck,woyzeck,bringt,VVFIN,bringen,12864,,
gdc,kscv.0,22409,22592,Woyzeck,woyzeck,",","$,",--,12864,,
gdc,kscv.0,22409,22592,Woyzeck,woyzeck,aber,KON,aber,12864,,
gdc,kscv.0,22409,22592,Woyzeck,woyzeck,ich,PPER,ich,12864,woyzeck,(1)
gdc,kscv.0,22409,22592,Woyzeck,woyzeck,hab,VVFIN,hab,12864,,
gdc,kscv.0,22409,22592,Woyzeck,woyzeck,',$(,--,12864,,
gdc,kscv.0,22409,22592,Woyzeck,woyzeck,s,PPER,--,12864,,
gdc,kscv.0,22409,22592,Woyzeck,woyzeck,aus,PTKVZ,aus,12864,,
gdc,kscv.0,22409,22592,Woyzeck,woyzeck,.,$.,--,12864,,
gdc,kscv.0,22409,22592,Woyzeck,woyzeck,Ich,PPER,ich,12864,woyzeck,(1)
gdc,kscv.0,22409,22592,Woyzeck,woyzeck,muß,VMFIN,müssen,12864,,
gdc,kscv.0,22409,22592,Woyzeck,woyzeck,fort,PTKVZ,fort,12864,,
gdc,kscv.0,22409,22592,Woyzeck,woyzeck,"!",$.,--,12864,,
gdc,kscv.0,22597,22622,Marie,marie,Dei,APPR,dei,12864,,
gdc,kscv.0,22597,22622,Marie,marie,Kind,NN,kind,12864,,
gdc,kscv.0,22597,22622,Marie,marie,?,$.,--,12864,,
gdc,kscv.0,22627,22704,Woyzeck,woyzeck,Ach,ITJ,ach,12864,,
gdc,kscv.0,22627,22704,Woyzeck,woyzeck,",","$,",--,12864,,
gdc,kscv.0,22627,22704,Woyzeck,woyzeck,Junge,NN,junge,12864,,
gdc,kscv.0,22627,22704,Woyzeck,woyzeck,"!",$.,--,12864,,
gdc,kscv.0,22627,22704,Woyzeck,woyzeck,Heut,NE,heut,12864,,
gdc,kscv.0,22627,22704,Woyzeck,woyzeck,Abend,NN,abend,12864,,
gdc,kscv.0,22627,22704,Woyzeck,woyzeck,auf,APPR,auf,12864,,
gdc,kscv.0,22627,22704,Woyzeck,woyzeck,die,ART,der,12864,,
gdc,kscv.0,22627,22704,Woyzeck,woyzeck,Mess,NN,mess,12864,,
gdc,kscv.0,22627,22704,Woyzeck,woyzeck,.,$.,--,12864,,
gdc,kscv.0,22627,22704,Woyzeck,woyzeck,Ich,PPER,ich,12864,woyzeck,(1)
gdc,kscv.0,22627,22704,Woyzeck,woyzeck,hab,VAFIN,hab,12864,,
gdc,kscv.0,22627,22704,Woyzeck,woyzeck,wieder,ADV,wieder,12864,,
gdc,kscv.0,22627,22704,Woyzeck,woyzeck,was,PWS,was,12864,,
gdc,kscv.0,22627,22704,Woyzeck,woyzeck,gespart,VVPP,sparen,12864,,
gdc,kscv.0,22627,22704,Woyzeck,woyzeck,.,$.,--,12864,,
gdc,kscv.0,22709,23043,Marie,marie,Der,ART,der,12864,,
gdc,kscv.0,22709,23043,Marie,marie,Mann,NN,mann,12864,,
gdc,kscv.0,22709,23043,Marie,marie,schnappt,VVFIN,schnappen,12864,,
gdc,kscv.0,22709,23043,Marie,marie,noch,ADV,noch,12864,,
gdc,kscv.0,22709,23043,Marie,marie,über,PTKVZ,über,12864,,
gdc,kscv.0,22709,23043,Marie,marie,",","$,",--,12864,,
gdc,kscv.0,22709,23043,Marie,marie,er,PPER,er,12864,,
gdc,kscv.0,22709,23043,Marie,marie,hat,VAFIN,haben,12864,,
gdc,kscv.0,22709,23043,Marie,marie,mir,PPER,sich,12864,marie,(2)
gdc,kscv.0,22709,23043,Marie,marie,Angst,NN,angst,12864,,
gdc,kscv.0,22709,23043,Marie,marie,gemacht,VVPP,machen,12864,,
gdc,kscv.0,22709,23043,Marie,marie,.,$.,--,12864,,
gdc,kscv.0,22709,23043,Marie,marie,Wie,PWAV,wie,12864,,
gdc,kscv.0,22709,23043,Marie,marie,unheimlich,ADJD,unheimlich,12864,,
gdc,kscv.0,22709,23043,Marie,marie,",","$,",--,12864,,
gdc,kscv.0,22709,23043,Marie,marie,ich,PPER,ich,12864,marie,(2)
gdc,kscv.0,22709,23043,Marie,marie,mag,VMFIN,mögen,12864,,
gdc,kscv.0,22709,23043,Marie,marie,wenn,KOUS,wenn,12864,,
gdc,kscv.0,22709,23043,Marie,marie,es,PPER,es,12864,,
gdc,kscv.0,22709,23043,Marie,marie,finster,VVINF,finster,12864,,
gdc,kscv.0,22709,23043,Marie,marie,wird,VAFIN,werden,12864,,
gdc,kscv.0,22709,23043,Marie,marie,gar,ADV,gar,12864,,
gdc,kscv.0,22709,23043,Marie,marie,nicht,PTKNEG,nicht,12864,,
gdc,kscv.0,22709,23043,Marie,marie,bleiben,VVINF,bleiben,12864,,
gdc,kscv.0,22709,23043,Marie,marie,",","$,",--,12864,,
gdc,kscv.0,22709,23043,Marie,marie,ich,PPER,ich,12864,marie,(2)
gdc,kscv.0,22709,23043,Marie,marie,glaub,VVFIN,glaub,12864,,
gdc,kscv.0,22709,23043,Marie,marie,',$(,--,12864,,
gdc,kscv.0,22709,23043,Marie,marie,ich,PPER,ich,12864,marie,(2)
gdc,kscv.0,22709,23043,Marie,marie,bin,VAFIN,sein,12864,,
gdc,kscv.0,22709,23043,Marie,marie,blind,ADJD,blind,12864,,
gdc,kscv.0,22709,23043,Marie,marie,",","$,",--,12864,,
gdc,kscv.0,22709,23043,Marie,marie,er,PPER,er,12864,,
gdc,kscv.0,22709,23043,Marie,marie,steckt,VVFIN,stecken,12864,,
gdc,kscv.0,22709,23043,Marie,marie,ein,ART,ein,12864,,
gdc,kscv.0,22709,23043,Marie,marie,an,PTKVZ,an,12864,,
gdc,kscv.0,22709,23043,Marie,marie,.,$.,--,12864,,
gdc,kscv.0,22709,23043,Marie,marie,Sonst,ADV,sonst,12864,,
gdc,kscv.0,22709,23043,Marie,marie,scheint,VVFIN,scheinen,12864,,
gdc,kscv.0,22709,23043,Marie,marie,doch,ADV,doch,12864,,
gdc,kscv.0,22709,23043,Marie,marie,als,KOKOM,als,12864,,
gdc,kscv.0,22709,23043,Marie,marie,die,ART,der,12864,,
gdc,kscv.0,22709,23043,Marie,marie,Latern,NN,later,12864,,
gdc,kscv.0,22709,23043,Marie,marie,herein,PTKVZ,herein,12864,,
gdc,kscv.0,22709,23043,Marie,marie,.,$.,--,12864,,
gdc,kscv.0,22709,23043,Marie,marie,Ach,ITJ,ach,12864,,
gdc,kscv.0,22709,23043,Marie,marie,wir,PPER,wir,12864,,
gdc,kscv.0,22709,23043,Marie,marie,armen,ADJA,arm,12864,,
gdc,kscv.0,22709,23043,Marie,marie,Leut,NN,leut,12864,,
gdc,kscv.0,22709,23043,Marie,marie,.,$.,--,12864,,
gdc,kscv.0,22709,23043,Marie,marie,Und,KON,und,12864,,
gdc,kscv.0,22709,23043,Marie,marie,macht,VVFIN,machen,12864,,
gdc,kscv.0,22709,23043,Marie,marie,die,ART,der,12864,,
gdc,kscv.0,22709,23043,Marie,marie,Wiege,NN,wiege,12864,,
gdc,kscv.0,22709,23043,Marie,marie,knickknack,NN,knickknack,12864,,
gdc,kscv.0,22709,23043,Marie,marie,",","$,",--,12864,,
gdc,kscv.0,22709,23043,Marie,marie,Schlaf,NN,schlaf,12864,,
gdc,kscv.0,22709,23043,Marie,marie,wohl,ADV,wohl,12864,,
gdc,kscv.0,22709,23043,Marie,marie,mei,ADV,mei,12864,,
gdc,kscv.0,22709,23043,Marie,marie,lieber,ADJA,lieber,12864,,
gdc,kscv.0,22709,23043,Marie,marie,Dicksack,NN,dicksack,12864,,
gdc,kscv.0,22709,23043,Marie,marie,.,$.,--,12864,,
gdc,kscv.0,23101,23212,Alter Mann,alter_mann,Auf,APPR,auf,12864,,
gdc,kscv.0,23101,23212,Alter Mann,alter_mann,der,ART,der,12864,,
gdc,kscv.0,23101,23212,Alter Mann,alter_mann,Welt,NN,welt,12864,,
gdc,kscv.0,23101,23212,Alter Mann,alter_mann,ist,VAFIN,sein,12864,,
gdc,kscv.0,23101,23212,Alter Mann,alter_mann,kein,PIAT,kein,12864,,
gdc,kscv.0,23101,23212,Alter Mann,alter_mann,Bestand,NN,bestand,12864,,
gdc,kscv.0,23101,23212,Alter Mann,alter_mann,",","$,",--,12864,,
gdc,kscv.0,23101,23212,Alter Mann,alter_mann,Wir,PPER,wir,12864,,
gdc,kscv.0,23101,23212,Alter Mann,alter_mann,müssen,VMFIN,müssen,12864,,
gdc,kscv.0,23101,23212,Alter Mann,alter_mann,alle,PIS,aller,12864,,
gdc,kscv.0,23101,23212,Alter Mann,alter_mann,sterben,VVINF,sterben,12864,,
gdc,kscv.0,23101,23212,Alter Mann,alter_mann,",","$,",--,12864,,
gdc,kscv.0,23101,23212,Alter Mann,alter_mann,Das,PDS,der,12864,,
gdc,kscv.0,23101,23212,Alter Mann,alter_mann,ist,VAFIN,sein,12864,,
gdc,kscv.0,23101,23212,Alter Mann,alter_mann,uns,PPER,uns,12864,,
gdc,kscv.0,23101,23212,Alter Mann,alter_mann,wohlbekannt,ADJD,wohlbekannt,12864,,
gdc,kscv.0,23101,23212,Alter Mann,alter_mann,"!",$.,--,12864,,
gdc,kscv.0,23436,24250,Ausrufer,ausrufer,Meine,PPOSAT,mein,12864,ausrufer,(17)
gdc,kscv.0,23436,24250,Ausrufer,ausrufer,Herrn,NN,herr,12864,,
gdc,kscv.0,23436,24250,Ausrufer,ausrufer,",","$,",--,12864,,
gdc,kscv.0,23436,24250,Ausrufer,ausrufer,meine,PPOSAT,mein,12864,ausrufer,(17)
gdc,kscv.0,23436,24250,Ausrufer,ausrufer,Damen,NN,dame,12864,,
gdc,kscv.0,23436,24250,Ausrufer,ausrufer,",","$,",--,12864,,
gdc,kscv.0,23436,24250,Ausrufer,ausrufer,hier,ADV,hier,12864,,
gdc,kscv.0,23436,24250,Ausrufer,ausrufer,sind,VAFIN,sein,12864,,
gdc,kscv.0,23436,24250,Ausrufer,ausrufer,zu,APPR,zu,12864,,
gdc,kscv.0,23436,24250,Ausrufer,ausrufer,sehn,NE,sehn,12864,,
gdc,kscv.0,23436,24250,Ausrufer,ausrufer,das,ART,der,12864,,
gdc,kscv.0,23436,24250,Ausrufer,ausrufer,astronomische,ADJA,astronomisch,12864,,
gdc,kscv.0,23436,24250,Ausrufer,ausrufer,Pferd,NN,pferd,12864,,
gdc,kscv.0,23436,24250,Ausrufer,ausrufer,und,KON,und,12864,,
gdc,kscv.0,23436,24250,Ausrufer,ausrufer,die,ART,der,12864,,
gdc,kscv.0,23436,24250,Ausrufer,ausrufer,kleine,ADJA,klein,12864,,
gdc,kscv.0,23436,24250,Ausrufer,ausrufer,Canaillevogel,NN,canaillevogel,12864,,
gdc,kscv.0,23436,24250,Ausrufer,ausrufer,",","$,",--,12864,,
gdc,kscv.0,23436,24250,Ausrufer,ausrufer,sind,VAFIN,sein,12864,,
gdc,kscv.0,23436,24250,Ausrufer,ausrufer,Liebling,NN,liebling,12864,,
gdc,kscv.0,23436,24250,Ausrufer,ausrufer,von,APPR,von,12864,,
gdc,kscv.0,23436,24250,Ausrufer,ausrufer,alle,PIAT,aller,12864,,
gdc,kscv.0,23436,24250,Ausrufer,ausrufer,Potentate,NN,potentat,12864,,
gdc,kscv.0,23436,24250,Ausrufer,ausrufer,Europas,NE,europa,12864,,
gdc,kscv.0,23436,24250,Ausrufer,ausrufer,und,KON,und,12864,,
gdc,kscv.0,23436,24250,Ausrufer,ausrufer,Mitglied,NN,mitglied,12864,,
gdc,kscv.0,23436,24250,Ausrufer,ausrufer,von,APPR,von,12864,,
gdc,kscv.0,23436,24250,Ausrufer,ausrufer,alle,PIAT,aller,12864,,
gdc,kscv.0,23436,24250,Ausrufer,ausrufer,gelehrte,ADJA,gelehrt,12864,,
gdc,kscv.0,23436,24250,Ausrufer,ausrufer,Societät,NN,societät,12864,,
gdc,kscv.0,23436,24250,Ausrufer,ausrufer,",","$,",--,12864,,
gdc,kscv.0,23436,24250,Ausrufer,ausrufer,verkündige,ADJA,verkündig,12864,,
gdc,kscv.0,23436,24250,Ausrufer,ausrufer,de,NE,de,12864,,
gdc,kscv.0,23436,24250,Ausrufer,ausrufer,Leute,NN,leute,12864,,
gdc,kscv.0,23436,24250,Ausrufer,ausrufer,Alles,PIS,alle,12864,,
gdc,kscv.0,23436,24250,Ausrufer,ausrufer,",","$,",--,12864,,
gdc,kscv.0,23436,24250,Ausrufer,ausrufer,wie,PWAV,wie,12864,,
gdc,kscv.0,23436,24250,Ausrufer,ausrufer,alt,ADJD,alt,12864,,
gdc,kscv.0,23436,24250,Ausrufer,ausrufer,",","$,",--,12864,,
gdc,kscv.0,23436,24250,Ausrufer,ausrufer,wie,KOKOM,wie,12864,,
gdc,kscv.0,23436,24250,Ausrufer,ausrufer,viel,PIAT,viel,12864,,
gdc,kscv.0,23436,24250,Ausrufer,ausrufer,Kinder,NN,kind,12864,,
gdc,kscv.0,23436,24250,Ausrufer,ausrufer,",","$,",--,12864,,
gdc,kscv.0,23436,24250,Ausrufer,ausrufer,was,PWS,was,12864,,
gdc,kscv.0,23436,24250,Ausrufer,ausrufer,für,APPR,für,12864,,
gdc,kscv.0,23436,24250,Ausrufer,ausrufer,Krankheit,NN,krankheit,12864,,
gdc,kscv.0,23436,24250,Ausrufer,ausrufer,.,$.,--,12864,,
gdc,kscv.0,23436,24250,Ausrufer,ausrufer,Schießt,VVFIN,schießen,12864,,
gdc,kscv.0,23436,24250,Ausrufer,ausrufer,Pistol,NN,pistol,12864,,
gdc,kscv.0,23436,24250,Ausrufer,ausrufer,los,PTKVZ,los,12864,,
gdc,kscv.0,23436,24250,Ausrufer,ausrufer,",","$,",--,12864,,
gdc,kscv.0,23436,24250,Ausrufer,ausrufer,stellt,VVFIN,stellen,12864,,
gdc,kscv.0,23436,24250,Ausrufer,ausrufer,sich,PRF,sich,12864,,
gdc,kscv.0,23436,24250,Ausrufer,ausrufer,auf,APPR,auf,12864,,
gdc,kscv.0,23436,24250,Ausrufer,ausrufer,ein,ART,ein,12864,,
gdc,kscv.0,23436,24250,Ausrufer,ausrufer,Bein,NN,bein,12864,,
gdc,kscv.0,23436,24250,Ausrufer,ausrufer,.,$.,--,12864,,
gdc,kscv.0,23436,24250,Ausrufer,ausrufer,Alles,PIAT,alle,12864,,
gdc,kscv.0,23436,24250,Ausrufer,ausrufer,Erziehung,NN,erziehung,12864,,
gdc,kscv.0,23436,24250,Ausrufer,ausrufer,",","$,",--,12864,,
gdc,kscv.0,23436,24250,Ausrufer,ausrufer,habe,VAFIN,haben,12864,,
gdc,kscv.0,23436,24250,Ausrufer,ausrufer,nur,ADV,nur,12864,,
gdc,kscv.0,23436,24250,Ausrufer,ausrufer,eine,ART,ein,12864,,
gdc,kscv.0,23436,24250,Ausrufer,ausrufer,viehische,ADJA,viehisch,12864,,
gdc,kscv.0,23436,24250,Ausrufer,ausrufer,Vernunft,NN,vernunft,12864,,
gdc,kscv.0,23436,24250,Ausrufer,ausrufer,",","$,",--,12864,,
gdc,kscv.0,23436,24250,Ausrufer,ausrufer,oder,KON,oder,12864,,
gdc,kscv.0,23436,24250,Ausrufer,ausrufer,vielmehr,ADV,vielmehr,12864,,
gdc,kscv.0,23436,24250,Ausrufer,ausrufer,eine,ART,ein,12864,,
gdc,kscv.0,23436,24250,Ausrufer,ausrufer,ganz,ADV,ganz,12864,,
gdc,kscv.0,23436,24250,Ausrufer,ausrufer,vernünftige,ADJA,vernünftig,12864,,
gdc,kscv.0,23436,24250,Ausrufer,ausrufer,Viehigkeit,NN,viehigkeit,12864,,
gdc,kscv.0,23436,24250,Ausrufer,ausrufer,",","$,",--,12864,,
gdc,kscv.0,23436,24250,Ausrufer,ausrufer,ist,VAFIN,sein,12864,,
gdc,kscv.0,23436,24250,Ausrufer,ausrufer,kein,PIAT,kein,12864,,
gdc,kscv.0,23436,24250,Ausrufer,ausrufer,viehdummes,ADJA,viehdumm,12864,,
gdc,kscv.0,23436,24250,Ausrufer,ausrufer,Individuum,NN,individuum,12864,,
gdc,kscv.0,23436,24250,Ausrufer,ausrufer,wie,KOKOM,wie,12864,,
gdc,kscv.0,23436,24250,Ausrufer,ausrufer,viel,PIAT,viel,12864,,
gdc,kscv.0,23436,24250,Ausrufer,ausrufer,Person,NN,person,12864,,
gdc,kscv.0,23436,24250,Ausrufer,ausrufer,",","$,",--,12864,,
gdc,kscv.0,23436,24250,Ausrufer,ausrufer,das,ART,der,12864,,
gdc,kscv.0,23436,24250,Ausrufer,ausrufer,verehrliche,ADJA,verehrlich,12864,,
gdc,kscv.0,23436,24250,Ausrufer,ausrufer,Publikum,NN,publikum,12864,,
gdc,kscv.0,23436,24250,Ausrufer,ausrufer,abgerechnet,VVPP,abrechnen,12864,,
gdc,kscv.0,23436,24250,Ausrufer,ausrufer,.,$.,--,12864,,
gdc,kscv.0,23436,24250,Ausrufer,ausrufer,Herein,NE,herein,12864,,
gdc,kscv.0,23436,24250,Ausrufer,ausrufer,.,$.,--,12864,,
gdc,kscv.0,23436,24250,Ausrufer,ausrufer,Es,PPER,es,12864,,
gdc,kscv.0,23436,24250,Ausrufer,ausrufer,wird,VAFIN,werden,12864,,
gdc,kscv.0,23436,24250,Ausrufer,ausrufer,sein,VAINF,sein,12864,,
gdc,kscv.0,23436,24250,Ausrufer,ausrufer,",","$,",--,12864,,
gdc,kscv.0,23436,24250,Ausrufer,ausrufer,die,ART,der,12864,,
gdc,kscv.0,23436,24250,Ausrufer,ausrufer,rapräsentation,NN,rapräsentation,12864,,
gdc,kscv.0,23436,24250,Ausrufer,ausrufer,.,$.,--,12864,,
gdc,kscv.0,23436,24250,Ausrufer,ausrufer,Das,ART,der,12864,,
gdc,kscv.0,23436,24250,Ausrufer,ausrufer,commencement,NN,commencement,12864,,
gdc,kscv.0,23436,24250,Ausrufer,ausrufer,vom,APPRART,von,12864,,
gdc,kscv.0,23436,24250,Ausrufer,ausrufer,commencement,NN,commencement,12864,,
gdc,kscv.0,23436,24250,Ausrufer,ausrufer,wird,VAFIN,werden,12864,,
gdc,kscv.0,23436,24250,Ausrufer,ausrufer,sogleich,ADV,sogleich,12864,,
gdc,kscv.0,23436,24250,Ausrufer,ausrufer,nehm,ADJD,nehm,12864,,
gdc,kscv.0,23436,24250,Ausrufer,ausrufer,sein,VAINF,sein,12864,,
gdc,kscv.0,23436,24250,Ausrufer,ausrufer,Anfang,NN,anfang,12864,,
gdc,kscv.0,23436,24250,Ausrufer,ausrufer,.,$.,--,12864,,
gdc,kscv.0,23436,24250,Ausrufer,ausrufer,Sehn,KOUS,sehn,12864,,
gdc,kscv.0,23436,24250,Ausrufer,ausrufer,Sie,PPER,sie,12864,,
gdc,kscv.0,23436,24250,Ausrufer,ausrufer,die,ART,der,12864,,
gdc,kscv.0,23436,24250,Ausrufer,ausrufer,Fortschritte,NN,fortschritt,12864,,
gdc,kscv.0,23436,24250,Ausrufer,ausrufer,der,ART,der,12864,,
gdc,kscv.0,23436,24250,Ausrufer,ausrufer,Civilisation,NN,civilisation,12864,,
gdc,kscv.0,23436,24250,Ausrufer,ausrufer,.,$.,--,12864,,
gdc,kscv.0,23436,24250,Ausrufer,ausrufer,Alles,PIS,alle,12864,,
gdc,kscv.0,23436,24250,Ausrufer,ausrufer,schreitet,VVFIN,schreiten,12864,,
gdc,kscv.0,23436,24250,Ausrufer,ausrufer,fort,PTKVZ,fort,12864,,
gdc,kscv.0,23436,24250,Ausrufer,ausrufer,",","$,",--,12864,,
gdc,kscv.0,23436,24250,Ausrufer,ausrufer,ein,ART,ein,12864,,
gdc,kscv.0,23436,24250,Ausrufer,ausrufer,Pferd,NN,pferd,12864,,
gdc,kscv.0,23436,24250,Ausrufer,ausrufer,",","$,",--,12864,,
gdc,kscv.0,23436,24250,Ausrufer,ausrufer,ein,ART,ein,12864,,
gdc,kscv.0,23436,24250,Ausrufer,ausrufer,Aff,NN,aff,12864,,
gdc,kscv.0,23436,24250,Ausrufer,ausrufer,",","$,",--,12864,,
gdc,kscv.0,23436,24250,Ausrufer,ausrufer,ein,ART,ein,12864,,
gdc,kscv.0,23436,24250,Ausrufer,ausrufer,Canaillevogel,NN,canaillevogel,12864,,
gdc,kscv.0,23436,24250,Ausrufer,ausrufer,"!",$.,--,12864,,
gdc,kscv.0,23436,24250,Ausrufer,ausrufer,Der,ART,der,12864,,
gdc,kscv.0,23436,24250,Ausrufer,ausrufer,Aff,NN,aff,12864,,
gdc,kscv.0,23436,24250,Ausrufer,ausrufer,ist,VAFIN,sein,12864,,
gdc,kscv.0,23436,24250,Ausrufer,ausrufer,schon,ADV,schon,12864,,
gdc,kscv.0,23436,24250,Ausrufer,ausrufer,ein,ART,ein,12864,,
gdc,kscv.0,23436,24250,Ausrufer,ausrufer,Soldat,NN,soldat,12864,,
gdc,kscv.0,23436,24250,Ausrufer,ausrufer,",","$,",--,12864,,
gdc,kscv.0,23436,24250,Ausrufer,ausrufer,s,PPER,--,12864,,
gdc,kscv.0,23436,24250,Ausrufer,ausrufer,',$(,--,12864,,
gdc,kscv.0,23436,24250,Ausrufer,ausrufer,ist,VAFIN,sein,12864,,
gdc,kscv.0,23436,24250,Ausrufer,ausrufer,noch,ADV,noch,12864,,
gdc,kscv.0,23436,24250,Ausrufer,ausrufer,nit,APPR,nit,12864,,
gdc,kscv.0,23436,24250,Ausrufer,ausrufer,viel,PIS,viel,12864,,
gdc,kscv.0,23436,24250,Ausrufer,ausrufer,",","$,",--,12864,,
gdc,kscv.0,23436,24250,Ausrufer,ausrufer,unterst,ADV,unterst,12864,,
gdc,kscv.0,23436,24250,Ausrufer,ausrufer,Stuf,NN,stuf,12864,,
gdc,kscv.0,23436,24250,Ausrufer,ausrufer,von,APPR,von,12864,,
gdc,kscv.0,23436,24250,Ausrufer,ausrufer,menschliche,ADJA,menschlich,12864,,
gdc,kscv.0,23436,24250,Ausrufer,ausrufer,Geschlecht,NN,geschlecht,12864,,
gdc,kscv.0,23436,24250,Ausrufer,ausrufer,"!",$.,--,12864,,
gdc,kscv.0,24255,24283,Herr,herr,Grotesk,NE,grotesk,12864,,
gdc,kscv.0,24255,24283,Herr,herr,"!",$.,--,12864,,
gdc,kscv.0,24255,24283,Herr,herr,Sehr,ADV,sehr,12864,,
gdc,kscv.0,24255,24283,Herr,herr,grotesk,ADJD,grotesk,12864,,
gdc,kscv.0,24255,24283,Herr,herr,"!",$.,--,12864,,
gdc,kscv.0,24288,24357,Student,student,Sind,VAFIN,sein,12864,,
gdc,kscv.0,24288,24357,Student,student,Sie,PPER,sie,12864,,
gdc,kscv.0,24288,24357,Student,student,auch,ADV,auch,12864,,
gdc,kscv.0,24288,24357,Student,student,ein,ART,ein,12864,,
gdc,kscv.0,24288,24357,Student,student,Atheist,NN,atheist,12864,,
gdc,kscv.0,24288,24357,Student,student,"!",$.,--,12864,,
gdc,kscv.0,24288,24357,Student,student,ich,PPER,ich,12864,student,(19)
gdc,kscv.0,24288,24357,Student,student,bin,VAFIN,sein,12864,,
gdc,kscv.0,24288,24357,Student,student,ein,ART,ein,12864,,
gdc,kscv.0,24288,24357,Student,student,dogmatischer,ADJA,dogmatisch,12864,,
gdc,kscv.0,24288,24357,Student,student,Atheist,NN,atheist,12864,,
gdc,kscv.0,24288,24357,Student,student,.,$.,--,12864,,
gdc,kscv.0,24362,24458,,,Ist,VAFIN,sein,12864,,
gdc,kscv.0,24362,24458,,,',$(,--,12864,,
gdc,kscv.0,24362,24458,,,s,PPER,--,12864,,
gdc,kscv.0,24362,24458,,,grotesk,VVFIN,grotesk,12864,,
gdc,kscv.0,24362,24458,,,?,$.,--,12864,,
gdc,kscv.0,24362,24458,,,Ich,PPER,ich,12864,,
gdc,kscv.0,24362,24458,,,bin,VAFIN,sein,12864,,
gdc,kscv.0,24362,24458,,,ein,ART,ein,12864,,
gdc,kscv.0,24362,24458,,,Freund,NN,freund,12864,,
gdc,kscv.0,24362,24458,,,vom,APPRART,von,12864,,
gdc,kscv.0,24362,24458,,,grotesken,ADJA,grotesken,12864,,
gdc,kscv.0,24362,24458,,,.,$.,--,12864,,
gdc,kscv.0,24362,24458,,,Sehen,VVFIN,sehen,12864,,
gdc,kscv.0,24362,24458,,,Sie,PPER,sie,12864,,
gdc,kscv.0,24362,24458,,,dort,ADV,dort,12864,,
gdc,kscv.0,24362,24458,,,?,$.,--,12864,,
gdc,kscv.0,24362,24458,,,was,PWS,was,12864,,
gdc,kscv.0,24362,24458,,,ein,ART,ein,12864,,
gdc,kscv.0,24362,24458,,,grotesker,ADJA,grotesk,12864,,
gdc,kscv.0,24362,24458,,,Effect,NN,effect,12864,,
gdc,kscv.0,24362,24458,,,.,$.,--,12864,,
gdc,kscv.0,24463,24502,,,Ich,PPER,ich,12864,,
gdc,kscv.0,24463,24502,,,bin,VAFIN,sein,12864,,
gdc,kscv.0,24463,24502,,,ein,ART,ein,12864,,
gdc,kscv.0,24463,24502,,,dogmatischer,ADJA,dogmatisch,12864,,
gdc,kscv.0,24463,24502,,,Atheist,NN,atheist,12864,,
gdc,kscv.0,24463,24502,,,.,$.,--,12864,,
gdc,kscv.0,24507,24521,Herr,herr,Grotesk,NE,grotesk,12864,,
gdc,kscv.0,24507,24521,Herr,herr,"!",$.,--,12864,,
gdc,kscv.0,24563,24861,Erster Handwerksbursch,erster_handwerksbursch,Bruder,NN,bruder,12864,,
gdc,kscv.0,24563,24861,Erster Handwerksbursch,erster_handwerksbursch,"!",$.,--,12864,,
gdc,kscv.0,24563,24861,Erster Handwerksbursch,erster_handwerksbursch,Vergißmeinicht,NN,vergißmeinicht,12864,,
gdc,kscv.0,24563,24861,Erster Handwerksbursch,erster_handwerksbursch,"!",$.,--,12864,,
gdc,kscv.0,24563,24861,Erster Handwerksbursch,erster_handwerksbursch,Freundschaft,NN,freundschaft,12864,,
gdc,kscv.0,24563,24861,Erster Handwerksbursch,erster_handwerksbursch,"!",$.,--,12864,,
gdc,kscv.0,24563,24861,Erster Handwerksbursch,erster_handwerksbursch,Ich,PPER,ich,12864,erster_handwerksbursch,(20)
gdc,kscv.0,24563,24861,Erster Handwerksbursch,erster_handwerksbursch,könnt,VVFIN,können,12864,,
gdc,kscv.0,24563,24861,Erster Handwerksbursch,erster_handwerksbursch,ein,ART,ein,12864,,
gdc,kscv.0,24563,24861,Erster Handwerksbursch,erster_handwerksbursch,Regenfaß,NN,regenfaß,12864,,
gdc,kscv.0,24563,24861,Erster Handwerksbursch,erster_handwerksbursch,voll,ADJD,voll,12864,,
gdc,kscv.0,24563,24861,Erster Handwerksbursch,erster_handwerksbursch,greinen,ADJA,grein,12864,,
gdc,kscv.0,24563,24861,Erster Handwerksbursch,erster_handwerksbursch,vor,APPR,vor,12864,,
gdc,kscv.0,24563,24861,Erster Handwerksbursch,erster_handwerksbursch,Wehmuth,NE,wehmuth,12864,,
gdc,kscv.0,24563,24861,Erster Handwerksbursch,erster_handwerksbursch,"!",$.,--,12864,,
gdc,kscv.0,24563,24861,Erster Handwerksbursch,erster_handwerksbursch,wann,PWAV,wann,12864,,
gdc,kscv.0,24563,24861,Erster Handwerksbursch,erster_handwerksbursch,ich,PPER,ich,12864,erster_handwerksbursch,(20)
gdc,kscv.0,24563,24861,Erster Handwerksbursch,erster_handwerksbursch,noch,ADV,noch,12864,,
gdc,kscv.0,24563,24861,Erster Handwerksbursch,erster_handwerksbursch,Rum,NN,rum,12864,,
gdc,kscv.0,24563,24861,Erster Handwerksbursch,erster_handwerksbursch,hätt,ADJD,hätt,12864,,
gdc,kscv.0,24563,24861,Erster Handwerksbursch,erster_handwerksbursch,"!",$.,--,12864,,
gdc,kscv.0,24563,24861,Erster Handwerksbursch,erster_handwerksbursch,Es,PPER,es,12864,,
gdc,kscv.0,24563,24861,Erster Handwerksbursch,erster_handwerksbursch,stinkt,VVFIN,stinken,12864,,
gdc,kscv.0,24563,24861,Erster Handwerksbursch,erster_handwerksbursch,nur,ADV,nur,12864,,
gdc,kscv.0,24563,24861,Erster Handwerksbursch,erster_handwerksbursch,",","$,",--,12864,,
gdc,kscv.0,24563,24861,Erster Handwerksbursch,erster_handwerksbursch,es,PPER,es,12864,,
gdc,kscv.0,24563,24861,Erster Handwerksbursch,erster_handwerksbursch,riecht,VVFIN,riechen,12864,,
gdc,kscv.0,24563,24861,Erster Handwerksbursch,erster_handwerksbursch,nur,ADV,nur,12864,,
gdc,kscv.0,24563,24861,Erster Handwerksbursch,erster_handwerksbursch,.,$.,--,12864,,
gdc,kscv.0,24563,24861,Erster Handwerksbursch,erster_handwerksbursch,Warum,PWAV,warum,12864,,
gdc,kscv.0,24563,24861,Erster Handwerksbursch,erster_handwerksbursch,ist,VAFIN,sein,12864,,
gdc,kscv.0,24563,24861,Erster Handwerksbursch,erster_handwerksbursch,dieße,PDAT,dießer,12864,,
gdc,kscv.0,24563,24861,Erster Handwerksbursch,erster_handwerksbursch,Welt,NN,welt,12864,,
gdc,kscv.0,24563,24861,Erster Handwerksbursch,erster_handwerksbursch,so,ADV,so,12864,,
gdc,kscv.0,24563,24861,Erster Handwerksbursch,erster_handwerksbursch,schön,ADJD,schön,12864,,
gdc,kscv.0,24563,24861,Erster Handwerksbursch,erster_handwerksbursch,?,$.,--,12864,,
gdc,kscv.0,24563,24861,Erster Handwerksbursch,erster_handwerksbursch,Wann,PWAV,wann,12864,,
gdc,kscv.0,24563,24861,Erster Handwerksbursch,erster_handwerksbursch,ich,PPER,ich,12864,erster_handwerksbursch,(20)
gdc,kscv.0,24563,24861,Erster Handwerksbursch,erster_handwerksbursch,',$(,--,12864,,
gdc,kscv.0,24563,24861,Erster Handwerksbursch,erster_handwerksbursch,s,PPER,--,12864,,
gdc,kscv.0,24563,24861,Erster Handwerksbursch,erster_handwerksbursch,ein,ART,ein,12864,,
gdc,kscv.0,24563,24861,Erster Handwerksbursch,erster_handwerksbursch,Aug,NN,aug,12864,,
gdc,kscv.0,24563,24861,Erster Handwerksbursch,erster_handwerksbursch,zu,APPR,zu,12864,,
gdc,kscv.0,24563,24861,Erster Handwerksbursch,erster_handwerksbursch,mach,ADJD,mach,12864,,
gdc,kscv.0,24563,24861,Erster Handwerksbursch,erster_handwerksbursch,und,KON,und,12864,,
gdc,kscv.0,24563,24861,Erster Handwerksbursch,erster_handwerksbursch,über,APPR,über,12864,,
gdc,kscv.0,24563,24861,Erster Handwerksbursch,erster_handwerksbursch,mei,CARD,mei,12864,,
gdc,kscv.0,24563,24861,Erster Handwerksbursch,erster_handwerksbursch,Nas,NN,nas,12864,,
gdc,kscv.0,24563,24861,Erster Handwerksbursch,erster_handwerksbursch,hinguck,PTKVZ,hinguck,12864,,
gdc,kscv.0,24563,24861,Erster Handwerksbursch,erster_handwerksbursch,",","$,",--,12864,,
gdc,kscv.0,24563,24861,Erster Handwerksbursch,erster_handwerksbursch,so,ADV,so,12864,,
gdc,kscv.0,24563,24861,Erster Handwerksbursch,erster_handwerksbursch,is,FM,--,12864,,
gdc,kscv.0,24563,24861,Erster Handwerksbursch,erster_handwerksbursch,Alles,PIS,alle,12864,,
gdc,kscv.0,24563,24861,Erster Handwerksbursch,erster_handwerksbursch,roseroth,NE,roseroth,12864,,
gdc,kscv.0,24563,24861,Erster Handwerksbursch,erster_handwerksbursch,.,$.,--,12864,,
gdc,kscv.0,24563,24861,Erster Handwerksbursch,erster_handwerksbursch,Brandewein,NE,brandewein,12864,,
gdc,kscv.0,24563,24861,Erster Handwerksbursch,erster_handwerksbursch,",","$,",--,12864,,
gdc,kscv.0,24563,24861,Erster Handwerksbursch,erster_handwerksbursch,das,PDS,der,12864,,
gdc,kscv.0,24563,24861,Erster Handwerksbursch,erster_handwerksbursch,ist,VAFIN,sein,12864,,
gdc,kscv.0,24563,24861,Erster Handwerksbursch,erster_handwerksbursch,mei,APPR,mei,12864,,
gdc,kscv.0,24563,24861,Erster Handwerksbursch,erster_handwerksbursch,Leben,NN,leben,12864,,
gdc,kscv.0,24563,24861,Erster Handwerksbursch,erster_handwerksbursch,.,$.,--,12864,,
gdc,kscv.0,24866,24941,Zweiter Handwerksbursch,zweiter_handwerksbursch,Er,PPER,er,12864,,
gdc,kscv.0,24866,24941,Zweiter Handwerksbursch,zweiter_handwerksbursch,sieht,VVFIN,sehen,12864,,
gdc,kscv.0,24866,24941,Zweiter Handwerksbursch,zweiter_handwerksbursch,Alles,PIS,alle,12864,,
gdc,kscv.0,24866,24941,Zweiter Handwerksbursch,zweiter_handwerksbursch,rosenroth,NE,rosenroth,12864,,
gdc,kscv.0,24866,24941,Zweiter Handwerksbursch,zweiter_handwerksbursch,",","$,",--,12864,,
gdc,kscv.0,24866,24941,Zweiter Handwerksbursch,zweiter_handwerksbursch,wann,PWAV,wann,12864,,
gdc,kscv.0,24866,24941,Zweiter Handwerksbursch,zweiter_handwerksbursch,ihm,PPER,ihm,12864,,
gdc,kscv.0,24866,24941,Zweiter Handwerksbursch,zweiter_handwerksbursch,',$(,--,12864,,
gdc,kscv.0,24866,24941,Zweiter Handwerksbursch,zweiter_handwerksbursch,s,ART,--,12864,,
gdc,kscv.0,24866,24941,Zweiter Handwerksbursch,zweiter_handwerksbursch,Kreuz,NN,kreuz,12864,,
gdc,kscv.0,24866,24941,Zweiter Handwerksbursch,zweiter_handwerksbursch,über,APPR,über,12864,,
gdc,kscv.0,24866,24941,Zweiter Handwerksbursch,zweiter_handwerksbursch,sei,VAFIN,sein,12864,,
gdc,kscv.0,24866,24941,Zweiter Handwerksbursch,zweiter_handwerksbursch,Nas,NN,na,12864,,
gdc,kscv.0,24866,24941,Zweiter Handwerksbursch,zweiter_handwerksbursch,guckt,VVPP,gucken,12864,,
gdc,kscv.0,24866,24941,Zweiter Handwerksbursch,zweiter_handwerksbursch,.,$.,--,12864,,
gdc,kscv.0,24946,26350,,,S,XY,--,12864,,
gdc,kscv.0,24946,26350,,,',$(,--,12864,,
gdc,kscv.0,24946,26350,,,is,XY,--,12864,,
gdc,kscv.0,24946,26350,,,kei,PIAT,kei,12864,,
gdc,kscv.0,24946,26350,,,Ordnung,NN,ordnung,12864,,
gdc,kscv.0,24946,26350,,,"!",$.,--,12864,,
gdc,kscv.0,24946,26350,,,Was,PWS,was,12864,,
gdc,kscv.0,24946,26350,,,hat,VAFIN,haben,12864,,
gdc,kscv.0,24946,26350,,,der,ART,der,12864,,
gdc,kscv.0,24946,26350,,,Laternputzer,NN,laternputzer,12864,,
gdc,kscv.0,24946,26350,,,vergesse,ADV,vergessen,12864,,
gdc,kscv.0,24946,26350,,,mir,PPER,sich,12864,,
gdc,kscv.0,24946,26350,,,die,ART,der,12864,,
gdc,kscv.0,24946,26350,,,Auge,NN,auge,12864,,
gdc,kscv.0,24946,26350,,,zu,PTKA,zu,12864,,
gdc,kscv.0,24946,26350,,,fege,ADJD,fege,12864,,
gdc,kscv.0,24946,26350,,,",","$,",--,12864,,
gdc,kscv.0,24946,26350,,,s,PPER,--,12864,,
gdc,kscv.0,24946,26350,,,',$(,--,12864,,
gdc,kscv.0,24946,26350,,,is,APPR,--,12864,,
gdc,kscv.0,24946,26350,,,Alles,PIS,alle,12864,,
gdc,kscv.0,24946,26350,,,finster,ADJD,finster,12864,,
gdc,kscv.0,24946,26350,,,.,$.,--,12864,,
gdc,kscv.0,24946,26350,,,Hol,XY,hol,12864,,
gdc,kscv.0,24946,26350,,,der,ART,der,12864,,
gdc,kscv.0,24946,26350,,,Teufel,NN,teufel,12864,,
gdc,kscv.0,24946,26350,,,de,NE,de,12864,,
gdc,kscv.0,24946,26350,,,liebe,ADJA,lieb,12864,,
gdc,kscv.0,24946,26350,,,Herrgott,NN,herrgott,12864,,
gdc,kscv.0,24946,26350,,,"!",$.,--,12864,,
gdc,kscv.0,24946,26350,,,Ich,PPER,ich,12864,,
gdc,kscv.0,24946,26350,,,lieg,VVFIN,leigen,12864,,
gdc,kscv.0,24946,26350,,,mir,PPER,sich,12864,,
gdc,kscv.0,24946,26350,,,selbst,ADV,selbst,12864,,
gdc,kscv.0,24946,26350,,,im,APPRART,in,12864,,
gdc,kscv.0,24946,26350,,,Weg,NN,weg,12864,,
gdc,kscv.0,24946,26350,,,und,KON,und,12864,,
gdc,kscv.0,24946,26350,,,muß,VMFIN,müssen,12864,,
gdc,kscv.0,24946,26350,,,über,APPR,über,12864,,
gdc,kscv.0,24946,26350,,,mich,PPER,mich,12864,,
gdc,kscv.0,24946,26350,,,springe,VVFIN,springen,12864,,
gdc,kscv.0,24946,26350,,,.,$.,--,12864,,
gdc,kscv.0,24946,26350,,,Wo,PWAV,wo,12864,,
gdc,kscv.0,24946,26350,,,is,PPER,--,12864,,
gdc,kscv.0,24946,26350,,,mei,APPR,mei,12864,,
gdc,kscv.0,24946,26350,,,Schatten,NN,schatten,12864,,
gdc,kscv.0,24946,26350,,,hingekomm,VVPP,hingekomm,12864,,
gdc,kscv.0,24946,26350,,,?,$.,--,12864,,
gdc,kscv.0,24946,26350,,,Kei,APPR,kei,12864,,
gdc,kscv.0,24946,26350,,,Sicherheit,NN,sicherheit,12864,,
gdc,kscv.0,24946,26350,,,mehr,ADV,mehr,12864,,
gdc,kscv.0,24946,26350,,,im,APPRART,in,12864,,
gdc,kscv.0,24946,26350,,,Stall,NN,stall,12864,,
gdc,kscv.0,24946,26350,,,.,$.,--,12864,,
gdc,kscv.0,24946,26350,,,Leucht,VVFIN,leucht,12864,,
gdc,kscv.0,24946,26350,,,mir,PPER,sich,12864,,
gdc,kscv.0,24946,26350,,,einmal,ADV,einmal,12864,,
gdc,kscv.0,24946,26350,,,einer,PIS,ein,12864,,
gdc,kscv.0,24946,26350,,,mit,APPR,mit,12864,,
gdc,kscv.0,24946,26350,,,dem,ART,der,12864,,
gdc,kscv.0,24946,26350,,,Mond,NN,mond,12864,,
gdc,kscv.0,24946,26350,,,zwische,VVFIN,zwisch,12864,,
gdc,kscv.0,24946,26350,,,die,ART,der,12864,,
gdc,kscv.0,24946,26350,,,Bein,NN,bein,12864,,
gdc,kscv.0,24946,26350,,,ob,KOUS,ob,12864,,
gdc,kscv.0,24946,26350,,,ich,PPER,ich,12864,,
gdc,kscv.0,24946,26350,,,mei,APPR,mei,12864,,
gdc,kscv.0,24946,26350,,,Schatte,NN,schatte,12864,,
gdc,kscv.0,24946,26350,,,noch,ADV,noch,12864,,
gdc,kscv.0,24946,26350,,,hab,PTKVZ,hab,12864,,
gdc,kscv.0,24946,26350,,,.,$.,--,12864,,
gdc,kscv.0,24946,26350,,,Fraßen,NN,fraße,12864,,
gdc,kscv.0,24946,26350,,,ab,APPR,ab,12864,,
gdc,kscv.0,24946,26350,,,das,ART,der,12864,,
gdc,kscv.0,24946,26350,,,grüne,ADJA,grün,12864,,
gdc,kscv.0,24946,26350,,,",","$,",--,12864,,
gdc,kscv.0,24946,26350,,,grüne,ADJA,grün,12864,,
gdc,kscv.0,24946,26350,,,Gras,NN,gras,12864,,
gdc,kscv.0,24946,26350,,,",","$,",--,12864,,
gdc,kscv.0,24946,26350,,,Fraßen,NN,fraße,12864,,
gdc,kscv.0,24946,26350,,,ab,APPR,ab,12864,,
gdc,kscv.0,24946,26350,,,das,ART,der,12864,,
gdc,kscv.0,24946,26350,,,grün,NN,grün,12864,,
gdc,kscv.0,24946,26350,,,",","$,",--,12864,,
gdc,kscv.0,24946,26350,,,grün,ADJA,grün,12864,,
gdc,kscv.0,24946,26350,,,Gras,NN,gras,12864,,
gdc,kscv.0,24946,26350,,,Bis,APPR,bis,12864,,
gdc,kscv.0,24946,26350,,,auf,APPR,auf,12864,,
gdc,kscv.0,24946,26350,,,den,ART,der,12864,,
gdc,kscv.0,24946,26350,,,Ra-a-sen,NN,ra-a-se,12864,,
gdc,kscv.0,24946,26350,,,.,$.,--,12864,,
gdc,kscv.0,24946,26350,,,Sternschnuppe,NN,sternschnuppe,12864,,
gdc,kscv.0,24946,26350,,,",","$,",--,12864,,
gdc,kscv.0,24946,26350,,,ich,PPER,ich,12864,,
gdc,kscv.0,24946,26350,,,muß,VMFIN,müssen,12864,,
gdc,kscv.0,24946,26350,,,den,ART,der,12864,,
gdc,kscv.0,24946,26350,,,Stern,NN,stern,12864,,
gdc,kscv.0,24946,26350,,,',$(,--,12864,,
gdc,kscv.0,24946,26350,,,die,ART,der,12864,,
gdc,kscv.0,24946,26350,,,Nas,NE,nas,12864,,
gdc,kscv.0,24946,26350,,,schneuzen,VVINF,schneuzen,12864,,
gdc,kscv.0,24946,26350,,,.,$.,--,12864,,
gdc,kscv.0,24946,26350,,,Das,PDS,der,12864,,
gdc,kscv.0,24946,26350,,,ist,VAFIN,sein,12864,,
gdc,kscv.0,24946,26350,,,mir,PPER,sich,12864,,
gdc,kscv.0,24946,26350,,,ein,ART,ein,12864,,
gdc,kscv.0,24946,26350,,,Geselle,NN,geselle,12864,,
gdc,kscv.0,24946,26350,,,",","$,",--,12864,,
gdc,kscv.0,24946,26350,,,die,ART,der,12864,,
gdc,kscv.0,24946,26350,,,Handthierung,NN,handthierung,12864,,
gdc,kscv.0,24946,26350,,,",","$,",--,12864,,
gdc,kscv.0,24946,26350,,,ist,VAFIN,sein,12864,,
gdc,kscv.0,24946,26350,,,dir,PPER,dir,12864,,
gdc,kscv.0,24946,26350,,,recht,NN,recht,12864,,
gdc,kscv.0,24946,26350,,,",","$,",--,12864,,
gdc,kscv.0,24946,26350,,,Schaum,NN,schaum,12864,,
gdc,kscv.0,24946,26350,,,",","$,",--,12864,,
gdc,kscv.0,24946,26350,,,ei,CARD,ei,12864,,
gdc,kscv.0,24946,26350,,,Thorheit,NN,thorheit,12864,,
gdc,kscv.0,24946,26350,,,",","$,",--,12864,,
gdc,kscv.0,24946,26350,,,Thierisches,ADJA,thierisch,12864,,
gdc,kscv.0,24946,26350,,,Vergnügen,NN,vergnügen,12864,,
gdc,kscv.0,24946,26350,,,meines,PPOSAT,mein,12864,,
gdc,kscv.0,24946,26350,,,seeligen,ADJA,seelig,12864,,
gdc,kscv.0,24946,26350,,,Mannes,NN,mann,12864,,
gdc,kscv.0,24946,26350,,,[,XY,[,12864,,
gdc,kscv.0,24946,26350,,,?,$.,--,12864,,
gdc,kscv.0,24946,26350,,,?,$.,--,12864,,
gdc,kscv.0,24946,26350,,,],$(,],12864,,
gdc,kscv.0,24946,26350,,,und,KON,und,12864,,
gdc,kscv.0,24946,26350,,,empfiehlt,VVFIN,empfehlen,12864,,
gdc,kscv.0,24946,26350,,,sich,PRF,sich,12864,,
gdc,kscv.0,24946,26350,,,mit,APPR,mit,12864,,
gdc,kscv.0,24946,26350,,,mehr,ADV,mehr,12864,,
gdc,kscv.0,24946,26350,,,ungezeugten,ADJA,ungezeugt,12864,,
gdc,kscv.0,24946,26350,,,Kindern,NN,kind,12864,,
gdc,kscv.0,24946,26350,,,.,$.,--,12864,,
gdc,kscv.0,24946,26350,,,Mach,NE,mach,12864,,
gdc,kscv.0,24946,26350,,,kei,CARD,kei,12864,,
gdc,kscv.0,24946,26350,,,Loch,NN,loch,12864,,
gdc,kscv.0,24946,26350,,,in,APPR,in,12864,,
gdc,kscv.0,24946,26350,,,die,ART,der,12864,,
gdc,kscv.0,24946,26350,,,Natur,NN,natur,12864,,
gdc,kscv.0,24946,26350,,,.,$.,--,12864,,
gdc,kscv.0,24946,26350,,,Warum,PWAV,warum,12864,,
gdc,kscv.0,24946,26350,,,hat,VAFIN,haben,12864,,
gdc,kscv.0,24946,26350,,,Gott,NN,gott,12864,,
gdc,kscv.0,24946,26350,,,die,ART,der,12864,,
gdc,kscv.0,24946,26350,,,Mensche,NN,mensch,12864,,
gdc,kscv.0,24946,26350,,,geschaffe,VVFIN,geschaffen,12864,,
gdc,kscv.0,24946,26350,,,?,$.,--,12864,,
gdc,kscv.0,24946,26350,,,Das,PDS,der,12864,,
gdc,kscv.0,24946,26350,,,hat,VAFIN,haben,12864,,
gdc,kscv.0,24946,26350,,,auch,ADV,auch,12864,,
gdc,kscv.0,24946,26350,,,sei,VAFIN,sein,12864,,
gdc,kscv.0,24946,26350,,,Nutz,NN,nutz,12864,,
gdc,kscv.0,24946,26350,,,.,$.,--,12864,,
gdc,kscv.0,24946,26350,,,Was,PWS,was,12864,,
gdc,kscv.0,24946,26350,,,würde,VAFIN,werden,12864,,
gdc,kscv.0,24946,26350,,,der,ART,der,12864,,
gdc,kscv.0,24946,26350,,,Landmann,NN,landmann,12864,,
gdc,kscv.0,24946,26350,,,",","$,",--,12864,,
gdc,kscv.0,24946,26350,,,der,ART,der,12864,,
gdc,kscv.0,24946,26350,,,Schuhmacher,NN,schuhmacher,12864,,
gdc,kscv.0,24946,26350,,,",","$,",--,12864,,
gdc,kscv.0,24946,26350,,,der,ART,der,12864,,
gdc,kscv.0,24946,26350,,,Schneider,NE,schneider,12864,,
gdc,kscv.0,24946,26350,,,anfange,VVFIN,anfange,12864,,
gdc,kscv.0,24946,26350,,,",","$,",--,12864,,
gdc,kscv.0,24946,26350,,,wenn,KOUS,wenn,12864,,
gdc,kscv.0,24946,26350,,,er,PPER,er,12864,,
gdc,kscv.0,24946,26350,,,für,APPR,für,12864,,
gdc,kscv.0,24946,26350,,,die,ART,der,12864,,
gdc,kscv.0,24946,26350,,,Mensche,NN,mensche,12864,,
gdc,kscv.0,24946,26350,,,kei,PIAT,kei,12864,,
gdc,kscv.0,24946,26350,,,Schuh,NN,schuh,12864,,
gdc,kscv.0,24946,26350,,,",","$,",--,12864,,
gdc,kscv.0,24946,26350,,,kei,PIAT,kei,12864,,
gdc,kscv.0,24946,26350,,,Hose,NN,hose,12864,,
gdc,kscv.0,24946,26350,,,machte,VVFIN,machen,12864,,
gdc,kscv.0,24946,26350,,,?,$.,--,12864,,
gdc,kscv.0,24946,26350,,,Warum,PWAV,warum,12864,,
gdc,kscv.0,24946,26350,,,hat,VAFIN,haben,12864,,
gdc,kscv.0,24946,26350,,,Gott,NN,gott,12864,,
gdc,kscv.0,24946,26350,,,den,ART,der,12864,,
gdc,kscv.0,24946,26350,,,Mensche,NN,mensche,12864,,
gdc,kscv.0,24946,26350,,,das,ART,der,12864,,
gdc,kscv.0,24946,26350,,,Gefühl,NN,gefühl,12864,,
gdc,kscv.0,24946,26350,,,der,ART,der,12864,,
gdc,kscv.0,24946,26350,,,Schamhaftigkeit,NN,schamhaftigkeit,12864,,
gdc,kscv.0,24946,26350,,,eingeflößt,VVPP,einflößen,12864,,
gdc,kscv.0,24946,26350,,,?,$.,--,12864,,
gdc,kscv.0,24946,26350,,,Damit,KOUS,damit,12864,,
gdc,kscv.0,24946,26350,,,der,ART,der,12864,,
gdc,kscv.0,24946,26350,,,Schneider,NE,schneider,12864,,
gdc,kscv.0,24946,26350,,,lebe,VVFIN,leben,12864,,
gdc,kscv.0,24946,26350,,,kann,VMFIN,können,12864,,
gdc,kscv.0,24946,26350,,,.,$.,--,12864,,
gdc,kscv.0,24946,26350,,,Ja,PTKANT,ja,12864,,
gdc,kscv.0,24946,26350,,,"!",$.,--,12864,,
gdc,kscv.0,24946,26350,,,Ja,PTKANT,ja,12864,,
gdc,kscv.0,24946,26350,,,"!",$.,--,12864,,
gdc,kscv.0,24946,26350,,,Also,ADV,also,12864,,
gdc,kscv.0,24946,26350,,,"!",$.,--,12864,,
gdc,kscv.0,24946,26350,,,–,XY,–,12864,,
gdc,kscv.0,24946,26350,,,Darum,PROAV,darum,12864,,
gdc,kscv.0,24946,26350,,,"!",$.,--,12864,,
gdc,kscv.0,24946,26350,,,auf,APPR,auf,12864,,
gdc,kscv.0,24946,26350,,,daß,KOUS,daß,12864,,
gdc,kscv.0,24946,26350,,,"!",$.,--,12864,,
gdc,kscv.0,24946,26350,,,damit,PROAV,damit,12864,,
gdc,kscv.0,24946,26350,,,"!",$.,--,12864,,
gdc,kscv.0,24946,26350,,,oder,KON,oder,12864,,
gdc,kscv.0,24946,26350,,,aber,ADV,aber,12864,,
gdc,kscv.0,24946,26350,,,",","$,",--,12864,,
gdc,kscv.0,24946,26350,,,wenn,KOUS,wenn,12864,,
gdc,kscv.0,24946,26350,,,er,PPER,er,12864,,
gdc,kscv.0,24946,26350,,,es,PPER,es,12864,,
gdc,kscv.0,24946,26350,,,nicht,PTKNEG,nicht,12864,,
gdc,kscv.0,24946,26350,,,gethan,VVPP,gethan,12864,,
gdc,kscv.0,24946,26350,,,hätte,VAFIN,haben,12864,,
gdc,kscv.0,24946,26350,,,",","$,",--,12864,,
gdc,kscv.0,24946,26350,,,aber,KON,aber,12864,,
gdc,kscv.0,24946,26350,,,darin,PROAV,darin,12864,,
gdc,kscv.0,24946,26350,,,sehen,VVFIN,sehen,12864,,
gdc,kscv.0,24946,26350,,,wir,PPER,wir,12864,,
gdc,kscv.0,24946,26350,,,sei,VAFIN,sein,12864,,
gdc,kscv.0,24946,26350,,,Weisheit,NN,weisheit,12864,,
gdc,kscv.0,24946,26350,,,",","$,",--,12864,,
gdc,kscv.0,24946,26350,,,daß,KOUS,daß,12864,,
gdc,kscv.0,24946,26350,,,auch,ADV,auch,12864,,
gdc,kscv.0,24946,26350,,,die,ART,der,12864,,
gdc,kscv.0,24946,26350,,,viehische,ADJA,viehisch,12864,,
gdc,kscv.0,24946,26350,,,Schöpfung,NN,schöpfung,12864,,
gdc,kscv.0,24946,26350,,,das,ART,der,12864,,
gdc,kscv.0,24946,26350,,,menschliche,ADJA,menschlich,12864,,
gdc,kscv.0,24946,26350,,,Ansehen,NN,ansehen,12864,,
gdc,kscv.0,24946,26350,,,hätte,VAFIN,haben,12864,,
gdc,kscv.0,24946,26350,,,",","$,",--,12864,,
gdc,kscv.0,24946,26350,,,weil,KOUS,weil,12864,,
gdc,kscv.0,24946,26350,,,die,ART,der,12864,,
gdc,kscv.0,24946,26350,,,Menschheit,NN,menschheit,12864,,
gdc,kscv.0,24946,26350,,,sonst,ADV,sonst,12864,,
gdc,kscv.0,24946,26350,,,das,ART,der,12864,,
gdc,kscv.0,24946,26350,,,Viehische,NN,viehisch,12864,,
gdc,kscv.0,24946,26350,,,aufgefressen,VVPP,aufgritzen,12864,,
gdc,kscv.0,24946,26350,,,hätte,VAFIN,haben,12864,,
gdc,kscv.0,24946,26350,,,.,$.,--,12864,,
gdc,kscv.0,24946,26350,,,Dießer,NE,dießer,12864,,
gdc,kscv.0,24946,26350,,,Säugling,NE,säugling,12864,,
gdc,kscv.0,24946,26350,,,",","$,",--,12864,,
gdc,kscv.0,24946,26350,,,dießes,PROAV,dieß,12864,,
gdc,kscv.0,24946,26350,,,schwach,ADJD,schwach,12864,,
gdc,kscv.0,24946,26350,,,",","$,",--,12864,,
gdc,kscv.0,24946,26350,,,hülflos,ADJD,hülflos,12864,,
gdc,kscv.0,24946,26350,,,Geschöpf,NN,geschöpf,12864,,
gdc,kscv.0,24946,26350,,,",","$,",--,12864,,
gdc,kscv.0,24946,26350,,,jener,PDAT,jener,12864,,
gdc,kscv.0,24946,26350,,,Säugling,NN,säugling,12864,,
gdc,kscv.0,24946,26350,,,",","$,",--,12864,,
gdc,kscv.0,24946,26350,,,[,$.,[,12864,,
gdc,kscv.0,24946,26350,,,Satz,NN,satz,12864,,
gdc,kscv.0,24946,26350,,,bricht,VVFIN,brechen,12864,,
gdc,kscv.0,24946,26350,,,ab,PTKVZ,ab,12864,,
gdc,kscv.0,24946,26350,,,.,$.,--,12864,,
gdc,kscv.0,24946,26350,,,],XY,],12864,,
gdc,kscv.0,24946,26350,,,Laßt,VVIMP,lassen,12864,,
gdc,kscv.0,24946,26350,,,uns,PPER,uns,12864,,
gdc,kscv.0,24946,26350,,,jezt,NN,jezt,12864,,
gdc,kscv.0,24946,26350,,,über,APPR,über,12864,,
gdc,kscv.0,24946,26350,,,das,ART,der,12864,,
gdc,kscv.0,24946,26350,,,Kreuz,NN,kreuz,12864,,
gdc,kscv.0,24946,26350,,,pissen,VVINF,pissen,12864,,
gdc,kscv.0,24946,26350,,,",","$,",--,12864,,
gdc,kscv.0,24946,26350,,,damit,KOUS,damit,12864,,
gdc,kscv.0,24946,26350,,,ein,ART,ein,12864,,
gdc,kscv.0,24946,26350,,,Jud,NN,jud,12864,jud,(27)
gdc,kscv.0,24946,26350,,,stirbt,VVFIN,sterben,12864,,
gdc,kscv.0,24946,26350,,,.,$.,--,12864,,
gdc,kscv.0,24946,26350,,,Brandwein,NE,brandwein,12864,,
gdc,kscv.0,24946,26350,,,das,PDS,der,12864,,
gdc,kscv.0,24946,26350,,,ist,VAFIN,sein,12864,,
gdc,kscv.0,24946,26350,,,mein,PPOSAT,mein,12864,,
gdc,kscv.0,24946,26350,,,Leben,NN,leben,12864,,
gdc,kscv.0,24946,26350,,,",","$,",--,12864,,
gdc,kscv.0,24946,26350,,,Brandwein,NN,brandwein,12864,,
gdc,kscv.0,24946,26350,,,giebt,VVFIN,gieben,12864,,
gdc,kscv.0,24946,26350,,,Courage,NN,courage,12864,,
gdc,kscv.0,24946,26350,,,.,$.,--,12864,,
gdc,kscv.0,26402,26461,Unterofficier,unterofficier,Halt,NN,halt,12864,,
gdc,kscv.0,26402,26461,Unterofficier,unterofficier,",","$,",--,12864,,
gdc,kscv.0,26402,26461,Unterofficier,unterofficier,jezt,VVFIN,jezen,12864,,
gdc,kscv.0,26402,26461,Unterofficier,unterofficier,.,$.,--,12864,,
gdc,kscv.0,26402,26461,Unterofficier,unterofficier,Siehst,VVFIN,siehst,12864,,
gdc,kscv.0,26402,26461,Unterofficier,unterofficier,du,PPER,du,12864,,
gdc,kscv.0,26402,26461,Unterofficier,unterofficier,sie,PPER,sie,12864,,
gdc,kscv.0,26402,26461,Unterofficier,unterofficier,"!",$.,--,12864,,
gdc,kscv.0,26402,26461,Unterofficier,unterofficier,Was,PWS,was,12864,,
gdc,kscv.0,26402,26461,Unterofficier,unterofficier,n,XY,--,12864,,
gdc,kscv.0,26402,26461,Unterofficier,unterofficier,',$(,--,12864,,
gdc,kscv.0,26402,26461,Unterofficier,unterofficier,Weibsbild,NN,weibsbild,12864,,
gdc,kscv.0,26402,26461,Unterofficier,unterofficier,.,$.,--,12864,,
gdc,kscv.0,26466,26561,Tambourmajor,tambourmajor,Teufel,NN,teufel,12864,,
gdc,kscv.0,26466,26561,Tambourmajor,tambourmajor,",","$,",--,12864,,
gdc,kscv.0,26466,26561,Tambourmajor,tambourmajor,zum,APPRART,zu,12864,,
gdc,kscv.0,26466,26561,Tambourmajor,tambourmajor,Fortpflanzen,NN,fortpflanz,12864,,
gdc,kscv.0,26466,26561,Tambourmajor,tambourmajor,von,APPR,von,12864,,
gdc,kscv.0,26466,26561,Tambourmajor,tambourmajor,Kürassierregimenter,NE,kürassierregimenter,12864,,
gdc,kscv.0,26466,26561,Tambourmajor,tambourmajor,und,KON,und,12864,,
gdc,kscv.0,26466,26561,Tambourmajor,tambourmajor,zur,APPRART,zu,12864,,
gdc,kscv.0,26466,26561,Tambourmajor,tambourmajor,Zucht,NN,zucht,12864,,
gdc,kscv.0,26466,26561,Tambourmajor,tambourmajor,von,APPR,von,12864,,
gdc,kscv.0,26466,26561,Tambourmajor,tambourmajor,Tambourmajors,NN,tambourmajor,12864,,
gdc,kscv.0,26466,26561,Tambourmajor,tambourmajor,"!",$.,--,12864,,
gdc,kscv.0,26566,26694,Unterofficier,unterofficier,Wie,PWAV,wie,12864,,
gdc,kscv.0,26566,26694,Unterofficier,unterofficier,sie,PPER,sie,12864,,
gdc,kscv.0,26566,26694,Unterofficier,unterofficier,den,ART,der,12864,,
gdc,kscv.0,26566,26694,Unterofficier,unterofficier,Kopf,NN,kopf,12864,,
gdc,kscv.0,26566,26694,Unterofficier,unterofficier,trägt,VVFIN,tragen,12864,,
gdc,kscv.0,26566,26694,Unterofficier,unterofficier,",","$,",--,12864,,
gdc,kscv.0,26566,26694,Unterofficier,unterofficier,man,PIS,man,12864,,
gdc,kscv.0,26566,26694,Unterofficier,unterofficier,meint,VVFIN,meinen,12864,,
gdc,kscv.0,26566,26694,Unterofficier,unterofficier,das,PDS,der,12864,,
gdc,kscv.0,26566,26694,Unterofficier,unterofficier,schwarz,ADJD,schwarz,12864,,
gdc,kscv.0,26566,26694,Unterofficier,unterofficier,Haar,NN,haar,12864,,
gdc,kscv.0,26566,26694,Unterofficier,unterofficier,müßt,VVFIN,müßen,12864,,
gdc,kscv.0,26566,26694,Unterofficier,unterofficier,sie,PPER,sie,12864,,
gdc,kscv.0,26566,26694,Unterofficier,unterofficier,abwärts,ADV,abwärts,12864,,
gdc,kscv.0,26566,26694,Unterofficier,unterofficier,ziehn,PTKVZ,ziehn,12864,,
gdc,kscv.0,26566,26694,Unterofficier,unterofficier,",","$,",--,12864,,
gdc,kscv.0,26566,26694,Unterofficier,unterofficier,wie,KOKOM,wie,12864,,
gdc,kscv.0,26566,26694,Unterofficier,unterofficier,ein,ART,ein,12864,,
gdc,kscv.0,26566,26694,Unterofficier,unterofficier,Gewicht,NN,gewicht,12864,,
gdc,kscv.0,26566,26694,Unterofficier,unterofficier,",","$,",--,12864,,
gdc,kscv.0,26566,26694,Unterofficier,unterofficier,und,KON,und,12864,,
gdc,kscv.0,26566,26694,Unterofficier,unterofficier,Auge,NN,auge,12864,,
gdc,kscv.0,26566,26694,Unterofficier,unterofficier,",","$,",--,12864,,
gdc,kscv.0,26566,26694,Unterofficier,unterofficier,schwarz,ADJD,schwarz,12864,,
gdc,kscv.0,26566,26694,Unterofficier,unterofficier,.,$.,--,12864,,
gdc,kscv.0,26566,26694,Unterofficier,unterofficier,.,$.,--,12864,,
gdc,kscv.0,26566,26694,Unterofficier,unterofficier,.,$.,--,12864,,
gdc,kscv.0,26699,26794,Tambourmajor,tambourmajor,Als,KOKOM,als,12864,,
gdc,kscv.0,26699,26794,Tambourmajor,tambourmajor,ob,KOUS,ob,12864,,
gdc,kscv.0,26699,26794,Tambourmajor,tambourmajor,man,PIS,man,12864,,
gdc,kscv.0,26699,26794,Tambourmajor,tambourmajor,in,APPR,in,12864,,
gdc,kscv.0,26699,26794,Tambourmajor,tambourmajor,ein,ART,ein,12864,,
gdc,kscv.0,26699,26794,Tambourmajor,tambourmajor,Ziehbrunn,NN,ziehbrunn,12864,,
gdc,kscv.0,26699,26794,Tambourmajor,tambourmajor,oder,KON,oder,12864,,
gdc,kscv.0,26699,26794,Tambourmajor,tambourmajor,zu,APPR,zu,12864,,
gdc,kscv.0,26699,26794,Tambourmajor,tambourmajor,eim,APPRART,eim,12864,,
gdc,kscv.0,26699,26794,Tambourmajor,tambourmajor,Schornstein,NN,schornstein,12864,,
gdc,kscv.0,26699,26794,Tambourmajor,tambourmajor,hinabguckt,VVPP,hinabgucken,12864,,
gdc,kscv.0,26699,26794,Tambourmajor,tambourmajor,.,$.,--,12864,,
gdc,kscv.0,26699,26794,Tambourmajor,tambourmajor,Fort,NN,fort,12864,,
gdc,kscv.0,26699,26794,Tambourmajor,tambourmajor,hinte,VVFIN,hinen,12864,,
gdc,kscv.0,26699,26794,Tambourmajor,tambourmajor,drein,PTKVZ,drein,12864,,
gdc,kscv.0,26699,26794,Tambourmajor,tambourmajor,.,$.,--,12864,,
gdc,kscv.0,26799,26838,Marie,marie,Was,PWS,was,12864,,
gdc,kscv.0,26799,26838,Marie,marie,Lichter,NN,licht,12864,,
gdc,kscv.0,26799,26838,Marie,marie,",","$,",--,12864,,
gdc,kscv.0,26799,26838,Marie,marie,mei,APPR,mei,12864,,
gdc,kscv.0,26799,26838,Marie,marie,Auge,NN,auge,12864,,
gdc,kscv.0,26799,26838,Marie,marie,"!",$.,--,12864,,
gdc,kscv.0,26843,26935,Woyzeck,woyzeck,Ja,PTKANT,ja,12864,,
gdc,kscv.0,26843,26935,Woyzeck,woyzeck,de,NE,de,12864,,
gdc,kscv.0,26843,26935,Woyzeck,woyzeck,Brandwein,NE,brandwein,12864,,
gdc,kscv.0,26843,26935,Woyzeck,woyzeck,",","$,",--,12864,,
gdc,kscv.0,26843,26935,Woyzeck,woyzeck,ein,ART,ein,12864,,
gdc,kscv.0,26843,26935,Woyzeck,woyzeck,Faß,NN,faß,12864,,
gdc,kscv.0,26843,26935,Woyzeck,woyzeck,schwarz,ADJD,schwarz,12864,,
gdc,kscv.0,26843,26935,Woyzeck,woyzeck,Katze,NN,katze,12864,,
gdc,kscv.0,26843,26935,Woyzeck,woyzeck,mit,APPR,mit,12864,,
gdc,kscv.0,26843,26935,Woyzeck,woyzeck,feurige,ADJA,feurig,12864,,
gdc,kscv.0,26843,26935,Woyzeck,woyzeck,Auge,NN,auge,12864,,
gdc,kscv.0,26843,26935,Woyzeck,woyzeck,.,$.,--,12864,,
gdc,kscv.0,26843,26935,Woyzeck,woyzeck,Hey,NE,hey,12864,,
gdc,kscv.0,26843,26935,Woyzeck,woyzeck,",","$,",--,12864,,
gdc,kscv.0,26843,26935,Woyzeck,woyzeck,was,PWS,was,12864,,
gdc,kscv.0,26843,26935,Woyzeck,woyzeck,n,XY,--,12864,,
gdc,kscv.0,26843,26935,Woyzeck,woyzeck,',$(,--,12864,,
gdc,kscv.0,26843,26935,Woyzeck,woyzeck,Abend,NN,abend,12864,,
gdc,kscv.0,26843,26935,Woyzeck,woyzeck,.,$.,--,12864,,
gdc,kscv.0,26974,27037,Doctor,doctor,Was,PWS,was,12864,,
gdc,kscv.0,26974,27037,Doctor,doctor,erleb,VVFIN,erleb,12864,,
gdc,kscv.0,26974,27037,Doctor,doctor,',$(,--,12864,,
gdc,kscv.0,26974,27037,Doctor,doctor,ich,PPER,ich,12864,doctor,(23)
gdc,kscv.0,26974,27037,Doctor,doctor,",","$,",--,12864,,
gdc,kscv.0,26974,27037,Doctor,doctor,Woyzeck,NN,woyzeck,12864,woyzeck,(1)
gdc,kscv.0,26974,27037,Doctor,doctor,?,$.,--,12864,,
gdc,kscv.0,26974,27037,Doctor,doctor,Ein,ART,ein,12864,,
gdc,kscv.0,26974,27037,Doctor,doctor,Mann,NN,mann,12864,,
gdc,kscv.0,26974,27037,Doctor,doctor,von,APPR,von,12864,,
gdc,kscv.0,26974,27037,Doctor,doctor,Wort,NN,wort,12864,,
gdc,kscv.0,26974,27037,Doctor,doctor,?,$.,--,12864,,
gdc,kscv.0,26974,27037,Doctor,doctor,Er,PPER,er,12864,,
gdc,kscv.0,26974,27037,Doctor,doctor,"!",$.,--,12864,,
gdc,kscv.0,26974,27037,Doctor,doctor,Er,PPER,er,12864,,
gdc,kscv.0,26974,27037,Doctor,doctor,"!",$.,--,12864,,
gdc,kscv.0,26974,27037,Doctor,doctor,Er,PPER,er,12864,,
gdc,kscv.0,26974,27037,Doctor,doctor,"!",$.,--,12864,,
gdc,kscv.0,27042,27072,Woyzeck,woyzeck,Was,PWS,was,12864,,
gdc,kscv.0,27042,27072,Woyzeck,woyzeck,denn,ADV,denn,12864,,
gdc,kscv.0,27042,27072,Woyzeck,woyzeck,Herr,NN,herr,12864,herr,(18)
gdc,kscv.0,27042,27072,Woyzeck,woyzeck,Doctor,NN,doctor,12864,doctor,(23)
gdc,kscv.0,27042,27072,Woyzeck,woyzeck,?,$.,--,12864,,
gdc,kscv.0,27077,27284,Doctor,doctor,Ich,PPER,ich,12864,doctor,(23)
gdc,kscv.0,27077,27284,Doctor,doctor,es,PPER,es,12864,,
gdc,kscv.0,27077,27284,Doctor,doctor,gesehn,VVPP,gesehn,12864,,
gdc,kscv.0,27077,27284,Doctor,doctor,hab,VAFIN,hab,12864,,
gdc,kscv.0,27077,27284,Doctor,doctor,',$(,--,12864,,
gdc,kscv.0,27077,27284,Doctor,doctor,",","$,",--,12864,,
gdc,kscv.0,27077,27284,Doctor,doctor,Er,PPER,er,12864,,
gdc,kscv.0,27077,27284,Doctor,doctor,auf,APPR,auf,12864,,
gdc,kscv.0,27077,27284,Doctor,doctor,die,ART,der,12864,,
gdc,kscv.0,27077,27284,Doctor,doctor,Straß,NN,straß,12864,,
gdc,kscv.0,27077,27284,Doctor,doctor,gepißt,VVPP,gepessen,12864,,
gdc,kscv.0,27077,27284,Doctor,doctor,hat,VAFIN,haben,12864,,
gdc,kscv.0,27077,27284,Doctor,doctor,",","$,",--,12864,,
gdc,kscv.0,27077,27284,Doctor,doctor,wie,KOKOM,wie,12864,,
gdc,kscv.0,27077,27284,Doctor,doctor,ein,ART,ein,12864,,
gdc,kscv.0,27077,27284,Doctor,doctor,Hund,NN,hund,12864,,
gdc,kscv.0,27077,27284,Doctor,doctor,.,$.,--,12864,,
gdc,kscv.0,27077,27284,Doctor,doctor,Geb,XY,geb,12864,,
gdc,kscv.0,27077,27284,Doctor,doctor,',$(,--,12864,,
gdc,kscv.0,27077,27284,Doctor,doctor,ich,PPER,ich,12864,doctor,(23)
gdc,kscv.0,27077,27284,Doctor,doctor,Ihm,PPER,ihm,12864,,
gdc,kscv.0,27077,27284,Doctor,doctor,dafür,PROAV,dafür,12864,,
gdc,kscv.0,27077,27284,Doctor,doctor,alle,PIS,aller,12864,,
gdc,kscv.0,27077,27284,Doctor,doctor,Tag,NN,tag,12864,,
gdc,kscv.0,27077,27284,Doctor,doctor,3,CARD,3,12864,,
gdc,kscv.0,27077,27284,Doctor,doctor,Groschen,NN,groschen,12864,,
gdc,kscv.0,27077,27284,Doctor,doctor,und,KON,und,12864,,
gdc,kscv.0,27077,27284,Doctor,doctor,Kost,NN,kost,12864,,
gdc,kscv.0,27077,27284,Doctor,doctor,?,$.,--,12864,,
gdc,kscv.0,27077,27284,Doctor,doctor,Die,ART,der,12864,,
gdc,kscv.0,27077,27284,Doctor,doctor,Welt,NN,welt,12864,,
gdc,kscv.0,27077,27284,Doctor,doctor,wird,VAFIN,werden,12864,,
gdc,kscv.0,27077,27284,Doctor,doctor,schlecht,ADJD,schlecht,12864,,
gdc,kscv.0,27077,27284,Doctor,doctor,",","$,",--,12864,,
gdc,kscv.0,27077,27284,Doctor,doctor,sehr,ADV,sehr,12864,,
gdc,kscv.0,27077,27284,Doctor,doctor,schlecht,ADJD,schlecht,12864,,
gdc,kscv.0,27077,27284,Doctor,doctor,",","$,",--,12864,,
gdc,kscv.0,27077,27284,Doctor,doctor,schlecht,ADJD,schlecht,12864,,
gdc,kscv.0,27077,27284,Doctor,doctor,",","$,",--,12864,,
gdc,kscv.0,27077,27284,Doctor,doctor,sag,VMFIN,sag,12864,,
gdc,kscv.0,27077,27284,Doctor,doctor,',$(,--,12864,,
gdc,kscv.0,27077,27284,Doctor,doctor,ich,PPER,ich,12864,doctor,(23)
gdc,kscv.0,27077,27284,Doctor,doctor,.,$.,--,12864,,
gdc,kscv.0,27077,27284,Doctor,doctor,O,ITJ,O,12864,,
gdc,kscv.0,27077,27284,Doctor,doctor,"!",$.,--,12864,,
gdc,kscv.0,27077,27284,Doctor,doctor,Woyzeck,NN,woyzeck,12864,woyzeck,(1)
gdc,kscv.0,27077,27284,Doctor,doctor,das,PDS,der,12864,,
gdc,kscv.0,27077,27284,Doctor,doctor,ist,VAFIN,sein,12864,,
gdc,kscv.0,27077,27284,Doctor,doctor,schlecht,ADJD,schlecht,12864,,
gdc,kscv.0,27077,27284,Doctor,doctor,.,$.,--,12864,,
gdc,kscv.0,27289,27340,Woyzeck,woyzeck,Aber,KON,aber,12864,,
gdc,kscv.0,27289,27340,Woyzeck,woyzeck,Herr,NN,herr,12864,herr,(18)
gdc,kscv.0,27289,27340,Woyzeck,woyzeck,Doctor,NN,doctor,12864,doctor,(23)
gdc,kscv.0,27289,27340,Woyzeck,woyzeck,wenn,KOUS,wenn,12864,,
gdc,kscv.0,27289,27340,Woyzeck,woyzeck,man,PIS,man,12864,,
gdc,kscv.0,27289,27340,Woyzeck,woyzeck,nit,APPR,nit,12864,,
gdc,kscv.0,27289,27340,Woyzeck,woyzeck,anders,ADV,anders,12864,,
gdc,kscv.0,27289,27340,Woyzeck,woyzeck,kann,VMFIN,können,12864,,
gdc,kscv.0,27289,27340,Woyzeck,woyzeck,?,$.,--,12864,,
gdc,kscv.0,27345,28816,Doctor,doctor,Nit,ADJD,nit,12864,,
gdc,kscv.0,27345,28816,Doctor,doctor,anders,ADV,anders,12864,,
gdc,kscv.0,27345,28816,Doctor,doctor,kann,VMFIN,können,12864,,
gdc,kscv.0,27345,28816,Doctor,doctor,",","$,",--,12864,,
gdc,kscv.0,27345,28816,Doctor,doctor,nit,ADV,nit,12864,,
gdc,kscv.0,27345,28816,Doctor,doctor,anders,ADV,anders,12864,,
gdc,kscv.0,27345,28816,Doctor,doctor,kann,VMFIN,können,12864,,
gdc,kscv.0,27345,28816,Doctor,doctor,.,$.,--,12864,,
gdc,kscv.0,27345,28816,Doctor,doctor,Aberglaube,ADJA,aberglaube,12864,,
gdc,kscv.0,27345,28816,Doctor,doctor,",","$,",--,12864,,
gdc,kscv.0,27345,28816,Doctor,doctor,abscheulicher,ADJA,abscheulich,12864,,
gdc,kscv.0,27345,28816,Doctor,doctor,Aberglaube,NN,aberglaube,12864,,
gdc,kscv.0,27345,28816,Doctor,doctor,"!",$.,--,12864,,
gdc,kscv.0,27345,28816,Doctor,doctor,hab,XY,hab,12864,,
gdc,kscv.0,27345,28816,Doctor,doctor,',$(,--,12864,,
gdc,kscv.0,27345,28816,Doctor,doctor,ich,PPER,ich,12864,doctor,(23)
gdc,kscv.0,27345,28816,Doctor,doctor,nit,FM,nit,12864,,
gdc,kscv.0,27345,28816,Doctor,doctor,nachgewiese,FM,nachdewies,12864,,
gdc,kscv.0,27345,28816,Doctor,doctor,",","$,",--,12864,,
gdc,kscv.0,27345,28816,Doctor,doctor,daß,KOUS,daß,12864,,
gdc,kscv.0,27345,28816,Doctor,doctor,der,ART,der,12864,,
gdc,kscv.0,27345,28816,Doctor,doctor,musculus,NE,musculus,12864,,
gdc,kscv.0,27345,28816,Doctor,doctor,constrictor,NE,constrictor,12864,,
gdc,kscv.0,27345,28816,Doctor,doctor,vesicae,VVFIN,vesicae,12864,,
gdc,kscv.0,27345,28816,Doctor,doctor,dem,ART,der,12864,,
gdc,kscv.0,27345,28816,Doctor,doctor,Willen,NN,wille,12864,,
gdc,kscv.0,27345,28816,Doctor,doctor,unterworfen,VVPP,unterwerfen,12864,,
gdc,kscv.0,27345,28816,Doctor,doctor,ist,VAFIN,sein,12864,,
gdc,kscv.0,27345,28816,Doctor,doctor,?,$.,--,12864,,
gdc,kscv.0,27345,28816,Doctor,doctor,Woyzeck,NN,woyzeck,12864,woyzeck,(1)
gdc,kscv.0,27345,28816,Doctor,doctor,der,ART,der,12864,,
gdc,kscv.0,27345,28816,Doctor,doctor,Mensch,NN,mensch,12864,,
gdc,kscv.0,27345,28816,Doctor,doctor,ist,VAFIN,sein,12864,,
gdc,kscv.0,27345,28816,Doctor,doctor,frei,ADJD,frei,12864,,
gdc,kscv.0,27345,28816,Doctor,doctor,",","$,",--,12864,,
gdc,kscv.0,27345,28816,Doctor,doctor,im,APPRART,in,12864,,
gdc,kscv.0,27345,28816,Doctor,doctor,Menschen,NN,mensch,12864,,
gdc,kscv.0,27345,28816,Doctor,doctor,verklärt,VVFIN,verklären,12864,,
gdc,kscv.0,27345,28816,Doctor,doctor,sich,PRF,sich,12864,,
gdc,kscv.0,27345,28816,Doctor,doctor,die,ART,der,12864,,
gdc,kscv.0,27345,28816,Doctor,doctor,Individualität,NN,individualität,12864,,
gdc,kscv.0,27345,28816,Doctor,doctor,zur,APPRART,zu,12864,,
gdc,kscv.0,27345,28816,Doctor,doctor,Freiheit,NN,freiheit,12864,,
gdc,kscv.0,27345,28816,Doctor,doctor,–,NE,–,12864,,
gdc,kscv.0,27345,28816,Doctor,doctor,seinen,PPOSAT,sein,12864,,
gdc,kscv.0,27345,28816,Doctor,doctor,Harn,NN,harn,12864,,
gdc,kscv.0,27345,28816,Doctor,doctor,nicht,PTKNEG,nicht,12864,,
gdc,kscv.0,27345,28816,Doctor,doctor,halten,VVINF,halten,12864,,
gdc,kscv.0,27345,28816,Doctor,doctor,können,VMINF,können,12864,,
gdc,kscv.0,27345,28816,Doctor,doctor,"!",$.,--,12864,,
gdc,kscv.0,27345,28816,Doctor,doctor,Es,PPER,es,12864,,
gdc,kscv.0,27345,28816,Doctor,doctor,ist,VAFIN,sein,12864,,
gdc,kscv.0,27345,28816,Doctor,doctor,Betrug,NN,betrug,12864,,
gdc,kscv.0,27345,28816,Doctor,doctor,Woyzeck,NE,woyzeck,12864,woyzeck,(1)
gdc,kscv.0,27345,28816,Doctor,doctor,.,$.,--,12864,,
gdc,kscv.0,27345,28816,Doctor,doctor,Hat,VAFIN,haben,12864,,
gdc,kscv.0,27345,28816,Doctor,doctor,Er,PPER,er,12864,,
gdc,kscv.0,27345,28816,Doctor,doctor,schon,ADV,schon,12864,,
gdc,kscv.0,27345,28816,Doctor,doctor,seine,PPOSAT,sein,12864,,
gdc,kscv.0,27345,28816,Doctor,doctor,Erbsen,NN,erbse,12864,,
gdc,kscv.0,27345,28816,Doctor,doctor,gegessen,VVPP,gegessen,12864,,
gdc,kscv.0,27345,28816,Doctor,doctor,?,$.,--,12864,,
gdc,kscv.0,27345,28816,Doctor,doctor,nichts,PIS,nichts,12864,,
gdc,kscv.0,27345,28816,Doctor,doctor,als,KOKOM,als,12864,,
gdc,kscv.0,27345,28816,Doctor,doctor,Erbsen,NN,erbsen,12864,,
gdc,kscv.0,27345,28816,Doctor,doctor,",","$,",--,12864,,
gdc,kscv.0,27345,28816,Doctor,doctor,nichts,PIS,nichts,12864,,
gdc,kscv.0,27345,28816,Doctor,doctor,als,KOKOM,als,12864,,
gdc,kscv.0,27345,28816,Doctor,doctor,Hülsenfrüchte,NN,hülsenfrucht,12864,,
gdc,kscv.0,27345,28816,Doctor,doctor,",","$,",--,12864,,
gdc,kscv.0,27345,28816,Doctor,doctor,cruciferae,NN,cruciferae,12864,,
gdc,kscv.0,27345,28816,Doctor,doctor,",","$,",--,12864,,
gdc,kscv.0,27345,28816,Doctor,doctor,merk,NN,merk,12864,,
gdc,kscv.0,27345,28816,Doctor,doctor,',$(,--,12864,,
gdc,kscv.0,27345,28816,Doctor,doctor,Er,PPER,er,12864,,
gdc,kscv.0,27345,28816,Doctor,doctor,sich,PRF,sich,12864,,
gdc,kscv.0,27345,28816,Doctor,doctor,',$(,--,12864,,
gdc,kscv.0,27345,28816,Doctor,doctor,s,PPER,--,12864,,
gdc,kscv.0,27345,28816,Doctor,doctor,.,$.,--,12864,,
gdc,kscv.0,27345,28816,Doctor,doctor,Die,ART,der,12864,,
gdc,kscv.0,27345,28816,Doctor,doctor,nächste,ADJA,nächster,12864,,
gdc,kscv.0,27345,28816,Doctor,doctor,Woche,NN,woche,12864,,
gdc,kscv.0,27345,28816,Doctor,doctor,fangen,VVFIN,fangen,12864,,
gdc,kscv.0,27345,28816,Doctor,doctor,wir,PPER,wir,12864,,
gdc,kscv.0,27345,28816,Doctor,doctor,dann,ADV,dann,12864,,
gdc,kscv.0,27345,28816,Doctor,doctor,mit,APPR,mit,12864,,
gdc,kscv.0,27345,28816,Doctor,doctor,Hammelfleisch,NN,hammelfleisch,12864,,
gdc,kscv.0,27345,28816,Doctor,doctor,an,PTKVZ,an,12864,,
gdc,kscv.0,27345,28816,Doctor,doctor,.,$.,--,12864,,
gdc,kscv.0,27345,28816,Doctor,doctor,Muß,VMFIN,müssen,12864,,
gdc,kscv.0,27345,28816,Doctor,doctor,Er,PPER,er,12864,,
gdc,kscv.0,27345,28816,Doctor,doctor,nicht,PTKNEG,nicht,12864,,
gdc,kscv.0,27345,28816,Doctor,doctor,aufs,APPRART,auf,12864,,
gdc,kscv.0,27345,28816,Doctor,doctor,secret,NN,secret,12864,,
gdc,kscv.0,27345,28816,Doctor,doctor,?,$.,--,12864,,
gdc,kscv.0,27345,28816,Doctor,doctor,Mach,APPR,mach,12864,,
gdc,kscv.0,27345,28816,Doctor,doctor,Er,PPER,er,12864,,
gdc,kscv.0,27345,28816,Doctor,doctor,.,$.,--,12864,,
gdc,kscv.0,27345,28816,Doctor,doctor,Ich,PPER,ich,12864,doctor,(23)
gdc,kscv.0,27345,28816,Doctor,doctor,sag,VVFIN,sag,12864,,
gdc,kscv.0,27345,28816,Doctor,doctor,',$(,--,12864,,
gdc,kscv.0,27345,28816,Doctor,doctor,s,PPER,--,12864,,
gdc,kscv.0,27345,28816,Doctor,doctor,Ihm,PPER,ihm,12864,,
gdc,kscv.0,27345,28816,Doctor,doctor,.,$.,--,12864,,
gdc,kscv.0,27345,28816,Doctor,doctor,Es,PPER,es,12864,,
gdc,kscv.0,27345,28816,Doctor,doctor,giebt,VVFIN,gieben,12864,,
gdc,kscv.0,27345,28816,Doctor,doctor,eine,ART,ein,12864,,
gdc,kscv.0,27345,28816,Doctor,doctor,Revolution,NN,revolution,12864,,
gdc,kscv.0,27345,28816,Doctor,doctor,in,APPR,in,12864,,
gdc,kscv.0,27345,28816,Doctor,doctor,der,ART,der,12864,,
gdc,kscv.0,27345,28816,Doctor,doctor,Wissenschaft,NN,wissenschaft,12864,,
gdc,kscv.0,27345,28816,Doctor,doctor,.,$.,--,12864,,
gdc,kscv.0,27345,28816,Doctor,doctor,Eine,ART,ein,12864,,
gdc,kscv.0,27345,28816,Doctor,doctor,Revolution,NN,revolution,12864,,
gdc,kscv.0,27345,28816,Doctor,doctor,"!",$.,--,12864,,
gdc,kscv.0,27345,28816,Doctor,doctor,Nach,APPR,nach,12864,,
gdc,kscv.0,27345,28816,Doctor,doctor,gestrigem,ADJA,gestrig,12864,,
gdc,kscv.0,27345,28816,Doctor,doctor,Bericht,NN,bericht,12864,,
gdc,kscv.0,27345,28816,Doctor,doctor,",","$,",--,12864,,
gdc,kscv.0,27345,28816,Doctor,doctor,0,CARD,0,12864,,
gdc,kscv.0,27345,28816,Doctor,doctor,",","$,",--,12864,,
gdc,kscv.0,27345,28816,Doctor,doctor,10,CARD,10,12864,,
gdc,kscv.0,27345,28816,Doctor,doctor,Harnstoff,NN,harnstoff,12864,,
gdc,kscv.0,27345,28816,Doctor,doctor,",","$,",--,12864,,
gdc,kscv.0,27345,28816,Doctor,doctor,und,KON,und,12864,,
gdc,kscv.0,27345,28816,Doctor,doctor,salzsaures,ADJA,salzsaur,12864,,
gdc,kscv.0,27345,28816,Doctor,doctor,Ammonium,NN,ammonium,12864,,
gdc,kscv.0,27345,28816,Doctor,doctor,",","$,",--,12864,,
gdc,kscv.0,27345,28816,Doctor,doctor,[,$.,[,12864,,
gdc,kscv.0,27345,28816,Doctor,doctor,?,$.,--,12864,,
gdc,kscv.0,27345,28816,Doctor,doctor,?,$.,--,12864,,
gdc,kscv.0,27345,28816,Doctor,doctor,],XY,],12864,,
gdc,kscv.0,27345,28816,Doctor,doctor,.,$.,--,12864,,
gdc,kscv.0,27345,28816,Doctor,doctor,Aber,KON,aber,12864,,
gdc,kscv.0,27345,28816,Doctor,doctor,ich,PPER,ich,12864,doctor,(23)
gdc,kscv.0,27345,28816,Doctor,doctor,hab,VVFIN,hab,12864,,
gdc,kscv.0,27345,28816,Doctor,doctor,',$(,--,12864,,
gdc,kscv.0,27345,28816,Doctor,doctor,s,PPER,--,12864,,
gdc,kscv.0,27345,28816,Doctor,doctor,gesehn,PTKVZ,gesehn,12864,,
gdc,kscv.0,27345,28816,Doctor,doctor,",","$,",--,12864,,
gdc,kscv.0,27345,28816,Doctor,doctor,daß,KOUS,daß,12864,,
gdc,kscv.0,27345,28816,Doctor,doctor,Er,PPER,er,12864,,
gdc,kscv.0,27345,28816,Doctor,doctor,an,APPR,an,12864,,
gdc,kscv.0,27345,28816,Doctor,doctor,die,ART,der,12864,,
gdc,kscv.0,27345,28816,Doctor,doctor,Wand,NN,wand,12864,,
gdc,kscv.0,27345,28816,Doctor,doctor,pißte,VVFIN,pissen,12864,,
gdc,kscv.0,27345,28816,Doctor,doctor,",","$,",--,12864,,
gdc,kscv.0,27345,28816,Doctor,doctor,ich,PPER,ich,12864,doctor,(23)
gdc,kscv.0,27345,28816,Doctor,doctor,steckt,VVFIN,stecken,12864,,
gdc,kscv.0,27345,28816,Doctor,doctor,gerad,ADV,gerad,12864,,
gdc,kscv.0,27345,28816,Doctor,doctor,meinen,PPOSAT,meinen,12864,doctor,(23)
gdc,kscv.0,27345,28816,Doctor,doctor,Kopf,NN,kopf,12864,,
gdc,kscv.0,27345,28816,Doctor,doctor,hinaus,APZR,hinaus,12864,,
gdc,kscv.0,27345,28816,Doctor,doctor,",","$,",--,12864,,
gdc,kscv.0,27345,28816,Doctor,doctor,zwischen,APPR,zwischen,12864,,
gdc,kscv.0,27345,28816,Doctor,doctor,meiner,PPOSAT,mein,12864,doctor,(23)
gdc,kscv.0,27345,28816,Doctor,doctor,Valnessia,NE,valnessia,12864,,
gdc,kscv.0,27345,28816,Doctor,doctor,und,KON,und,12864,,
gdc,kscv.0,27345,28816,Doctor,doctor,Myan,NE,myan,12864,,
gdc,kscv.0,27345,28816,Doctor,doctor,[,NE,[,12864,,
gdc,kscv.0,27345,28816,Doctor,doctor,?,$.,--,12864,,
gdc,kscv.0,27345,28816,Doctor,doctor,?,$.,--,12864,,
gdc,kscv.0,27345,28816,Doctor,doctor,],XY,],12864,,
gdc,kscv.0,27345,28816,Doctor,doctor,.,$.,--,12864,,
gdc,kscv.0,27345,28816,Doctor,doctor,Hat,VAFIN,haben,12864,,
gdc,kscv.0,27345,28816,Doctor,doctor,Er,PPER,er,12864,,
gdc,kscv.0,27345,28816,Doctor,doctor,mir,PPER,sich,12864,doctor,(23)
gdc,kscv.0,27345,28816,Doctor,doctor,Frösch,NN,frösch,12864,,
gdc,kscv.0,27345,28816,Doctor,doctor,gefange,VVFIN,gefang,12864,,
gdc,kscv.0,27345,28816,Doctor,doctor,?,$.,--,12864,,
gdc,kscv.0,27345,28816,Doctor,doctor,Hat,VAFIN,haben,12864,,
gdc,kscv.0,27345,28816,Doctor,doctor,Er,PPER,er,12864,,
gdc,kscv.0,27345,28816,Doctor,doctor,Laich,NE,laich,12864,,
gdc,kscv.0,27345,28816,Doctor,doctor,?,$.,--,12864,,
gdc,kscv.0,27345,28816,Doctor,doctor,Kein,PIAT,kein,12864,,
gdc,kscv.0,27345,28816,Doctor,doctor,Süßwasserpolyp,NN,süßwasserpolyp,12864,,
gdc,kscv.0,27345,28816,Doctor,doctor,?,$.,--,12864,,
gdc,kscv.0,27345,28816,Doctor,doctor,keine,PIAT,kein,12864,,
gdc,kscv.0,27345,28816,Doctor,doctor,Hydra,NE,hydra,12864,,
gdc,kscv.0,27345,28816,Doctor,doctor,?,$.,--,12864,,
gdc,kscv.0,27345,28816,Doctor,doctor,Vestillen,NN,vestille,12864,,
gdc,kscv.0,27345,28816,Doctor,doctor,?,$.,--,12864,,
gdc,kscv.0,27345,28816,Doctor,doctor,Cristatellen,NN,cristatelle,12864,,
gdc,kscv.0,27345,28816,Doctor,doctor,?,$.,--,12864,,
gdc,kscv.0,27345,28816,Doctor,doctor,Stoß,XY,stoß,12864,,
gdc,kscv.0,27345,28816,Doctor,doctor,Er,PPER,er,12864,,
gdc,kscv.0,27345,28816,Doctor,doctor,mir,PPER,sich,12864,doctor,(23)
gdc,kscv.0,27345,28816,Doctor,doctor,nicht,PTKNEG,nicht,12864,,
gdc,kscv.0,27345,28816,Doctor,doctor,an,PTKVZ,an,12864,,
gdc,kscv.0,27345,28816,Doctor,doctor,',$(,--,12864,,
gdc,kscv.0,27345,28816,Doctor,doctor,s,ART,--,12864,,
gdc,kscv.0,27345,28816,Doctor,doctor,Mikroskop,NN,mikroskop,12864,,
gdc,kscv.0,27345,28816,Doctor,doctor,",","$,",--,12864,,
gdc,kscv.0,27345,28816,Doctor,doctor,ich,PPER,ich,12864,doctor,(23)
gdc,kscv.0,27345,28816,Doctor,doctor,hab,VVFIN,hab,12864,,
gdc,kscv.0,27345,28816,Doctor,doctor,eben,ADV,eben,12864,,
gdc,kscv.0,27345,28816,Doctor,doctor,den,ART,der,12864,,
gdc,kscv.0,27345,28816,Doctor,doctor,linken,ADJA,linker,12864,,
gdc,kscv.0,27345,28816,Doctor,doctor,Backzahn,NN,backzahn,12864,,
gdc,kscv.0,27345,28816,Doctor,doctor,von,APPR,von,12864,,
gdc,kscv.0,27345,28816,Doctor,doctor,einem,ART,ein,12864,,
gdc,kscv.0,27345,28816,Doctor,doctor,Infusionsthier,NN,infusionsthier,12864,,
gdc,kscv.0,27345,28816,Doctor,doctor,darunter,PROAV,darunter,12864,,
gdc,kscv.0,27345,28816,Doctor,doctor,.,$.,--,12864,,
gdc,kscv.0,27345,28816,Doctor,doctor,Ich,PPER,ich,12864,doctor,(23)
gdc,kscv.0,27345,28816,Doctor,doctor,sprenge,VVFIN,sprengen,12864,,
gdc,kscv.0,27345,28816,Doctor,doctor,sie,PPER,sie,12864,,
gdc,kscv.0,27345,28816,Doctor,doctor,in,APPR,in,12864,,
gdc,kscv.0,27345,28816,Doctor,doctor,die,ART,der,12864,,
gdc,kscv.0,27345,28816,Doctor,doctor,Luft,NN,luft,12864,,
gdc,kscv.0,27345,28816,Doctor,doctor,",","$,",--,12864,,
gdc,kscv.0,27345,28816,Doctor,doctor,alle,PIS,alle,12864,,
gdc,kscv.0,27345,28816,Doctor,doctor,miteinander,ADV,miteinander,12864,,
gdc,kscv.0,27345,28816,Doctor,doctor,.,$.,--,12864,,
gdc,kscv.0,27345,28816,Doctor,doctor,Woyzeck,NN,woyzeck,12864,woyzeck,(1)
gdc,kscv.0,27345,28816,Doctor,doctor,",","$,",--,12864,,
gdc,kscv.0,27345,28816,Doctor,doctor,keine,PIAT,kein,12864,,
gdc,kscv.0,27345,28816,Doctor,doctor,Spinneneier,NN,spinneneier,12864,,
gdc,kscv.0,27345,28816,Doctor,doctor,",","$,",--,12864,,
gdc,kscv.0,27345,28816,Doctor,doctor,keine,PIAT,kein,12864,,
gdc,kscv.0,27345,28816,Doctor,doctor,Kröten,NN,kröte,12864,,
gdc,kscv.0,27345,28816,Doctor,doctor,?,$.,--,12864,,
gdc,kscv.0,27345,28816,Doctor,doctor,Aber,KON,aber,12864,,
gdc,kscv.0,27345,28816,Doctor,doctor,an,APPR,an,12864,,
gdc,kscv.0,27345,28816,Doctor,doctor,die,ART,der,12864,,
gdc,kscv.0,27345,28816,Doctor,doctor,Wand,NN,wand,12864,,
gdc,kscv.0,27345,28816,Doctor,doctor,gepißt,VVPP,gepessen,12864,,
gdc,kscv.0,27345,28816,Doctor,doctor,"!",$.,--,12864,,
gdc,kscv.0,27345,28816,Doctor,doctor,Ich,PPER,ich,12864,doctor,(23)
gdc,kscv.0,27345,28816,Doctor,doctor,hab,VVFIN,hab,12864,,
gdc,kscv.0,27345,28816,Doctor,doctor,',$(,--,12864,,
gdc,kscv.0,27345,28816,Doctor,doctor,s,PPER,--,12864,,
gdc,kscv.0,27345,28816,Doctor,doctor,gesehen,VVPP,sehen,12864,,
gdc,kscv.0,27345,28816,Doctor,doctor,.,$.,--,12864,,
gdc,kscv.0,27345,28816,Doctor,doctor,Nein,PPOSAT,nein,12864,,
gdc,kscv.0,27345,28816,Doctor,doctor,Woyzeck,NN,woyzeck,12864,woyzeck,(1)
gdc,kscv.0,27345,28816,Doctor,doctor,",","$,",--,12864,,
gdc,kscv.0,27345,28816,Doctor,doctor,ich,PPER,ich,12864,doctor,(23)
gdc,kscv.0,27345,28816,Doctor,doctor,ärgre,VVFIN,ärgren,12864,,
gdc,kscv.0,27345,28816,Doctor,doctor,mich,PRF,mich,12864,doctor,(23)
gdc,kscv.0,27345,28816,Doctor,doctor,nicht,PTKNEG,nicht,12864,,
gdc,kscv.0,27345,28816,Doctor,doctor,",","$,",--,12864,,
gdc,kscv.0,27345,28816,Doctor,doctor,ärgern,VVFIN,ärgern,12864,,
gdc,kscv.0,27345,28816,Doctor,doctor,ist,VAFIN,sein,12864,,
gdc,kscv.0,27345,28816,Doctor,doctor,ungesund,ADJD,ungesund,12864,,
gdc,kscv.0,27345,28816,Doctor,doctor,",","$,",--,12864,,
gdc,kscv.0,27345,28816,Doctor,doctor,ist,VAFIN,sein,12864,,
gdc,kscv.0,27345,28816,Doctor,doctor,unwissenschaftlich,ADJD,unwissenschaftlich,12864,,
gdc,kscv.0,27345,28816,Doctor,doctor,.,$.,--,12864,,
gdc,kscv.0,27345,28816,Doctor,doctor,Ich,PPER,ich,12864,doctor,(23)
gdc,kscv.0,27345,28816,Doctor,doctor,bin,VAFIN,sein,12864,,
gdc,kscv.0,27345,28816,Doctor,doctor,ruhig,ADJD,ruhig,12864,,
gdc,kscv.0,27345,28816,Doctor,doctor,",","$,",--,12864,,
gdc,kscv.0,27345,28816,Doctor,doctor,ganz,ADV,ganz,12864,,
gdc,kscv.0,27345,28816,Doctor,doctor,ruhig,ADJD,ruhig,12864,,
gdc,kscv.0,27345,28816,Doctor,doctor,und,KON,und,12864,,
gdc,kscv.0,27345,28816,Doctor,doctor,ich,PPER,ich,12864,doctor,(23)
gdc,kscv.0,27345,28816,Doctor,doctor,sag,VVFIN,sag,12864,,
gdc,kscv.0,27345,28816,Doctor,doctor,',$(,--,12864,,
gdc,kscv.0,27345,28816,Doctor,doctor,s,PPER,--,12864,,
gdc,kscv.0,27345,28816,Doctor,doctor,Ihm,PPER,ihm,12864,,
gdc,kscv.0,27345,28816,Doctor,doctor,mit,APPR,mit,12864,,
gdc,kscv.0,27345,28816,Doctor,doctor,der,ART,der,12864,,
gdc,kscv.0,27345,28816,Doctor,doctor,größten,ADJA,groß,12864,,
gdc,kscv.0,27345,28816,Doctor,doctor,Kaltblütigkeit,NN,kaltblütigkeit,12864,,
gdc,kscv.0,27345,28816,Doctor,doctor,.,$.,--,12864,,
gdc,kscv.0,27345,28816,Doctor,doctor,Behüte,NN,behüte,12864,,
gdc,kscv.0,27345,28816,Doctor,doctor,wer,PWS,wer,12864,,
gdc,kscv.0,27345,28816,Doctor,doctor,wird,VAFIN,werden,12864,,
gdc,kscv.0,27345,28816,Doctor,doctor,sich,PRF,sich,12864,,
gdc,kscv.0,27345,28816,Doctor,doctor,über,APPR,über,12864,,
gdc,kscv.0,27345,28816,Doctor,doctor,einen,ART,ein,12864,,
gdc,kscv.0,27345,28816,Doctor,doctor,Menschen,NN,mensch,12864,,
gdc,kscv.0,27345,28816,Doctor,doctor,ärgern,VVFIN,ärgern,12864,,
gdc,kscv.0,27345,28816,Doctor,doctor,"!",$.,--,12864,,
gdc,kscv.0,27345,28816,Doctor,doctor,einen,ART,ein,12864,,
gdc,kscv.0,27345,28816,Doctor,doctor,Menschen,NN,mensch,12864,,
gdc,kscv.0,27345,28816,Doctor,doctor,.,$.,--,12864,,
gdc,kscv.0,27345,28816,Doctor,doctor,Wenn,KOUS,wenn,12864,,
gdc,kscv.0,27345,28816,Doctor,doctor,es,PPER,es,12864,,
gdc,kscv.0,27345,28816,Doctor,doctor,noch,ADV,noch,12864,,
gdc,kscv.0,27345,28816,Doctor,doctor,ein,ART,ein,12864,,
gdc,kscv.0,27345,28816,Doctor,doctor,Proteus,NN,proteus,12864,,
gdc,kscv.0,27345,28816,Doctor,doctor,wäre,VAFIN,sein,12864,,
gdc,kscv.0,27345,28816,Doctor,doctor,",","$,",--,12864,,
gdc,kscv.0,27345,28816,Doctor,doctor,der,ART,der,12864,,
gdc,kscv.0,27345,28816,Doctor,doctor,einem,PIS,ein,12864,,
gdc,kscv.0,27345,28816,Doctor,doctor,krepirt,VVFIN,krepiren,12864,,
gdc,kscv.0,27345,28816,Doctor,doctor,"!",$.,--,12864,,
gdc,kscv.0,27345,28816,Doctor,doctor,Aber,KON,aber,12864,,
gdc,kscv.0,27345,28816,Doctor,doctor,Er,PPER,er,12864,,
gdc,kscv.0,27345,28816,Doctor,doctor,hätte,VAFIN,haben,12864,,
gdc,kscv.0,27345,28816,Doctor,doctor,doch,ADV,doch,12864,,
gdc,kscv.0,27345,28816,Doctor,doctor,nicht,PTKNEG,nicht,12864,,
gdc,kscv.0,27345,28816,Doctor,doctor,an,APPR,an,12864,,
gdc,kscv.0,27345,28816,Doctor,doctor,die,ART,der,12864,,
gdc,kscv.0,27345,28816,Doctor,doctor,Wand,NN,wand,12864,,
gdc,kscv.0,27345,28816,Doctor,doctor,pissen,VVINF,pissen,12864,,
gdc,kscv.0,27345,28816,Doctor,doctor,sollen,VMFIN,sollen,12864,,
gdc,kscv.0,27345,28816,Doctor,doctor,.,$.,--,12864,,
gdc,kscv.0,28821,28879,Woyzeck,woyzeck,Ja,PTKANT,ja,12864,,
gdc,kscv.0,28821,28879,Woyzeck,woyzeck,die,ART,der,12864,,
gdc,kscv.0,28821,28879,Woyzeck,woyzeck,Natur,NN,natur,12864,,
gdc,kscv.0,28821,28879,Woyzeck,woyzeck,",","$,",--,12864,,
gdc,kscv.0,28821,28879,Woyzeck,woyzeck,Herr,NN,herr,12864,herr,(18)
gdc,kscv.0,28821,28879,Woyzeck,woyzeck,Doctor,NN,doctor,12864,doctor,(23)
gdc,kscv.0,28821,28879,Woyzeck,woyzeck,wenn,KOUS,wenn,12864,,
gdc,kscv.0,28821,28879,Woyzeck,woyzeck,die,ART,der,12864,,
gdc,kscv.0,28821,28879,Woyzeck,woyzeck,Natur,NN,natur,12864,,
gdc,kscv.0,28821,28879,Woyzeck,woyzeck,aus,APPR,aus,12864,,
gdc,kscv.0,28821,28879,Woyzeck,woyzeck,ist,VAFIN,sein,12864,,
gdc,kscv.0,28821,28879,Woyzeck,woyzeck,.,$.,--,12864,,
gdc,kscv.0,28884,28927,Doctor,doctor,Was,PWS,was,12864,,
gdc,kscv.0,28884,28927,Doctor,doctor,ist,VAFIN,sein,12864,,
gdc,kscv.0,28884,28927,Doctor,doctor,das,PDS,der,12864,,
gdc,kscv.0,28884,28927,Doctor,doctor,wenn,KOUS,wenn,12864,,
gdc,kscv.0,28884,28927,Doctor,doctor,die,ART,der,12864,,
gdc,kscv.0,28884,28927,Doctor,doctor,Natur,NN,natur,12864,,
gdc,kscv.0,28884,28927,Doctor,doctor,aus,APPR,aus,12864,,
gdc,kscv.0,28884,28927,Doctor,doctor,ist,VAFIN,sein,12864,,
gdc,kscv.0,28884,28927,Doctor,doctor,?,$.,--,12864,,
gdc,kscv.0,28932,29285,Woyzeck,woyzeck,Wenn,KOUS,wenn,12864,,
gdc,kscv.0,28932,29285,Woyzeck,woyzeck,die,ART,der,12864,,
gdc,kscv.0,28932,29285,Woyzeck,woyzeck,Natur,NN,natur,12864,,
gdc,kscv.0,28932,29285,Woyzeck,woyzeck,aus,APPR,aus,12864,,
gdc,kscv.0,28932,29285,Woyzeck,woyzeck,ist,VAFIN,sein,12864,,
gdc,kscv.0,28932,29285,Woyzeck,woyzeck,",","$,",--,12864,,
gdc,kscv.0,28932,29285,Woyzeck,woyzeck,das,PDS,der,12864,,
gdc,kscv.0,28932,29285,Woyzeck,woyzeck,ist,VAFIN,sein,12864,,
gdc,kscv.0,28932,29285,Woyzeck,woyzeck,",","$,",--,12864,,
gdc,kscv.0,28932,29285,Woyzeck,woyzeck,wenn,KOUS,wenn,12864,,
gdc,kscv.0,28932,29285,Woyzeck,woyzeck,die,ART,der,12864,,
gdc,kscv.0,28932,29285,Woyzeck,woyzeck,Natur,NN,natur,12864,,
gdc,kscv.0,28932,29285,Woyzeck,woyzeck,aus,APPR,aus,12864,,
gdc,kscv.0,28932,29285,Woyzeck,woyzeck,ist,VAFIN,sein,12864,,
gdc,kscv.0,28932,29285,Woyzeck,woyzeck,"!",$.,--,12864,,
gdc,kscv.0,28932,29285,Woyzeck,woyzeck,Wenn,KOUS,wenn,12864,,
gdc,kscv.0,28932,29285,Woyzeck,woyzeck,die,ART,der,12864,,
gdc,kscv.0,28932,29285,Woyzeck,woyzeck,Welt,NN,welt,12864,,
gdc,kscv.0,28932,29285,Woyzeck,woyzeck,so,ADV,so,12864,,
gdc,kscv.0,28932,29285,Woyzeck,woyzeck,finster,ADJD,finster,12864,,
gdc,kscv.0,28932,29285,Woyzeck,woyzeck,wird,VAFIN,werden,12864,,
gdc,kscv.0,28932,29285,Woyzeck,woyzeck,",","$,",--,12864,,
gdc,kscv.0,28932,29285,Woyzeck,woyzeck,daß,KOUS,daß,12864,,
gdc,kscv.0,28932,29285,Woyzeck,woyzeck,man,PIS,man,12864,,
gdc,kscv.0,28932,29285,Woyzeck,woyzeck,mit,APPR,mit,12864,,
gdc,kscv.0,28932,29285,Woyzeck,woyzeck,den,ART,der,12864,,
gdc,kscv.0,28932,29285,Woyzeck,woyzeck,Händen,NN,hand,12864,,
gdc,kscv.0,28932,29285,Woyzeck,woyzeck,an,APPR,an,12864,,
gdc,kscv.0,28932,29285,Woyzeck,woyzeck,ihr,PPER,ihr,12864,,
gdc,kscv.0,28932,29285,Woyzeck,woyzeck,herumtappen,VVINF,herumtappen,12864,,
gdc,kscv.0,28932,29285,Woyzeck,woyzeck,muß,VMFIN,müssen,12864,,
gdc,kscv.0,28932,29285,Woyzeck,woyzeck,",","$,",--,12864,,
gdc,kscv.0,28932,29285,Woyzeck,woyzeck,daß,KOUS,daß,12864,,
gdc,kscv.0,28932,29285,Woyzeck,woyzeck,man,PIS,man,12864,,
gdc,kscv.0,28932,29285,Woyzeck,woyzeck,meint,VVFIN,meinen,12864,,
gdc,kscv.0,28932,29285,Woyzeck,woyzeck,sie,PPER,sie,12864,,
gdc,kscv.0,28932,29285,Woyzeck,woyzeck,verrinnt,ADJD,verrinnen,12864,,
gdc,kscv.0,28932,29285,Woyzeck,woyzeck,zu,APPR,zu,12864,,
gdc,kscv.0,28932,29285,Woyzeck,woyzeck,Spinnweb,NE,spinnweb,12864,,
gdc,kscv.0,28932,29285,Woyzeck,woyzeck,"!",$.,--,12864,,
gdc,kscv.0,28932,29285,Woyzeck,woyzeck,Das,PDS,der,12864,,
gdc,kscv.0,28932,29285,Woyzeck,woyzeck,ist,VAFIN,sein,12864,,
gdc,kscv.0,28932,29285,Woyzeck,woyzeck,",","$,",--,12864,,
gdc,kscv.0,28932,29285,Woyzeck,woyzeck,so,ADV,so,12864,,
gdc,kscv.0,28932,29285,Woyzeck,woyzeck,wenn,KOUS,wenn,12864,,
gdc,kscv.0,28932,29285,Woyzeck,woyzeck,etwas,PIS,etwas,12864,,
gdc,kscv.0,28932,29285,Woyzeck,woyzeck,ist,VAFIN,sein,12864,,
gdc,kscv.0,28932,29285,Woyzeck,woyzeck,und,KON,und,12864,,
gdc,kscv.0,28932,29285,Woyzeck,woyzeck,doch,ADV,doch,12864,,
gdc,kscv.0,28932,29285,Woyzeck,woyzeck,nicht,PTKNEG,nicht,12864,,
gdc,kscv.0,28932,29285,Woyzeck,woyzeck,ist,VAFIN,sein,12864,,
gdc,kscv.0,28932,29285,Woyzeck,woyzeck,.,$.,--,12864,,
gdc,kscv.0,28932,29285,Woyzeck,woyzeck,Wenn,KOUS,wenn,12864,,
gdc,kscv.0,28932,29285,Woyzeck,woyzeck,alles,PIS,alle,12864,,
gdc,kscv.0,28932,29285,Woyzeck,woyzeck,dunkel,ADJD,dunkel,12864,,
gdc,kscv.0,28932,29285,Woyzeck,woyzeck,ist,VAFIN,sein,12864,,
gdc,kscv.0,28932,29285,Woyzeck,woyzeck,und,KON,und,12864,,
gdc,kscv.0,28932,29285,Woyzeck,woyzeck,nur,ADV,nur,12864,,
gdc,kscv.0,28932,29285,Woyzeck,woyzeck,noch,ADV,noch,12864,,
gdc,kscv.0,28932,29285,Woyzeck,woyzeck,ein,ART,ein,12864,,
gdc,kscv.0,28932,29285,Woyzeck,woyzeck,rother,ADJA,rother,12864,,
gdc,kscv.0,28932,29285,Woyzeck,woyzeck,Schein,NN,schein,12864,,
gdc,kscv.0,28932,29285,Woyzeck,woyzeck,im,APPRART,in,12864,,
gdc,kscv.0,28932,29285,Woyzeck,woyzeck,Westen,NN,westen,12864,,
gdc,kscv.0,28932,29285,Woyzeck,woyzeck,",","$,",--,12864,,
gdc,kscv.0,28932,29285,Woyzeck,woyzeck,wie,KOKOM,wie,12864,,
gdc,kscv.0,28932,29285,Woyzeck,woyzeck,von,APPR,von,12864,,
gdc,kscv.0,28932,29285,Woyzeck,woyzeck,einer,ART,ein,12864,,
gdc,kscv.0,28932,29285,Woyzeck,woyzeck,Esse,NN,esse,12864,,
gdc,kscv.0,28932,29285,Woyzeck,woyzeck,.,$.,--,12864,,
gdc,kscv.0,28932,29285,Woyzeck,woyzeck,Wenn,KOUS,wenn,12864,,
gdc,kscv.0,28932,29285,Woyzeck,woyzeck,–,PPER,–,12864,,
gdc,kscv.0,29290,29356,Doctor,doctor,Kerl,PIAT,kerl,12864,,
gdc,kscv.0,29290,29356,Doctor,doctor,Er,PPER,er,12864,,
gdc,kscv.0,29290,29356,Doctor,doctor,tastet,VVFIN,tasten,12864,,
gdc,kscv.0,29290,29356,Doctor,doctor,mit,APPR,mit,12864,,
gdc,kscv.0,29290,29356,Doctor,doctor,seinen,PPOSAT,sein,12864,,
gdc,kscv.0,29290,29356,Doctor,doctor,Füßen,NN,fuß,12864,,
gdc,kscv.0,29290,29356,Doctor,doctor,herum,PTKVZ,herum,12864,,
gdc,kscv.0,29290,29356,Doctor,doctor,",","$,",--,12864,,
gdc,kscv.0,29290,29356,Doctor,doctor,wie,KOKOM,wie,12864,,
gdc,kscv.0,29290,29356,Doctor,doctor,mit,APPR,mit,12864,,
gdc,kscv.0,29290,29356,Doctor,doctor,Spinnfüßen,NN,spinnfüße,12864,,
gdc,kscv.0,29290,29356,Doctor,doctor,.,$.,--,12864,,
gdc,kscv.0,29361,29754,Woyzeck,woyzeck,Haben,VAFIN,haben,12864,,
gdc,kscv.0,29361,29754,Woyzeck,woyzeck,Sie,PPER,sie,12864,,
gdc,kscv.0,29361,29754,Woyzeck,woyzeck,schon,ADV,schon,12864,,
gdc,kscv.0,29361,29754,Woyzeck,woyzeck,die,ART,der,12864,,
gdc,kscv.0,29361,29754,Woyzeck,woyzeck,Ringe,NN,ring,12864,,
gdc,kscv.0,29361,29754,Woyzeck,woyzeck,von,APPR,von,12864,,
gdc,kscv.0,29361,29754,Woyzeck,woyzeck,den,ART,der,12864,,
gdc,kscv.0,29361,29754,Woyzeck,woyzeck,Schwämmen,NN,schwamm,12864,,
gdc,kscv.0,29361,29754,Woyzeck,woyzeck,auf,APPR,auf,12864,,
gdc,kscv.0,29361,29754,Woyzeck,woyzeck,dem,ART,der,12864,,
gdc,kscv.0,29361,29754,Woyzeck,woyzeck,Boden,NN,boden,12864,,
gdc,kscv.0,29361,29754,Woyzeck,woyzeck,gesehn,VVPP,gesehn,12864,,
gdc,kscv.0,29361,29754,Woyzeck,woyzeck,?,$.,--,12864,,
gdc,kscv.0,29361,29754,Woyzeck,woyzeck,lange,ADJA,lang,12864,,
gdc,kscv.0,29361,29754,Woyzeck,woyzeck,Linien,NN,linie,12864,,
gdc,kscv.0,29361,29754,Woyzeck,woyzeck,",","$,",--,12864,,
gdc,kscv.0,29361,29754,Woyzeck,woyzeck,krumme,ADJA,krumm,12864,,
gdc,kscv.0,29361,29754,Woyzeck,woyzeck,Kreise,NN,kreis,12864,,
gdc,kscv.0,29361,29754,Woyzeck,woyzeck,",","$,",--,12864,,
gdc,kscv.0,29361,29754,Woyzeck,woyzeck,Figuren,NN,figur,12864,,
gdc,kscv.0,29361,29754,Woyzeck,woyzeck,",","$,",--,12864,,
gdc,kscv.0,29361,29754,Woyzeck,woyzeck,da,ADV,da,12864,,
gdc,kscv.0,29361,29754,Woyzeck,woyzeck,steckt,VVFIN,stecken,12864,,
gdc,kscv.0,29361,29754,Woyzeck,woyzeck,',$(,--,12864,,
gdc,kscv.0,29361,29754,Woyzeck,woyzeck,s,PPER,--,12864,,
gdc,kscv.0,29361,29754,Woyzeck,woyzeck,"!",$.,--,12864,,
gdc,kscv.0,29361,29754,Woyzeck,woyzeck,da,PTKVZ,da,12864,,
gdc,kscv.0,29361,29754,Woyzeck,woyzeck,"!",$.,--,12864,,
gdc,kscv.0,29361,29754,Woyzeck,woyzeck,Wer,PWS,wer,12864,,
gdc,kscv.0,29361,29754,Woyzeck,woyzeck,das,PDS,der,12864,,
gdc,kscv.0,29361,29754,Woyzeck,woyzeck,lesen,VVINF,lesen,12864,,
gdc,kscv.0,29361,29754,Woyzeck,woyzeck,könnte,VMFIN,können,12864,,
gdc,kscv.0,29361,29754,Woyzeck,woyzeck,.,$.,--,12864,,
gdc,kscv.0,29361,29754,Woyzeck,woyzeck,Wenn,KOUS,wenn,12864,,
gdc,kscv.0,29361,29754,Woyzeck,woyzeck,die,ART,der,12864,,
gdc,kscv.0,29361,29754,Woyzeck,woyzeck,Sonn,NN,sonn,12864,,
gdc,kscv.0,29361,29754,Woyzeck,woyzeck,im,APPRART,in,12864,,
gdc,kscv.0,29361,29754,Woyzeck,woyzeck,hellen,ADJA,hell,12864,,
gdc,kscv.0,29361,29754,Woyzeck,woyzeck,Mittag,NN,mittag,12864,,
gdc,kscv.0,29361,29754,Woyzeck,woyzeck,steht,VVFIN,stehen,12864,,
gdc,kscv.0,29361,29754,Woyzeck,woyzeck,und,KON,und,12864,,
gdc,kscv.0,29361,29754,Woyzeck,woyzeck,es,PPER,es,12864,,
gdc,kscv.0,29361,29754,Woyzeck,woyzeck,ist,VAFIN,sein,12864,,
gdc,kscv.0,29361,29754,Woyzeck,woyzeck,als,KOKOM,als,12864,,
gdc,kscv.0,29361,29754,Woyzeck,woyzeck,müsse,VMFIN,müssen,12864,,
gdc,kscv.0,29361,29754,Woyzeck,woyzeck,die,ART,der,12864,,
gdc,kscv.0,29361,29754,Woyzeck,woyzeck,Welt,NN,welt,12864,,
gdc,kscv.0,29361,29754,Woyzeck,woyzeck,auflodern,VVINF,auflodern,12864,,
gdc,kscv.0,29361,29754,Woyzeck,woyzeck,.,$.,--,12864,,
gdc,kscv.0,29361,29754,Woyzeck,woyzeck,Hören,VVFIN,hören,12864,,
gdc,kscv.0,29361,29754,Woyzeck,woyzeck,Sie,PPER,sie,12864,,
gdc,kscv.0,29361,29754,Woyzeck,woyzeck,Nichts,PIS,nichts,12864,,
gdc,kscv.0,29361,29754,Woyzeck,woyzeck,?,$.,--,12864,,
gdc,kscv.0,29361,29754,Woyzeck,woyzeck,Ich,PPER,ich,12864,woyzeck,(1)
gdc,kscv.0,29361,29754,Woyzeck,woyzeck,meine,VVFIN,meinen,12864,,
gdc,kscv.0,29361,29754,Woyzeck,woyzeck,dann,ADV,dann,12864,,
gdc,kscv.0,29361,29754,Woyzeck,woyzeck,als,APPR,als,12864,,
gdc,kscv.0,29361,29754,Woyzeck,woyzeck,die,ART,der,12864,,
gdc,kscv.0,29361,29754,Woyzeck,woyzeck,Welt,NN,welt,12864,,
gdc,kscv.0,29361,29754,Woyzeck,woyzeck,spricht,VVFIN,sprechen,12864,,
gdc,kscv.0,29361,29754,Woyzeck,woyzeck,",","$,",--,12864,,
gdc,kscv.0,29361,29754,Woyzeck,woyzeck,sehen,VVFIN,sehen,12864,,
gdc,kscv.0,29361,29754,Woyzeck,woyzeck,Sie,PPER,sie,12864,,
gdc,kscv.0,29361,29754,Woyzeck,woyzeck,",","$,",--,12864,,
gdc,kscv.0,29361,29754,Woyzeck,woyzeck,die,ART,der,12864,,
gdc,kscv.0,29361,29754,Woyzeck,woyzeck,langen,ADJA,lang,12864,,
gdc,kscv.0,29361,29754,Woyzeck,woyzeck,Linien,NN,linie,12864,,
gdc,kscv.0,29361,29754,Woyzeck,woyzeck,",","$,",--,12864,,
gdc,kscv.0,29361,29754,Woyzeck,woyzeck,und,KON,und,12864,,
gdc,kscv.0,29361,29754,Woyzeck,woyzeck,ist,VAFIN,sein,12864,,
gdc,kscv.0,29361,29754,Woyzeck,woyzeck,als,KOKOM,als,12864,,
gdc,kscv.0,29361,29754,Woyzeck,woyzeck,ob,KOUS,ob,12864,,
gdc,kscv.0,29361,29754,Woyzeck,woyzeck,es,PPER,es,12864,,
gdc,kscv.0,29361,29754,Woyzeck,woyzeck,einen,PIS,ein,12864,,
gdc,kscv.0,29361,29754,Woyzeck,woyzeck,mit,APPR,mit,12864,,
gdc,kscv.0,29361,29754,Woyzeck,woyzeck,fürchterlicher,ADJA,fürchterlich,12864,,
gdc,kscv.0,29361,29754,Woyzeck,woyzeck,Stimme,NN,stimme,12864,,
gdc,kscv.0,29361,29754,Woyzeck,woyzeck,anredete,VVFIN,anreden,12864,,
gdc,kscv.0,29361,29754,Woyzeck,woyzeck,.,$.,--,12864,,
gdc,kscv.0,29759,30244,Doctor,doctor,Woyzeck,NE,woyzeck,12864,woyzeck,(1)
gdc,kscv.0,29759,30244,Doctor,doctor,"!",$.,--,12864,,
gdc,kscv.0,29759,30244,Doctor,doctor,Er,PPER,er,12864,,
gdc,kscv.0,29759,30244,Doctor,doctor,kommt,VVFIN,kommen,12864,,
gdc,kscv.0,29759,30244,Doctor,doctor,ins,APPRART,in,12864,,
gdc,kscv.0,29759,30244,Doctor,doctor,Narrenhaus,NN,narrenhaus,12864,,
gdc,kscv.0,29759,30244,Doctor,doctor,",","$,",--,12864,,
gdc,kscv.0,29759,30244,Doctor,doctor,Er,PPER,er,12864,,
gdc,kscv.0,29759,30244,Doctor,doctor,hat,VAFIN,haben,12864,,
gdc,kscv.0,29759,30244,Doctor,doctor,eine,ART,ein,12864,,
gdc,kscv.0,29759,30244,Doctor,doctor,schöne,ADJA,schön,12864,,
gdc,kscv.0,29759,30244,Doctor,doctor,fixe,ADJA,fix,12864,,
gdc,kscv.0,29759,30244,Doctor,doctor,Idee,NN,idee,12864,,
gdc,kscv.0,29759,30244,Doctor,doctor,",","$,",--,12864,,
gdc,kscv.0,29759,30244,Doctor,doctor,eine,ART,ein,12864,,
gdc,kscv.0,29759,30244,Doctor,doctor,köstliche,ADJA,köstlich,12864,,
gdc,kscv.0,29759,30244,Doctor,doctor,alienatio,FM,alienatio,12864,,
gdc,kscv.0,29759,30244,Doctor,doctor,mentis,FM,mentis,12864,,
gdc,kscv.0,29759,30244,Doctor,doctor,",","$,",--,12864,,
gdc,kscv.0,29759,30244,Doctor,doctor,seh,FM,seh,12864,,
gdc,kscv.0,29759,30244,Doctor,doctor,',$(,--,12864,,
gdc,kscv.0,29759,30244,Doctor,doctor,Er,PPER,er,12864,,
gdc,kscv.0,29759,30244,Doctor,doctor,mich,PPER,mich,12864,doctor,(23)
gdc,kscv.0,29759,30244,Doctor,doctor,an,PTKVZ,an,12864,,
gdc,kscv.0,29759,30244,Doctor,doctor,",","$,",--,12864,,
gdc,kscv.0,29759,30244,Doctor,doctor,was,PWS,was,12864,,
gdc,kscv.0,29759,30244,Doctor,doctor,soll,VMFIN,sollen,12864,,
gdc,kscv.0,29759,30244,Doctor,doctor,Er,PPER,er,12864,,
gdc,kscv.0,29759,30244,Doctor,doctor,thun,VVINF,thun,12864,,
gdc,kscv.0,29759,30244,Doctor,doctor,?,$.,--,12864,,
gdc,kscv.0,29759,30244,Doctor,doctor,Erbschen,NN,erbschen,12864,,
gdc,kscv.0,29759,30244,Doctor,doctor,essen,VVFIN,essen,12864,,
gdc,kscv.0,29759,30244,Doctor,doctor,",","$,",--,12864,,
gdc,kscv.0,29759,30244,Doctor,doctor,dann,ADV,dann,12864,,
gdc,kscv.0,29759,30244,Doctor,doctor,Hammelfleisch,NN,hammelfleisch,12864,,
gdc,kscv.0,29759,30244,Doctor,doctor,essen,VVINF,essen,12864,,
gdc,kscv.0,29759,30244,Doctor,doctor,",","$,",--,12864,,
gdc,kscv.0,29759,30244,Doctor,doctor,sein,PPOSAT,sein,12864,,
gdc,kscv.0,29759,30244,Doctor,doctor,Gewehr,NN,gewehr,12864,,
gdc,kscv.0,29759,30244,Doctor,doctor,putzen,VVINF,putzen,12864,,
gdc,kscv.0,29759,30244,Doctor,doctor,",","$,",--,12864,,
gdc,kscv.0,29759,30244,Doctor,doctor,das,PDS,der,12864,,
gdc,kscv.0,29759,30244,Doctor,doctor,weiß,VVFIN,weiß,12864,,
gdc,kscv.0,29759,30244,Doctor,doctor,Er,PPER,er,12864,,
gdc,kscv.0,29759,30244,Doctor,doctor,Alles,PIS,alle,12864,,
gdc,kscv.0,29759,30244,Doctor,doctor,und,KON,und,12864,,
gdc,kscv.0,29759,30244,Doctor,doctor,da,ADV,da,12864,,
gdc,kscv.0,29759,30244,Doctor,doctor,zwischen,APPR,zwischen,12864,,
gdc,kscv.0,29759,30244,Doctor,doctor,die,ART,der,12864,,
gdc,kscv.0,29759,30244,Doctor,doctor,fixen,ADJA,fix,12864,,
gdc,kscv.0,29759,30244,Doctor,doctor,Ideen,NN,idee,12864,,
gdc,kscv.0,29759,30244,Doctor,doctor,",","$,",--,12864,,
gdc,kscv.0,29759,30244,Doctor,doctor,die,ART,der,12864,,
gdc,kscv.0,29759,30244,Doctor,doctor,W,NN,--,12864,,
gdc,kscv.0,29759,30244,Doctor,doctor,[,VVIZU,[,12864,,
gdc,kscv.0,29759,30244,Doctor,doctor,?,$.,--,12864,,
gdc,kscv.0,29759,30244,Doctor,doctor,?,$.,--,12864,,
gdc,kscv.0,29759,30244,Doctor,doctor,],XY,],12864,,
gdc,kscv.0,29759,30244,Doctor,doctor,",","$,",--,12864,,
gdc,kscv.0,29759,30244,Doctor,doctor,das,PDS,der,12864,,
gdc,kscv.0,29759,30244,Doctor,doctor,ist,VAFIN,sein,12864,,
gdc,kscv.0,29759,30244,Doctor,doctor,brav,ADJD,brav,12864,,
gdc,kscv.0,29759,30244,Doctor,doctor,Woyzeck,NN,woyzeck,12864,woyzeck,(1)
gdc,kscv.0,29759,30244,Doctor,doctor,",","$,",--,12864,,
gdc,kscv.0,29759,30244,Doctor,doctor,Er,PPER,er,12864,,
gdc,kscv.0,29759,30244,Doctor,doctor,bekommt,VVFIN,bekommen,12864,,
gdc,kscv.0,29759,30244,Doctor,doctor,ein,ART,ein,12864,,
gdc,kscv.0,29759,30244,Doctor,doctor,Groschen,ADJA,groschen,12864,,
gdc,kscv.0,29759,30244,Doctor,doctor,Zulage,NN,zulage,12864,,
gdc,kscv.0,29759,30244,Doctor,doctor,die,ART,der,12864,,
gdc,kscv.0,29759,30244,Doctor,doctor,Woche,NN,woche,12864,,
gdc,kscv.0,29759,30244,Doctor,doctor,",","$,",--,12864,,
gdc,kscv.0,29759,30244,Doctor,doctor,meine,PPOSAT,mein,12864,doctor,(23)
gdc,kscv.0,29759,30244,Doctor,doctor,Theorie,NN,theorie,12864,,
gdc,kscv.0,29759,30244,Doctor,doctor,",","$,",--,12864,,
gdc,kscv.0,29759,30244,Doctor,doctor,meine,PPOSAT,mein,12864,doctor,(23)
gdc,kscv.0,29759,30244,Doctor,doctor,neue,ADJA,neu,12864,,
gdc,kscv.0,29759,30244,Doctor,doctor,Theorie,NN,theorie,12864,,
gdc,kscv.0,29759,30244,Doctor,doctor,",","$,",--,12864,,
gdc,kscv.0,29759,30244,Doctor,doctor,kühn,ADJD,kühn,12864,,
gdc,kscv.0,29759,30244,Doctor,doctor,",","$,",--,12864,,
gdc,kscv.0,29759,30244,Doctor,doctor,ewig,ADJD,ewig,12864,,
gdc,kscv.0,29759,30244,Doctor,doctor,jugendlich,ADJD,jugendlich,12864,,
gdc,kscv.0,29759,30244,Doctor,doctor,.,$.,--,12864,,
gdc,kscv.0,29759,30244,Doctor,doctor,Woyzeck,NE,woyzeck,12864,woyzeck,(1)
gdc,kscv.0,29759,30244,Doctor,doctor,",","$,",--,12864,,
gdc,kscv.0,29759,30244,Doctor,doctor,ich,PPER,ich,12864,doctor,(23)
gdc,kscv.0,29759,30244,Doctor,doctor,werde,VAFIN,werden,12864,,
gdc,kscv.0,29759,30244,Doctor,doctor,unsterblich,ADJD,unsterblich,12864,,
gdc,kscv.0,29759,30244,Doctor,doctor,.,$.,--,12864,,
gdc,kscv.0,29759,30244,Doctor,doctor,Zeig,ADJD,zeig,12864,,
gdc,kscv.0,29759,30244,Doctor,doctor,',$(,--,12864,,
gdc,kscv.0,29759,30244,Doctor,doctor,Er,PPER,er,12864,,
gdc,kscv.0,29759,30244,Doctor,doctor,sein,PPOSAT,sein,12864,,
gdc,kscv.0,29759,30244,Doctor,doctor,Puls,NN,puls,12864,,
gdc,kscv.0,29759,30244,Doctor,doctor,",","$,",--,12864,,
gdc,kscv.0,29759,30244,Doctor,doctor,ich,PPER,ich,12864,doctor,(23)
gdc,kscv.0,29759,30244,Doctor,doctor,muß,VMFIN,müssen,12864,,
gdc,kscv.0,29759,30244,Doctor,doctor,Ihm,PPER,ihm,12864,,
gdc,kscv.0,29759,30244,Doctor,doctor,morgens,ADV,morgens,12864,,
gdc,kscv.0,29759,30244,Doctor,doctor,und,KON,und,12864,,
gdc,kscv.0,29759,30244,Doctor,doctor,Abends,ADV,abends,12864,,
gdc,kscv.0,29759,30244,Doctor,doctor,den,ART,der,12864,,
gdc,kscv.0,29759,30244,Doctor,doctor,Puls,NN,puls,12864,,
gdc,kscv.0,29759,30244,Doctor,doctor,fühlen,VVINF,fühlen,12864,,
gdc,kscv.0,29759,30244,Doctor,doctor,.,$.,--,12864,,
gdc,kscv.0,30364,30417,Hauptmann,hauptmann,Wohin,PWAV,wohin,12864,,
gdc,kscv.0,30364,30417,Hauptmann,hauptmann,so,ADV,so,12864,,
gdc,kscv.0,30364,30417,Hauptmann,hauptmann,eilig,ADJD,eilig,12864,,
gdc,kscv.0,30364,30417,Hauptmann,hauptmann,geehrtester,ADJA,geehrtest,12864,,
gdc,kscv.0,30364,30417,Hauptmann,hauptmann,Herr,NN,herr,12864,herr,(18)
gdc,kscv.0,30364,30417,Hauptmann,hauptmann,Sargnagel,NE,sargnagel,12864,,
gdc,kscv.0,30364,30417,Hauptmann,hauptmann,?,$.,--,12864,,
gdc,kscv.0,30422,30477,Doctor,doctor,Wohin,PWAV,wohin,12864,,
gdc,kscv.0,30422,30477,Doctor,doctor,so,ADV,so,12864,,
gdc,kscv.0,30422,30477,Doctor,doctor,langsam,ADJD,langsam,12864,,
gdc,kscv.0,30422,30477,Doctor,doctor,geehrtester,ADJA,geehrtest,12864,,
gdc,kscv.0,30422,30477,Doctor,doctor,Herr,NN,herr,12864,herr,(18)
gdc,kscv.0,30422,30477,Doctor,doctor,Exercirzagel,NN,exercirzagel,12864,,
gdc,kscv.0,30422,30477,Doctor,doctor,?,$.,--,12864,,
gdc,kscv.0,30482,30535,Hauptmann,hauptmann,Nehmen,VVFIN,nehmen,12864,,
gdc,kscv.0,30482,30535,Hauptmann,hauptmann,Sie,PPER,sie,12864,,
gdc,kscv.0,30482,30535,Hauptmann,hauptmann,sich,PRF,sich,12864,,
gdc,kscv.0,30482,30535,Hauptmann,hauptmann,Zeit,NN,zeit,12864,,
gdc,kscv.0,30482,30535,Hauptmann,hauptmann,werthester,ADJA,werthester,12864,,
gdc,kscv.0,30482,30535,Hauptmann,hauptmann,Grabstein,NN,grabstein,12864,,
gdc,kscv.0,30482,30535,Hauptmann,hauptmann,.,$.,--,12864,,
gdc,kscv.0,30540,30612,Doctor,doctor,Ich,PPER,ich,12864,doctor,(23)
gdc,kscv.0,30540,30612,Doctor,doctor,stehle,VVFIN,stehlen,12864,,
gdc,kscv.0,30540,30612,Doctor,doctor,meine,PPOSAT,mein,12864,doctor,(23)
gdc,kscv.0,30540,30612,Doctor,doctor,Zeit,NN,zeit,12864,,
gdc,kscv.0,30540,30612,Doctor,doctor,nicht,PTKNEG,nicht,12864,,
gdc,kscv.0,30540,30612,Doctor,doctor,wie,KOKOM,wie,12864,,
gdc,kscv.0,30540,30612,Doctor,doctor,Sie,PPER,sie,12864,,
gdc,kscv.0,30540,30612,Doctor,doctor,werthester,ADJA,werthester,12864,,
gdc,kscv.0,30540,30612,Doctor,doctor,[,ADJA,[,12864,,
gdc,kscv.0,30540,30612,Doctor,doctor,Satz,NN,satz,12864,,
gdc,kscv.0,30540,30612,Doctor,doctor,bricht,VVFIN,brechen,12864,,
gdc,kscv.0,30540,30612,Doctor,doctor,ab,PTKVZ,ab,12864,,
gdc,kscv.0,30540,30612,Doctor,doctor,.,$.,--,12864,,
gdc,kscv.0,30540,30612,Doctor,doctor,],XY,],12864,,
gdc,kscv.0,30617,30822,Hauptmann,hauptmann,Laufen,VVFIN,laufen,12864,,
gdc,kscv.0,30617,30822,Hauptmann,hauptmann,Sie,PPER,sie,12864,,
gdc,kscv.0,30617,30822,Hauptmann,hauptmann,nicht,PTKNEG,nicht,12864,,
gdc,kscv.0,30617,30822,Hauptmann,hauptmann,so,ADV,so,12864,,
gdc,kscv.0,30617,30822,Hauptmann,hauptmann,Herr,NN,herr,12864,herr,(18)
gdc,kscv.0,30617,30822,Hauptmann,hauptmann,Doctor,NE,doctor,12864,doctor,(23)
gdc,kscv.0,30617,30822,Hauptmann,hauptmann,",","$,",--,12864,,
gdc,kscv.0,30617,30822,Hauptmann,hauptmann,ein,ART,ein,12864,,
gdc,kscv.0,30617,30822,Hauptmann,hauptmann,guter,ADJA,gut,12864,,
gdc,kscv.0,30617,30822,Hauptmann,hauptmann,Mensch,NN,mensch,12864,,
gdc,kscv.0,30617,30822,Hauptmann,hauptmann,geht,VVFIN,gehen,12864,,
gdc,kscv.0,30617,30822,Hauptmann,hauptmann,nicht,PTKNEG,nicht,12864,,
gdc,kscv.0,30617,30822,Hauptmann,hauptmann,so,ADV,so,12864,,
gdc,kscv.0,30617,30822,Hauptmann,hauptmann,schnell,ADJD,schnell,12864,,
gdc,kscv.0,30617,30822,Hauptmann,hauptmann,.,$.,--,12864,,
gdc,kscv.0,30617,30822,Hauptmann,hauptmann,Hahaha,NE,hahaha,12864,,
gdc,kscv.0,30617,30822,Hauptmann,hauptmann,",","$,",--,12864,,
gdc,kscv.0,30617,30822,Hauptmann,hauptmann,ein,ART,ein,12864,,
gdc,kscv.0,30617,30822,Hauptmann,hauptmann,guter,ADJA,gut,12864,,
gdc,kscv.0,30617,30822,Hauptmann,hauptmann,Mensch,NN,mensch,12864,,
gdc,kscv.0,30617,30822,Hauptmann,hauptmann,",","$,",--,12864,,
gdc,kscv.0,30617,30822,Hauptmann,hauptmann,ein,ART,ein,12864,,
gdc,kscv.0,30617,30822,Hauptmann,hauptmann,guter,ADJA,gut,12864,,
gdc,kscv.0,30617,30822,Hauptmann,hauptmann,Mensch,NN,mensch,12864,,
gdc,kscv.0,30617,30822,Hauptmann,hauptmann,",","$,",--,12864,,
gdc,kscv.0,30617,30822,Hauptmann,hauptmann,Sie,PPER,sie,12864,,
gdc,kscv.0,30617,30822,Hauptmann,hauptmann,hetzen,VVFIN,hetzen,12864,,
gdc,kscv.0,30617,30822,Hauptmann,hauptmann,sich,PRF,sich,12864,,
gdc,kscv.0,30617,30822,Hauptmann,hauptmann,ja,ADV,ja,12864,,
gdc,kscv.0,30617,30822,Hauptmann,hauptmann,hinter,APPR,hinter,12864,,
gdc,kscv.0,30617,30822,Hauptmann,hauptmann,dem,ART,der,12864,,
gdc,kscv.0,30617,30822,Hauptmann,hauptmann,Tod,NN,tod,12864,,
gdc,kscv.0,30617,30822,Hauptmann,hauptmann,drein,PTKVZ,drein,12864,,
gdc,kscv.0,30617,30822,Hauptmann,hauptmann,",","$,",--,12864,,
gdc,kscv.0,30617,30822,Hauptmann,hauptmann,Sie,PPER,sie,12864,,
gdc,kscv.0,30617,30822,Hauptmann,hauptmann,machen,VVFIN,machen,12864,,
gdc,kscv.0,30617,30822,Hauptmann,hauptmann,mir,PPER,sich,12864,hauptmann,(24)
gdc,kscv.0,30617,30822,Hauptmann,hauptmann,ganz,ADV,ganz,12864,,
gdc,kscv.0,30617,30822,Hauptmann,hauptmann,Angst,NN,angst,12864,,
gdc,kscv.0,30617,30822,Hauptmann,hauptmann,.,$.,--,12864,,
gdc,kscv.0,30827,30869,Doctor,doctor,Pressirt,NN,pressirt,12864,,
gdc,kscv.0,30827,30869,Doctor,doctor,",","$,",--,12864,,
gdc,kscv.0,30827,30869,Doctor,doctor,Herr,NN,herr,12864,herr,(18)
gdc,kscv.0,30827,30869,Doctor,doctor,Hauptmann,NN,hauptmann,12864,hauptmann,(24)
gdc,kscv.0,30827,30869,Doctor,doctor,pressirt,VVFIN,pressiren,12864,,
gdc,kscv.0,30827,30869,Doctor,doctor,.,$.,--,12864,,
gdc,kscv.0,30874,31021,Hauptmann,hauptmann,Herr,NN,herr,12864,herr,(18)
gdc,kscv.0,30874,31021,Hauptmann,hauptmann,Sargnagel,NE,sargnagel,12864,,
gdc,kscv.0,30874,31021,Hauptmann,hauptmann,",","$,",--,12864,,
gdc,kscv.0,30874,31021,Hauptmann,hauptmann,Sie,PPER,sie,12864,,
gdc,kscv.0,30874,31021,Hauptmann,hauptmann,schleifen,VVFIN,schleifen,12864,,
gdc,kscv.0,30874,31021,Hauptmann,hauptmann,sich,PRF,sich,12864,,
gdc,kscv.0,30874,31021,Hauptmann,hauptmann,ja,ADV,ja,12864,,
gdc,kscv.0,30874,31021,Hauptmann,hauptmann,so,ADV,so,12864,,
gdc,kscv.0,30874,31021,Hauptmann,hauptmann,Ihre,PPOSAT,ihr,12864,,
gdc,kscv.0,30874,31021,Hauptmann,hauptmann,kleinen,ADJA,klein,12864,,
gdc,kscv.0,30874,31021,Hauptmann,hauptmann,Beine,NN,bein,12864,,
gdc,kscv.0,30874,31021,Hauptmann,hauptmann,ganz,ADV,ganz,12864,,
gdc,kscv.0,30874,31021,Hauptmann,hauptmann,auf,APPR,auf,12864,,
gdc,kscv.0,30874,31021,Hauptmann,hauptmann,dem,ART,der,12864,,
gdc,kscv.0,30874,31021,Hauptmann,hauptmann,Pflaster,NN,pflaster,12864,,
gdc,kscv.0,30874,31021,Hauptmann,hauptmann,ab,PTKVZ,ab,12864,,
gdc,kscv.0,30874,31021,Hauptmann,hauptmann,.,$.,--,12864,,
gdc,kscv.0,30874,31021,Hauptmann,hauptmann,Reiten,VVFIN,reit,12864,,
gdc,kscv.0,30874,31021,Hauptmann,hauptmann,Sie,PPER,sie,12864,,
gdc,kscv.0,30874,31021,Hauptmann,hauptmann,doch,ADV,doch,12864,,
gdc,kscv.0,30874,31021,Hauptmann,hauptmann,nicht,PTKNEG,nicht,12864,,
gdc,kscv.0,30874,31021,Hauptmann,hauptmann,auf,APPR,auf,12864,,
gdc,kscv.0,30874,31021,Hauptmann,hauptmann,ihrem,PPOSAT,ihr,12864,,
gdc,kscv.0,30874,31021,Hauptmann,hauptmann,Stock,NN,stock,12864,,
gdc,kscv.0,30874,31021,Hauptmann,hauptmann,in,APPR,in,12864,,
gdc,kscv.0,30874,31021,Hauptmann,hauptmann,die,ART,der,12864,,
gdc,kscv.0,30874,31021,Hauptmann,hauptmann,Luft,NN,luft,12864,,
gdc,kscv.0,30874,31021,Hauptmann,hauptmann,.,$.,--,12864,,
gdc,kscv.0,31026,31184,Doctor,doctor,Sie,PPER,sie,12864,,
gdc,kscv.0,31026,31184,Doctor,doctor,ist,VAFIN,sein,12864,,
gdc,kscv.0,31026,31184,Doctor,doctor,in,APPR,in,12864,,
gdc,kscv.0,31026,31184,Doctor,doctor,4,CARD,4,12864,,
gdc,kscv.0,31026,31184,Doctor,doctor,Wochen,NN,woche,12864,,
gdc,kscv.0,31026,31184,Doctor,doctor,todt,NE,todt,12864,,
gdc,kscv.0,31026,31184,Doctor,doctor,",","$,",--,12864,,
gdc,kscv.0,31026,31184,Doctor,doctor,via,APPR,via,12864,,
gdc,kscv.0,31026,31184,Doctor,doctor,coronar,NE,coronar,12864,,
gdc,kscv.0,31026,31184,Doctor,doctor,congestionis,NE,congestionis,12864,,
gdc,kscv.0,31026,31184,Doctor,doctor,",","$,",--,12864,,
gdc,kscv.0,31026,31184,Doctor,doctor,im,APPRART,in,12864,,
gdc,kscv.0,31026,31184,Doctor,doctor,siebenten,ADJA,siebent,12864,,
gdc,kscv.0,31026,31184,Doctor,doctor,Monat,NN,monat,12864,,
gdc,kscv.0,31026,31184,Doctor,doctor,",","$,",--,12864,,
gdc,kscv.0,31026,31184,Doctor,doctor,ich,PPER,ich,12864,doctor,(23)
gdc,kscv.0,31026,31184,Doctor,doctor,hab,VVFIN,hab,12864,,
gdc,kscv.0,31026,31184,Doctor,doctor,',$(,--,12864,,
gdc,kscv.0,31026,31184,Doctor,doctor,schon,ADV,schon,12864,,
gdc,kscv.0,31026,31184,Doctor,doctor,20,CARD,20,12864,,
gdc,kscv.0,31026,31184,Doctor,doctor,solche,PIAT,solcher,12864,,
gdc,kscv.0,31026,31184,Doctor,doctor,Patienten,NN,patient,12864,,
gdc,kscv.0,31026,31184,Doctor,doctor,gehabt,VAPP,haben,12864,,
gdc,kscv.0,31026,31184,Doctor,doctor,",","$,",--,12864,,
gdc,kscv.0,31026,31184,Doctor,doctor,in,APPR,in,12864,,
gdc,kscv.0,31026,31184,Doctor,doctor,4,CARD,4,12864,,
gdc,kscv.0,31026,31184,Doctor,doctor,Wochen,NN,woche,12864,,
gdc,kscv.0,31026,31184,Doctor,doctor,",","$,",--,12864,,
gdc,kscv.0,31026,31184,Doctor,doctor,richt,VVFIN,rechen,12864,,
gdc,kscv.0,31026,31184,Doctor,doctor,Sie,PPER,sie,12864,,
gdc,kscv.0,31026,31184,Doctor,doctor,sich,PRF,sich,12864,,
gdc,kscv.0,31026,31184,Doctor,doctor,danach,PROAV,danach,12864,,
gdc,kscv.0,31026,31184,Doctor,doctor,.,$.,--,12864,,
gdc,kscv.0,31189,31307,Hauptmann,hauptmann,Herr,NN,herr,12864,herr,(18)
gdc,kscv.0,31189,31307,Hauptmann,hauptmann,Doctor,NE,doctor,12864,doctor,(23)
gdc,kscv.0,31189,31307,Hauptmann,hauptmann,",","$,",--,12864,,
gdc,kscv.0,31189,31307,Hauptmann,hauptmann,erschrecken,VVFIN,erschrecken,12864,,
gdc,kscv.0,31189,31307,Hauptmann,hauptmann,Sie,PPER,sie,12864,,
gdc,kscv.0,31189,31307,Hauptmann,hauptmann,mich,PPER,mich,12864,hauptmann,(24)
gdc,kscv.0,31189,31307,Hauptmann,hauptmann,nicht,PTKNEG,nicht,12864,,
gdc,kscv.0,31189,31307,Hauptmann,hauptmann,",","$,",--,12864,,
gdc,kscv.0,31189,31307,Hauptmann,hauptmann,es,PPER,es,12864,,
gdc,kscv.0,31189,31307,Hauptmann,hauptmann,sind,VAFIN,sein,12864,,
gdc,kscv.0,31189,31307,Hauptmann,hauptmann,schon,ADV,schon,12864,,
gdc,kscv.0,31189,31307,Hauptmann,hauptmann,Leute,NN,leute,12864,,
gdc,kscv.0,31189,31307,Hauptmann,hauptmann,am,APPRART,an,12864,,
gdc,kscv.0,31189,31307,Hauptmann,hauptmann,Schreck,NN,schreck,12864,,
gdc,kscv.0,31189,31307,Hauptmann,hauptmann,gestorben,VVPP,sterben,12864,,
gdc,kscv.0,31189,31307,Hauptmann,hauptmann,",","$,",--,12864,,
gdc,kscv.0,31189,31307,Hauptmann,hauptmann,am,APPRART,an,12864,,
gdc,kscv.0,31189,31307,Hauptmann,hauptmann,puren,PPOSAT,pur,12864,,
gdc,kscv.0,31189,31307,Hauptmann,hauptmann,hellen,ADJA,hell,12864,,
gdc,kscv.0,31189,31307,Hauptmann,hauptmann,Schreck,NN,schreck,12864,,
gdc,kscv.0,31189,31307,Hauptmann,hauptmann,.,$.,--,12864,,
gdc,kscv.0,31312,31417,Doctor,doctor,In,APPR,in,12864,,
gdc,kscv.0,31312,31417,Doctor,doctor,4,CARD,4,12864,,
gdc,kscv.0,31312,31417,Doctor,doctor,Wochen,NN,woche,12864,,
gdc,kscv.0,31312,31417,Doctor,doctor,",","$,",--,12864,,
gdc,kscv.0,31312,31417,Doctor,doctor,dummes,ADJA,dumm,12864,,
gdc,kscv.0,31312,31417,Doctor,doctor,Thier,NN,thier,12864,,
gdc,kscv.0,31312,31417,Doctor,doctor,",","$,",--,12864,,
gdc,kscv.0,31312,31417,Doctor,doctor,Sie,PPER,sie,12864,,
gdc,kscv.0,31312,31417,Doctor,doctor,giebt,VVFIN,gieben,12864,,
gdc,kscv.0,31312,31417,Doctor,doctor,ein,ART,ein,12864,,
gdc,kscv.0,31312,31417,Doctor,doctor,interessant,ADJD,interessant,12864,,
gdc,kscv.0,31312,31417,Doctor,doctor,',$(,--,12864,,
gdc,kscv.0,31312,31417,Doctor,doctor,s,ART,--,12864,,
gdc,kscv.0,31312,31417,Doctor,doctor,Präparat,NN,präparat,12864,,
gdc,kscv.0,31312,31417,Doctor,doctor,.,$.,--,12864,,
gdc,kscv.0,31312,31417,Doctor,doctor,Ich,PPER,ich,12864,doctor,(23)
gdc,kscv.0,31312,31417,Doctor,doctor,sag,VVFIN,sögen,12864,,
gdc,kscv.0,31312,31417,Doctor,doctor,Ihr,PPER,ihr,12864,,
gdc,kscv.0,31312,31417,Doctor,doctor,",","$,",--,12864,,
gdc,kscv.0,31312,31417,Doctor,doctor,4,CARD,4,12864,,
gdc,kscv.0,31312,31417,Doctor,doctor,[,XY,[,12864,,
gdc,kscv.0,31312,31417,Doctor,doctor,Satz,NN,satz,12864,,
gdc,kscv.0,31312,31417,Doctor,doctor,bricht,VVFIN,brechen,12864,,
gdc,kscv.0,31312,31417,Doctor,doctor,ab,PTKVZ,ab,12864,,
gdc,kscv.0,31312,31417,Doctor,doctor,.,$.,--,12864,,
gdc,kscv.0,31312,31417,Doctor,doctor,],XY,],12864,,
gdc,kscv.0,31423,31692,Hauptmann,hauptmann,Daß,KOUS,daß,12864,,
gdc,kscv.0,31423,31692,Hauptmann,hauptmann,dich,PPER,dich,12864,,
gdc,kscv.0,31423,31692,Hauptmann,hauptmann,das,ART,der,12864,,
gdc,kscv.0,31423,31692,Hauptmann,hauptmann,Wetter,NN,wetter,12864,,
gdc,kscv.0,31423,31692,Hauptmann,hauptmann,",","$,",--,12864,,
gdc,kscv.0,31423,31692,Hauptmann,hauptmann,ich,PPER,ich,12864,hauptmann,(24)
gdc,kscv.0,31423,31692,Hauptmann,hauptmann,halt,VVFIN,halt,12864,,
gdc,kscv.0,31423,31692,Hauptmann,hauptmann,Sie,PPER,sie,12864,,
gdc,kscv.0,31423,31692,Hauptmann,hauptmann,Herr,NN,herr,12864,herr,(18)
gdc,kscv.0,31423,31692,Hauptmann,hauptmann,Flegel,NE,flegel,12864,,
gdc,kscv.0,31423,31692,Hauptmann,hauptmann,",","$,",--,12864,,
gdc,kscv.0,31423,31692,Hauptmann,hauptmann,ich,PPER,ich,12864,hauptmann,(24)
gdc,kscv.0,31423,31692,Hauptmann,hauptmann,laß,VVFIN,lassen,12864,,
gdc,kscv.0,31423,31692,Hauptmann,hauptmann,Sie,PPER,sie,12864,,
gdc,kscv.0,31423,31692,Hauptmann,hauptmann,nicht,PTKNEG,nicht,12864,,
gdc,kscv.0,31423,31692,Hauptmann,hauptmann,Teufel,NN,teufel,12864,,
gdc,kscv.0,31423,31692,Hauptmann,hauptmann,.,$.,--,12864,,
gdc,kscv.0,31423,31692,Hauptmann,hauptmann,4,CARD,4,12864,,
gdc,kscv.0,31423,31692,Hauptmann,hauptmann,Wochen,NN,woche,12864,,
gdc,kscv.0,31423,31692,Hauptmann,hauptmann,?,$.,--,12864,,
gdc,kscv.0,31423,31692,Hauptmann,hauptmann,Herr,NN,herr,12864,herr,(18)
gdc,kscv.0,31423,31692,Hauptmann,hauptmann,Doctor,NE,doctor,12864,doctor,(23)
gdc,kscv.0,31423,31692,Hauptmann,hauptmann,",","$,",--,12864,,
gdc,kscv.0,31423,31692,Hauptmann,hauptmann,Sargnagel,NE,sargnagel,12864,,
gdc,kscv.0,31423,31692,Hauptmann,hauptmann,",","$,",--,12864,,
gdc,kscv.0,31423,31692,Hauptmann,hauptmann,Todtenhemd,NE,todtenhemd,12864,,
gdc,kscv.0,31423,31692,Hauptmann,hauptmann,",","$,",--,12864,,
gdc,kscv.0,31423,31692,Hauptmann,hauptmann,ich,PPER,ich,12864,hauptmann,(24)
gdc,kscv.0,31423,31692,Hauptmann,hauptmann,leb,VVFIN,leb,12864,,
gdc,kscv.0,31423,31692,Hauptmann,hauptmann,so,ADV,so,12864,,
gdc,kscv.0,31423,31692,Hauptmann,hauptmann,lang,ADJD,lang,12864,,
gdc,kscv.0,31423,31692,Hauptmann,hauptmann,ich,PPER,ich,12864,hauptmann,(24)
gdc,kscv.0,31423,31692,Hauptmann,hauptmann,da,ADV,da,12864,,
gdc,kscv.0,31423,31692,Hauptmann,hauptmann,bin,VAFIN,sein,12864,,
gdc,kscv.0,31423,31692,Hauptmann,hauptmann,",","$,",--,12864,,
gdc,kscv.0,31423,31692,Hauptmann,hauptmann,4,CARD,4,12864,,
gdc,kscv.0,31423,31692,Hauptmann,hauptmann,Wochen,NN,woche,12864,,
gdc,kscv.0,31423,31692,Hauptmann,hauptmann,",","$,",--,12864,,
gdc,kscv.0,31423,31692,Hauptmann,hauptmann,und,KON,und,12864,,
gdc,kscv.0,31423,31692,Hauptmann,hauptmann,die,ART,der,12864,,
gdc,kscv.0,31423,31692,Hauptmann,hauptmann,Leute,NN,leute,12864,,
gdc,kscv.0,31423,31692,Hauptmann,hauptmann,Citron,NE,citron,12864,,
gdc,kscv.0,31423,31692,Hauptmann,hauptmann,in,APPR,in,12864,,
gdc,kscv.0,31423,31692,Hauptmann,hauptmann,den,ART,der,12864,,
gdc,kscv.0,31423,31692,Hauptmann,hauptmann,Händen,NN,hand,12864,,
gdc,kscv.0,31423,31692,Hauptmann,hauptmann,",","$,",--,12864,,
gdc,kscv.0,31423,31692,Hauptmann,hauptmann,aber,KON,aber,12864,,
gdc,kscv.0,31423,31692,Hauptmann,hauptmann,sie,PPER,sie,12864,,
gdc,kscv.0,31423,31692,Hauptmann,hauptmann,werden,VAFIN,werden,12864,,
gdc,kscv.0,31423,31692,Hauptmann,hauptmann,sagen,VVINF,sagen,12864,,
gdc,kscv.0,31423,31692,Hauptmann,hauptmann,",","$,",--,12864,,
gdc,kscv.0,31423,31692,Hauptmann,hauptmann,er,PPER,er,12864,,
gdc,kscv.0,31423,31692,Hauptmann,hauptmann,war,VAFIN,sein,12864,,
gdc,kscv.0,31423,31692,Hauptmann,hauptmann,ein,ART,ein,12864,,
gdc,kscv.0,31423,31692,Hauptmann,hauptmann,guter,ADJA,gut,12864,,
gdc,kscv.0,31423,31692,Hauptmann,hauptmann,Mensch,NN,mensch,12864,,
gdc,kscv.0,31423,31692,Hauptmann,hauptmann,",","$,",--,12864,,
gdc,kscv.0,31423,31692,Hauptmann,hauptmann,ein,ART,ein,12864,,
gdc,kscv.0,31423,31692,Hauptmann,hauptmann,guter,ADJA,gut,12864,,
gdc,kscv.0,31423,31692,Hauptmann,hauptmann,Mensch,NN,mensch,12864,,
gdc,kscv.0,31423,31692,Hauptmann,hauptmann,.,$.,--,12864,,
gdc,kscv.0,31697,31872,Doctor,doctor,Ey,APPR,ey,12864,,
gdc,kscv.0,31697,31872,Doctor,doctor,guten,ADJA,gut,12864,,
gdc,kscv.0,31697,31872,Doctor,doctor,Morgen,NN,morgen,12864,,
gdc,kscv.0,31697,31872,Doctor,doctor,Herr,NN,herr,12864,herr,(18)
gdc,kscv.0,31697,31872,Doctor,doctor,Hauptmann,NN,hauptmann,12864,hauptmann,(24)
gdc,kscv.0,31697,31872,Doctor,doctor,.,$.,--,12864,,
gdc,kscv.0,31697,31872,Doctor,doctor,Kikeriki,NE,kikeriki,12864,,
gdc,kscv.0,31697,31872,Doctor,doctor,"!",$.,--,12864,,
gdc,kscv.0,31697,31872,Doctor,doctor,Freut,VVFIN,freut,12864,,
gdc,kscv.0,31697,31872,Doctor,doctor,mich,PPER,mich,12864,doctor,(23)
gdc,kscv.0,31697,31872,Doctor,doctor,"!",$.,--,12864,,
gdc,kscv.0,31697,31872,Doctor,doctor,Freut,VVFIN,freut,12864,,
gdc,kscv.0,31697,31872,Doctor,doctor,mich,PPER,mich,12864,doctor,(23)
gdc,kscv.0,31697,31872,Doctor,doctor,"!",$.,--,12864,,
gdc,kscv.0,31697,31872,Doctor,doctor,Was,PWS,was,12864,,
gdc,kscv.0,31697,31872,Doctor,doctor,ist,VAFIN,sein,12864,,
gdc,kscv.0,31697,31872,Doctor,doctor,das,ART,der,12864,,
gdc,kscv.0,31697,31872,Doctor,doctor,Herr,NN,herr,12864,herr,(18)
gdc,kscv.0,31697,31872,Doctor,doctor,Hauptmann,NN,hauptmann,12864,hauptmann,(24)
gdc,kscv.0,31697,31872,Doctor,doctor,?,$.,--,12864,,
gdc,kscv.0,31697,31872,Doctor,doctor,Das,PDS,der,12864,,
gdc,kscv.0,31697,31872,Doctor,doctor,ist,VAFIN,sein,12864,,
gdc,kscv.0,31697,31872,Doctor,doctor,Hohlkopf,NN,hohlkopf,12864,,
gdc,kscv.0,31697,31872,Doctor,doctor,.,$.,--,12864,,
gdc,kscv.0,31697,31872,Doctor,doctor,Ha,XY,ha,12864,,
gdc,kscv.0,31697,31872,Doctor,doctor,?,$.,--,12864,,
gdc,kscv.0,31877,32433,Hauptmann,hauptmann,Was,PWS,was,12864,,
gdc,kscv.0,31877,32433,Hauptmann,hauptmann,ist,VAFIN,sein,12864,,
gdc,kscv.0,31877,32433,Hauptmann,hauptmann,das,ART,der,12864,,
gdc,kscv.0,31877,32433,Hauptmann,hauptmann,Herr,NN,herr,12864,herr,(18)
gdc,kscv.0,31877,32433,Hauptmann,hauptmann,Doctor,NE,doctor,12864,doctor,(23)
gdc,kscv.0,31877,32433,Hauptmann,hauptmann,?,$.,--,12864,,
gdc,kscv.0,31877,32433,Hauptmann,hauptmann,Das,PDS,der,12864,,
gdc,kscv.0,31877,32433,Hauptmann,hauptmann,ist,VAFIN,sein,12864,,
gdc,kscv.0,31877,32433,Hauptmann,hauptmann,n,XY,--,12864,,
gdc,kscv.0,31877,32433,Hauptmann,hauptmann,',$(,--,12864,,
gdc,kscv.0,31877,32433,Hauptmann,hauptmann,e,ADJA,E,12864,,
gdc,kscv.0,31877,32433,Hauptmann,hauptmann,Einfalt,NN,einfalt,12864,,
gdc,kscv.0,31877,32433,Hauptmann,hauptmann,"!",$.,--,12864,,
gdc,kscv.0,31877,32433,Hauptmann,hauptmann,Hahaha,NE,hahaha,12864,,
gdc,kscv.0,31877,32433,Hauptmann,hauptmann,"!",$.,--,12864,,
gdc,kscv.0,31877,32433,Hauptmann,hauptmann,Aber,KON,aber,12864,,
gdc,kscv.0,31877,32433,Hauptmann,hauptmann,nichts,PIS,nichts,12864,,
gdc,kscv.0,31877,32433,Hauptmann,hauptmann,für,APPR,für,12864,,
gdc,kscv.0,31877,32433,Hauptmann,hauptmann,ungut,ADJD,ungut,12864,,
gdc,kscv.0,31877,32433,Hauptmann,hauptmann,.,$.,--,12864,,
gdc,kscv.0,31877,32433,Hauptmann,hauptmann,Ich,PPER,ich,12864,hauptmann,(24)
gdc,kscv.0,31877,32433,Hauptmann,hauptmann,bin,VAFIN,sein,12864,,
gdc,kscv.0,31877,32433,Hauptmann,hauptmann,ein,ART,ein,12864,,
gdc,kscv.0,31877,32433,Hauptmann,hauptmann,guter,ADJA,gut,12864,,
gdc,kscv.0,31877,32433,Hauptmann,hauptmann,Mensch,NN,mensch,12864,,
gdc,kscv.0,31877,32433,Hauptmann,hauptmann,–,CARD,–,12864,,
gdc,kscv.0,31877,32433,Hauptmann,hauptmann,aber,KON,aber,12864,,
gdc,kscv.0,31877,32433,Hauptmann,hauptmann,ich,PPER,ich,12864,hauptmann,(24)
gdc,kscv.0,31877,32433,Hauptmann,hauptmann,kann,VMFIN,können,12864,,
gdc,kscv.0,31877,32433,Hauptmann,hauptmann,auch,ADV,auch,12864,,
gdc,kscv.0,31877,32433,Hauptmann,hauptmann,wenn,KOUS,wenn,12864,,
gdc,kscv.0,31877,32433,Hauptmann,hauptmann,ich,PPER,ich,12864,hauptmann,(24)
gdc,kscv.0,31877,32433,Hauptmann,hauptmann,will,VMFIN,wollen,12864,,
gdc,kscv.0,31877,32433,Hauptmann,hauptmann,Herr,NN,herr,12864,herr,(18)
gdc,kscv.0,31877,32433,Hauptmann,hauptmann,Doctor,NE,doctor,12864,doctor,(23)
gdc,kscv.0,31877,32433,Hauptmann,hauptmann,",","$,",--,12864,,
gdc,kscv.0,31877,32433,Hauptmann,hauptmann,hahaha,NE,hahaha,12864,,
gdc,kscv.0,31877,32433,Hauptmann,hauptmann,",","$,",--,12864,,
gdc,kscv.0,31877,32433,Hauptmann,hauptmann,wenn,KOUS,wenn,12864,,
gdc,kscv.0,31877,32433,Hauptmann,hauptmann,ich,PPER,ich,12864,hauptmann,(24)
gdc,kscv.0,31877,32433,Hauptmann,hauptmann,will,VMFIN,wollen,12864,,
gdc,kscv.0,31877,32433,Hauptmann,hauptmann,.,$.,--,12864,,
gdc,kscv.0,31877,32433,Hauptmann,hauptmann,He,XY,--,12864,,
gdc,kscv.0,31877,32433,Hauptmann,hauptmann,Woyzeck,NN,woyzeck,12864,woyzeck,(1)
gdc,kscv.0,31877,32433,Hauptmann,hauptmann,",","$,",--,12864,,
gdc,kscv.0,31877,32433,Hauptmann,hauptmann,was,PWS,was,12864,,
gdc,kscv.0,31877,32433,Hauptmann,hauptmann,hetzt,ADV,hetzen,12864,,
gdc,kscv.0,31877,32433,Hauptmann,hauptmann,Er,PPER,er,12864,,
gdc,kscv.0,31877,32433,Hauptmann,hauptmann,sich,PRF,sich,12864,,
gdc,kscv.0,31877,32433,Hauptmann,hauptmann,so,ADV,so,12864,,
gdc,kscv.0,31877,32433,Hauptmann,hauptmann,an,APPR,an,12864,,
gdc,kscv.0,31877,32433,Hauptmann,hauptmann,uns,PPER,uns,12864,,
gdc,kscv.0,31877,32433,Hauptmann,hauptmann,vorbey,FM,vorbey,12864,,
gdc,kscv.0,31877,32433,Hauptmann,hauptmann,?,$.,--,12864,,
gdc,kscv.0,31877,32433,Hauptmann,hauptmann,Bleib,VVIMP,bleib,12864,,
gdc,kscv.0,31877,32433,Hauptmann,hauptmann,Er,PPER,er,12864,,
gdc,kscv.0,31877,32433,Hauptmann,hauptmann,doch,ADV,doch,12864,,
gdc,kscv.0,31877,32433,Hauptmann,hauptmann,Woyzeck,NN,woyzeck,12864,woyzeck,(1)
gdc,kscv.0,31877,32433,Hauptmann,hauptmann,",","$,",--,12864,,
gdc,kscv.0,31877,32433,Hauptmann,hauptmann,Er,PPER,er,12864,,
gdc,kscv.0,31877,32433,Hauptmann,hauptmann,läuft,VVFIN,laufen,12864,,
gdc,kscv.0,31877,32433,Hauptmann,hauptmann,ja,ADV,ja,12864,,
gdc,kscv.0,31877,32433,Hauptmann,hauptmann,wie,KOKOM,wie,12864,,
gdc,kscv.0,31877,32433,Hauptmann,hauptmann,ein,ART,ein,12864,,
gdc,kscv.0,31877,32433,Hauptmann,hauptmann,offnes,ADJA,offn,12864,,
gdc,kscv.0,31877,32433,Hauptmann,hauptmann,Rasirmesser,NN,rasirmesser,12864,,
gdc,kscv.0,31877,32433,Hauptmann,hauptmann,durch,APPR,durch,12864,,
gdc,kscv.0,31877,32433,Hauptmann,hauptmann,die,ART,der,12864,,
gdc,kscv.0,31877,32433,Hauptmann,hauptmann,Welt,NN,welt,12864,,
gdc,kscv.0,31877,32433,Hauptmann,hauptmann,",","$,",--,12864,,
gdc,kscv.0,31877,32433,Hauptmann,hauptmann,man,PIS,man,12864,,
gdc,kscv.0,31877,32433,Hauptmann,hauptmann,schneidt,VVFIN,schneidt,12864,,
gdc,kscv.0,31877,32433,Hauptmann,hauptmann,sich,PRF,sich,12864,,
gdc,kscv.0,31877,32433,Hauptmann,hauptmann,an,APPR,an,12864,,
gdc,kscv.0,31877,32433,Hauptmann,hauptmann,Ihm,PPER,ihm,12864,,
gdc,kscv.0,31877,32433,Hauptmann,hauptmann,",","$,",--,12864,,
gdc,kscv.0,31877,32433,Hauptmann,hauptmann,Er,PPER,er,12864,,
gdc,kscv.0,31877,32433,Hauptmann,hauptmann,läuft,VVFIN,laufen,12864,,
gdc,kscv.0,31877,32433,Hauptmann,hauptmann,als,APPR,als,12864,,
gdc,kscv.0,31877,32433,Hauptmann,hauptmann,hätt,VAFIN,hätt,12864,,
gdc,kscv.0,31877,32433,Hauptmann,hauptmann,Er,PPER,er,12864,,
gdc,kscv.0,31877,32433,Hauptmann,hauptmann,ein,ART,ein,12864,,
gdc,kscv.0,31877,32433,Hauptmann,hauptmann,Regiment,NN,regiment,12864,,
gdc,kscv.0,31877,32433,Hauptmann,hauptmann,Kastrirte,NN,kastrirte,12864,,
gdc,kscv.0,31877,32433,Hauptmann,hauptmann,zu,PTKZU,zu,12864,,
gdc,kscv.0,31877,32433,Hauptmann,hauptmann,rasirn,VVINF,rasirn,12864,,
gdc,kscv.0,31877,32433,Hauptmann,hauptmann,und,KON,und,12864,,
gdc,kscv.0,31877,32433,Hauptmann,hauptmann,würd,VAFIN,würd,12864,,
gdc,kscv.0,31877,32433,Hauptmann,hauptmann,gehenkt,VVPP,henken,12864,,
gdc,kscv.0,31877,32433,Hauptmann,hauptmann,über,APPR,über,12864,,
gdc,kscv.0,31877,32433,Hauptmann,hauptmann,dem,ART,der,12864,,
gdc,kscv.0,31877,32433,Hauptmann,hauptmann,letzten,ADJA,letzter,12864,,
gdc,kscv.0,31877,32433,Hauptmann,hauptmann,Haar,NN,haar,12864,,
gdc,kscv.0,31877,32433,Hauptmann,hauptmann,noch,ADV,noch,12864,,
gdc,kscv.0,31877,32433,Hauptmann,hauptmann,vorm,APPRART,vor,12864,,
gdc,kscv.0,31877,32433,Hauptmann,hauptmann,Verschwinden,NN,verschwinden,12864,,
gdc,kscv.0,31877,32433,Hauptmann,hauptmann,–,CARD,–,12864,,
gdc,kscv.0,31877,32433,Hauptmann,hauptmann,aber,ADV,aber,12864,,
gdc,kscv.0,31877,32433,Hauptmann,hauptmann,",","$,",--,12864,,
gdc,kscv.0,31877,32433,Hauptmann,hauptmann,über,APPR,über,12864,,
gdc,kscv.0,31877,32433,Hauptmann,hauptmann,die,ART,der,12864,,
gdc,kscv.0,31877,32433,Hauptmann,hauptmann,langen,ADJA,lang,12864,,
gdc,kscv.0,31877,32433,Hauptmann,hauptmann,Bärte,NN,bärte,12864,,
gdc,kscv.0,31877,32433,Hauptmann,hauptmann,",","$,",--,12864,,
gdc,kscv.0,31877,32433,Hauptmann,hauptmann,was,PWS,was,12864,,
gdc,kscv.0,31877,32433,Hauptmann,hauptmann,wollt,VMFIN,wollen,12864,,
gdc,kscv.0,31877,32433,Hauptmann,hauptmann,ich,PPER,ich,12864,hauptmann,(24)
gdc,kscv.0,31877,32433,Hauptmann,hauptmann,doch,ADV,doch,12864,,
gdc,kscv.0,31877,32433,Hauptmann,hauptmann,sagen,VVINF,sagen,12864,,
gdc,kscv.0,31877,32433,Hauptmann,hauptmann,?,$.,--,12864,,
gdc,kscv.0,31877,32433,Hauptmann,hauptmann,Woyzeck,PWAV,woyzeck,12864,woyzeck,(1)
gdc,kscv.0,31877,32433,Hauptmann,hauptmann,–,$.,–,12864,,
gdc,kscv.0,31877,32433,Hauptmann,hauptmann,die,ART,der,12864,,
gdc,kscv.0,31877,32433,Hauptmann,hauptmann,langen,ADJA,lang,12864,,
gdc,kscv.0,31877,32433,Hauptmann,hauptmann,Bärte,NN,bärte,12864,,
gdc,kscv.0,31877,32433,Hauptmann,hauptmann,.,$.,--,12864,,
gdc,kscv.0,31877,32433,Hauptmann,hauptmann,.,$.,--,12864,,
gdc,kscv.0,31877,32433,Hauptmann,hauptmann,.,$.,--,12864,,
gdc,kscv.0,32438,32553,Doctor,doctor,Ein,ART,ein,12864,,
gdc,kscv.0,32438,32553,Doctor,doctor,langer,ADJA,lang,12864,,
gdc,kscv.0,32438,32553,Doctor,doctor,Bart,NN,bart,12864,,
gdc,kscv.0,32438,32553,Doctor,doctor,unter,APPR,unter,12864,,
gdc,kscv.0,32438,32553,Doctor,doctor,dem,ART,der,12864,,
gdc,kscv.0,32438,32553,Doctor,doctor,Kinn,NN,kinn,12864,,
gdc,kscv.0,32438,32553,Doctor,doctor,",","$,",--,12864,,
gdc,kscv.0,32438,32553,Doctor,doctor,schon,ADV,schon,12864,,
gdc,kscv.0,32438,32553,Doctor,doctor,Plinius,NE,plinius,12864,,
gdc,kscv.0,32438,32553,Doctor,doctor,spricht,VVFIN,sprechen,12864,,
gdc,kscv.0,32438,32553,Doctor,doctor,davon,PROAV,davon,12864,,
gdc,kscv.0,32438,32553,Doctor,doctor,",","$,",--,12864,,
gdc,kscv.0,32438,32553,Doctor,doctor,man,PIS,man,12864,,
gdc,kscv.0,32438,32553,Doctor,doctor,muß,VMFIN,müssen,12864,,
gdc,kscv.0,32438,32553,Doctor,doctor,es,PPER,es,12864,,
gdc,kscv.0,32438,32553,Doctor,doctor,den,ART,der,12864,,
gdc,kscv.0,32438,32553,Doctor,doctor,Soldaten,NN,soldat,12864,,
gdc,kscv.0,32438,32553,Doctor,doctor,abgewöhnen,VVINF,abgewöhnen,12864,,
gdc,kscv.0,32438,32553,Doctor,doctor,",","$,",--,12864,,
gdc,kscv.0,32438,32553,Doctor,doctor,du,PPER,du,12864,,
gdc,kscv.0,32438,32553,Doctor,doctor,",","$,",--,12864,,
gdc,kscv.0,32438,32553,Doctor,doctor,du,PPER,du,12864,,
gdc,kscv.0,32438,32553,Doctor,doctor,.,$.,--,12864,,
gdc,kscv.0,32438,32553,Doctor,doctor,.,$.,--,12864,,
gdc,kscv.0,32438,32553,Doctor,doctor,.,$.,--,12864,,
gdc,kscv.0,32558,32887,Hauptmann,hauptmann,Hä,XY,hä,12864,,
gdc,kscv.0,32558,32887,Hauptmann,hauptmann,?,$.,--,12864,,
gdc,kscv.0,32558,32887,Hauptmann,hauptmann,über,APPR,über,12864,,
gdc,kscv.0,32558,32887,Hauptmann,hauptmann,die,ART,der,12864,,
gdc,kscv.0,32558,32887,Hauptmann,hauptmann,langen,ADJA,lang,12864,,
gdc,kscv.0,32558,32887,Hauptmann,hauptmann,Bärte,NN,bärt,12864,,
gdc,kscv.0,32558,32887,Hauptmann,hauptmann,?,$.,--,12864,,
gdc,kscv.0,32558,32887,Hauptmann,hauptmann,Wie,PWAV,wie,12864,,
gdc,kscv.0,32558,32887,Hauptmann,hauptmann,is,APPR,--,12864,,
gdc,kscv.0,32558,32887,Hauptmann,hauptmann,Woyzeck,NN,woyzeck,12864,woyzeck,(1)
gdc,kscv.0,32558,32887,Hauptmann,hauptmann,",","$,",--,12864,,
gdc,kscv.0,32558,32887,Hauptmann,hauptmann,hat,VAFIN,haben,12864,,
gdc,kscv.0,32558,32887,Hauptmann,hauptmann,Er,PPER,er,12864,,
gdc,kscv.0,32558,32887,Hauptmann,hauptmann,noch,ADV,noch,12864,,
gdc,kscv.0,32558,32887,Hauptmann,hauptmann,nicht,PTKNEG,nicht,12864,,
gdc,kscv.0,32558,32887,Hauptmann,hauptmann,ein,ART,ein,12864,,
gdc,kscv.0,32558,32887,Hauptmann,hauptmann,Haar,NN,haar,12864,,
gdc,kscv.0,32558,32887,Hauptmann,hauptmann,aus,APPR,aus,12864,,
gdc,kscv.0,32558,32887,Hauptmann,hauptmann,eim,ART,ei,12864,,
gdc,kscv.0,32558,32887,Hauptmann,hauptmann,Bart,NN,bart,12864,,
gdc,kscv.0,32558,32887,Hauptmann,hauptmann,in,APPR,in,12864,,
gdc,kscv.0,32558,32887,Hauptmann,hauptmann,seiner,PPOSAT,sein,12864,,
gdc,kscv.0,32558,32887,Hauptmann,hauptmann,Schüssel,NN,schüssel,12864,,
gdc,kscv.0,32558,32887,Hauptmann,hauptmann,gefunden,VVPP,finden,12864,,
gdc,kscv.0,32558,32887,Hauptmann,hauptmann,?,$.,--,12864,,
gdc,kscv.0,32558,32887,Hauptmann,hauptmann,He,XY,--,12864,,
gdc,kscv.0,32558,32887,Hauptmann,hauptmann,",","$,",--,12864,,
gdc,kscv.0,32558,32887,Hauptmann,hauptmann,Er,PPER,er,12864,,
gdc,kscv.0,32558,32887,Hauptmann,hauptmann,versteht,VVFIN,verstehen,12864,,
gdc,kscv.0,32558,32887,Hauptmann,hauptmann,mich,PPER,mich,12864,hauptmann,(24)
gdc,kscv.0,32558,32887,Hauptmann,hauptmann,doch,ADV,doch,12864,,
gdc,kscv.0,32558,32887,Hauptmann,hauptmann,",","$,",--,12864,,
gdc,kscv.0,32558,32887,Hauptmann,hauptmann,ein,ART,ein,12864,,
gdc,kscv.0,32558,32887,Hauptmann,hauptmann,Haar,NN,haar,12864,,
gdc,kscv.0,32558,32887,Hauptmann,hauptmann,von,APPR,von,12864,,
gdc,kscv.0,32558,32887,Hauptmann,hauptmann,einem,ART,ein,12864,,
gdc,kscv.0,32558,32887,Hauptmann,hauptmann,Menschen,NN,mensch,12864,,
gdc,kscv.0,32558,32887,Hauptmann,hauptmann,",","$,",--,12864,,
gdc,kscv.0,32558,32887,Hauptmann,hauptmann,vom,APPRART,von,12864,,
gdc,kscv.0,32558,32887,Hauptmann,hauptmann,Bart,NN,bart,12864,,
gdc,kscv.0,32558,32887,Hauptmann,hauptmann,eines,PIS,ein,12864,,
gdc,kscv.0,32558,32887,Hauptmann,hauptmann,sapeur,ADV,sapeur,12864,,
gdc,kscv.0,32558,32887,Hauptmann,hauptmann,",","$,",--,12864,,
gdc,kscv.0,32558,32887,Hauptmann,hauptmann,eines,ART,ein,12864,,
gdc,kscv.0,32558,32887,Hauptmann,hauptmann,Unterofficier,NN,unterofficier,12864,unterofficier,(22)
gdc,kscv.0,32558,32887,Hauptmann,hauptmann,",","$,",--,12864,,
gdc,kscv.0,32558,32887,Hauptmann,hauptmann,eines,PIS,ein,12864,,
gdc,kscv.0,32558,32887,Hauptmann,hauptmann,–,PPER,–,12864,,
gdc,kscv.0,32558,32887,Hauptmann,hauptmann,eines,ART,ein,12864,,
gdc,kscv.0,32558,32887,Hauptmann,hauptmann,Tambourmajor,NN,tambourmajor,12864,tambourmajor,(3)
gdc,kscv.0,32558,32887,Hauptmann,hauptmann,?,$.,--,12864,,
gdc,kscv.0,32558,32887,Hauptmann,hauptmann,He,XY,--,12864,,
gdc,kscv.0,32558,32887,Hauptmann,hauptmann,Woyzeck,NN,woyzeck,12864,woyzeck,(1)
gdc,kscv.0,32558,32887,Hauptmann,hauptmann,?,$.,--,12864,,
gdc,kscv.0,32558,32887,Hauptmann,hauptmann,Aber,KON,aber,12864,,
gdc,kscv.0,32558,32887,Hauptmann,hauptmann,Er,PPER,er,12864,,
gdc,kscv.0,32558,32887,Hauptmann,hauptmann,hat,VAFIN,haben,12864,,
gdc,kscv.0,32558,32887,Hauptmann,hauptmann,eine,ART,ein,12864,,
gdc,kscv.0,32558,32887,Hauptmann,hauptmann,brave,ADJA,brav,12864,,
gdc,kscv.0,32558,32887,Hauptmann,hauptmann,Frau,NN,frau,12864,,
gdc,kscv.0,32558,32887,Hauptmann,hauptmann,.,$.,--,12864,,
gdc,kscv.0,32558,32887,Hauptmann,hauptmann,Geht,VVFIN,gehen,12864,,
gdc,kscv.0,32558,32887,Hauptmann,hauptmann,Ihm,PPER,ihm,12864,,
gdc,kscv.0,32558,32887,Hauptmann,hauptmann,nicht,PTKNEG,nicht,12864,,
gdc,kscv.0,32558,32887,Hauptmann,hauptmann,wie,KOKOM,wie,12864,,
gdc,kscv.0,32558,32887,Hauptmann,hauptmann,andern,VVINF,anderer,12864,,
gdc,kscv.0,32558,32887,Hauptmann,hauptmann,.,$.,--,12864,,
gdc,kscv.0,32892,32946,Woyzeck,woyzeck,Ja,PTKANT,ja,12864,,
gdc,kscv.0,32892,32946,Woyzeck,woyzeck,wohl,ADV,wohl,12864,,
gdc,kscv.0,32892,32946,Woyzeck,woyzeck,"!",$.,--,12864,,
gdc,kscv.0,32892,32946,Woyzeck,woyzeck,Was,PWS,was,12864,,
gdc,kscv.0,32892,32946,Woyzeck,woyzeck,wollen,VMFIN,wollen,12864,,
gdc,kscv.0,32892,32946,Woyzeck,woyzeck,Sie,PPER,sie,12864,,
gdc,kscv.0,32892,32946,Woyzeck,woyzeck,sagen,VVFIN,sagen,12864,,
gdc,kscv.0,32892,32946,Woyzeck,woyzeck,Herr,NN,herr,12864,herr,(18)
gdc,kscv.0,32892,32946,Woyzeck,woyzeck,Hauptmann,NN,hauptmann,12864,hauptmann,(24)
gdc,kscv.0,32892,32946,Woyzeck,woyzeck,?,$.,--,12864,,
gdc,kscv.0,32951,33262,Hauptmann,hauptmann,Was,PWS,was,12864,,
gdc,kscv.0,32951,33262,Hauptmann,hauptmann,der,ART,der,12864,,
gdc,kscv.0,32951,33262,Hauptmann,hauptmann,Kerl,NN,kerl,12864,,
gdc,kscv.0,32951,33262,Hauptmann,hauptmann,ein,ART,ein,12864,,
gdc,kscv.0,32951,33262,Hauptmann,hauptmann,Gesicht,NN,gesicht,12864,,
gdc,kscv.0,32951,33262,Hauptmann,hauptmann,macht,VVFIN,machen,12864,,
gdc,kscv.0,32951,33262,Hauptmann,hauptmann,"!",$.,--,12864,,
gdc,kscv.0,32951,33262,Hauptmann,hauptmann,er,PPER,er,12864,,
gdc,kscv.0,32951,33262,Hauptmann,hauptmann,steckt,VVFIN,stecken,12864,,
gdc,kscv.0,32951,33262,Hauptmann,hauptmann,[,$.,[,12864,,
gdc,kscv.0,32951,33262,Hauptmann,hauptmann,?,$.,--,12864,,
gdc,kscv.0,32951,33262,Hauptmann,hauptmann,?,$.,--,12864,,
gdc,kscv.0,32951,33262,Hauptmann,hauptmann,],PPER,],12864,,
gdc,kscv.0,32951,33262,Hauptmann,hauptmann,in,APPR,in,12864,,
gdc,kscv.0,32951,33262,Hauptmann,hauptmann,den,ART,der,12864,,
gdc,kscv.0,32951,33262,Hauptmann,hauptmann,Himmel,NN,himmel,12864,,
gdc,kscv.0,32951,33262,Hauptmann,hauptmann,nein,PTKANT,nein,12864,,
gdc,kscv.0,32951,33262,Hauptmann,hauptmann,",","$,",--,12864,,
gdc,kscv.0,32951,33262,Hauptmann,hauptmann,muß,VMFIN,müssen,12864,,
gdc,kscv.0,32951,33262,Hauptmann,hauptmann,nun,ADV,nun,12864,,
gdc,kscv.0,32951,33262,Hauptmann,hauptmann,auch,ADV,auch,12864,,
gdc,kscv.0,32951,33262,Hauptmann,hauptmann,nicht,PTKNEG,nicht,12864,,
gdc,kscv.0,32951,33262,Hauptmann,hauptmann,in,APPR,in,12864,,
gdc,kscv.0,32951,33262,Hauptmann,hauptmann,der,ART,der,12864,,
gdc,kscv.0,32951,33262,Hauptmann,hauptmann,Suppe,NN,suppe,12864,,
gdc,kscv.0,32951,33262,Hauptmann,hauptmann,seyn,NE,seyn,12864,,
gdc,kscv.0,32951,33262,Hauptmann,hauptmann,",","$,",--,12864,,
gdc,kscv.0,32951,33262,Hauptmann,hauptmann,aber,KON,aber,12864,,
gdc,kscv.0,32951,33262,Hauptmann,hauptmann,wenn,KOUS,wenn,12864,,
gdc,kscv.0,32951,33262,Hauptmann,hauptmann,Er,PPER,er,12864,,
gdc,kscv.0,32951,33262,Hauptmann,hauptmann,sich,PRF,sich,12864,,
gdc,kscv.0,32951,33262,Hauptmann,hauptmann,eilt,VVFIN,eilen,12864,,
gdc,kscv.0,32951,33262,Hauptmann,hauptmann,und,KON,und,12864,,
gdc,kscv.0,32951,33262,Hauptmann,hauptmann,um,APPR,um,12864,,
gdc,kscv.0,32951,33262,Hauptmann,hauptmann,die,ART,der,12864,,
gdc,kscv.0,32951,33262,Hauptmann,hauptmann,Eck,NN,eck,12864,,
gdc,kscv.0,32951,33262,Hauptmann,hauptmann,geht,VVFIN,gehen,12864,,
gdc,kscv.0,32951,33262,Hauptmann,hauptmann,",","$,",--,12864,,
gdc,kscv.0,32951,33262,Hauptmann,hauptmann,so,ADV,so,12864,,
gdc,kscv.0,32951,33262,Hauptmann,hauptmann,kann,VMFIN,können,12864,,
gdc,kscv.0,32951,33262,Hauptmann,hauptmann,Er,PPER,er,12864,,
gdc,kscv.0,32951,33262,Hauptmann,hauptmann,vielleicht,ADV,vielleicht,12864,,
gdc,kscv.0,32951,33262,Hauptmann,hauptmann,noch,ADV,noch,12864,,
gdc,kscv.0,32951,33262,Hauptmann,hauptmann,auf,APPR,auf,12864,,
gdc,kscv.0,32951,33262,Hauptmann,hauptmann,Paar,NN,paar,12864,,
gdc,kscv.0,32951,33262,Hauptmann,hauptmann,Lippen,NN,lippe,12864,,
gdc,kscv.0,32951,33262,Hauptmann,hauptmann,eins,CARD,eins,12864,,
gdc,kscv.0,32951,33262,Hauptmann,hauptmann,finden,VVFIN,finden,12864,,
gdc,kscv.0,32951,33262,Hauptmann,hauptmann,",","$,",--,12864,,
gdc,kscv.0,32951,33262,Hauptmann,hauptmann,ein,ART,ein,12864,,
gdc,kscv.0,32951,33262,Hauptmann,hauptmann,Paar,NN,paar,12864,,
gdc,kscv.0,32951,33262,Hauptmann,hauptmann,Lippen,NN,lippe,12864,,
gdc,kscv.0,32951,33262,Hauptmann,hauptmann,",","$,",--,12864,,
gdc,kscv.0,32951,33262,Hauptmann,hauptmann,Woyzeck,NN,woyzeck,12864,woyzeck,(1)
gdc,kscv.0,32951,33262,Hauptmann,hauptmann,",","$,",--,12864,,
gdc,kscv.0,32951,33262,Hauptmann,hauptmann,ich,PPER,ich,12864,hauptmann,(24)
gdc,kscv.0,32951,33262,Hauptmann,hauptmann,habe,VAFIN,haben,12864,,
gdc,kscv.0,32951,33262,Hauptmann,hauptmann,auch,ADV,auch,12864,,
gdc,kscv.0,32951,33262,Hauptmann,hauptmann,die,ART,der,12864,,
gdc,kscv.0,32951,33262,Hauptmann,hauptmann,Liebe,NN,liebe,12864,,
gdc,kscv.0,32951,33262,Hauptmann,hauptmann,gefühlt,VVPP,fühlen,12864,,
gdc,kscv.0,32951,33262,Hauptmann,hauptmann,",","$,",--,12864,,
gdc,kscv.0,32951,33262,Hauptmann,hauptmann,Woyzeck,NN,woyzeck,12864,woyzeck,(1)
gdc,kscv.0,32951,33262,Hauptmann,hauptmann,.,$.,--,12864,,
gdc,kscv.0,32951,33262,Hauptmann,hauptmann,Kerl,XY,kerl,12864,,
gdc,kscv.0,32951,33262,Hauptmann,hauptmann,Er,PPER,er,12864,,
gdc,kscv.0,32951,33262,Hauptmann,hauptmann,ist,VAFIN,sein,12864,,
gdc,kscv.0,32951,33262,Hauptmann,hauptmann,ja,ADV,ja,12864,,
gdc,kscv.0,32951,33262,Hauptmann,hauptmann,kreideweiß,ADJD,kreideweiß,12864,,
gdc,kscv.0,32951,33262,Hauptmann,hauptmann,.,$.,--,12864,,
gdc,kscv.0,33267,33391,Woyzeck,woyzeck,Herr,NN,herr,12864,herr,(18)
gdc,kscv.0,33267,33391,Woyzeck,woyzeck,",","$,",--,12864,,
gdc,kscv.0,33267,33391,Woyzeck,woyzeck,Hauptmann,NN,hauptmann,12864,hauptmann,(24)
gdc,kscv.0,33267,33391,Woyzeck,woyzeck,",","$,",--,12864,,
gdc,kscv.0,33267,33391,Woyzeck,woyzeck,ich,PPER,ich,12864,woyzeck,(1)
gdc,kscv.0,33267,33391,Woyzeck,woyzeck,bin,VAFIN,sein,12864,,
gdc,kscv.0,33267,33391,Woyzeck,woyzeck,ein,ART,ein,12864,,
gdc,kscv.0,33267,33391,Woyzeck,woyzeck,arm,ADJA,arm,12864,,
gdc,kscv.0,33267,33391,Woyzeck,woyzeck,Teufel,NN,teufel,12864,,
gdc,kscv.0,33267,33391,Woyzeck,woyzeck,",","$,",--,12864,,
gdc,kscv.0,33267,33391,Woyzeck,woyzeck,–,NN,–,12864,,
gdc,kscv.0,33267,33391,Woyzeck,woyzeck,und,KON,und,12864,,
gdc,kscv.0,33267,33391,Woyzeck,woyzeck,hab,VVFIN,hab,12864,,
gdc,kscv.0,33267,33391,Woyzeck,woyzeck,sonst,ADV,sonst,12864,,
gdc,kscv.0,33267,33391,Woyzeck,woyzeck,nichts,PIS,nichts,12864,,
gdc,kscv.0,33267,33391,Woyzeck,woyzeck,auf,APPR,auf,12864,,
gdc,kscv.0,33267,33391,Woyzeck,woyzeck,der,ART,der,12864,,
gdc,kscv.0,33267,33391,Woyzeck,woyzeck,Welt,NN,welt,12864,,
gdc,kscv.0,33267,33391,Woyzeck,woyzeck,Herr,NN,herr,12864,herr,(18)
gdc,kscv.0,33267,33391,Woyzeck,woyzeck,Hauptmann,NN,hauptmann,12864,hauptmann,(24)
gdc,kscv.0,33267,33391,Woyzeck,woyzeck,",","$,",--,12864,,
gdc,kscv.0,33267,33391,Woyzeck,woyzeck,wenn,KOUS,wenn,12864,,
gdc,kscv.0,33267,33391,Woyzeck,woyzeck,Sie,PPER,sie,12864,,
gdc,kscv.0,33267,33391,Woyzeck,woyzeck,Spaß,NN,spaß,12864,,
gdc,kscv.0,33267,33391,Woyzeck,woyzeck,machen,VVINF,machen,12864,,
gdc,kscv.0,33267,33391,Woyzeck,woyzeck,–,$.,–,12864,,
gdc,kscv.0,33396,33437,Hauptmann,hauptmann,Spaß,VVFIN,spaß,12864,,
gdc,kscv.0,33396,33437,Hauptmann,hauptmann,ich,PPER,ich,12864,hauptmann,(24)
gdc,kscv.0,33396,33437,Hauptmann,hauptmann,",","$,",--,12864,,
gdc,kscv.0,33396,33437,Hauptmann,hauptmann,daß,KOUS,daß,12864,,
gdc,kscv.0,33396,33437,Hauptmann,hauptmann,dich,PPER,dich,12864,,
gdc,kscv.0,33396,33437,Hauptmann,hauptmann,Spaß,NN,spaß,12864,,
gdc,kscv.0,33396,33437,Hauptmann,hauptmann,",","$,",--,12864,,
gdc,kscv.0,33396,33437,Hauptmann,hauptmann,Kerl,NE,kerl,12864,,
gdc,kscv.0,33396,33437,Hauptmann,hauptmann,"!",$.,--,12864,,
gdc,kscv.0,33443,33514,Doctor,doctor,Den,ART,der,12864,,
gdc,kscv.0,33443,33514,Doctor,doctor,Puls,NN,pul,12864,,
gdc,kscv.0,33443,33514,Doctor,doctor,Woyzeck,NE,woyzeck,12864,woyzeck,(1)
gdc,kscv.0,33443,33514,Doctor,doctor,",","$,",--,12864,,
gdc,kscv.0,33443,33514,Doctor,doctor,den,ART,der,12864,,
gdc,kscv.0,33443,33514,Doctor,doctor,Puls,NN,puls,12864,,
gdc,kscv.0,33443,33514,Doctor,doctor,",","$,",--,12864,,
gdc,kscv.0,33443,33514,Doctor,doctor,klein,ADJD,klein,12864,,
gdc,kscv.0,33443,33514,Doctor,doctor,",","$,",--,12864,,
gdc,kscv.0,33443,33514,Doctor,doctor,hart,ADJD,hart,12864,,
gdc,kscv.0,33443,33514,Doctor,doctor,",","$,",--,12864,,
gdc,kscv.0,33443,33514,Doctor,doctor,hüpfend,ADJD,hüpfend,12864,,
gdc,kscv.0,33443,33514,Doctor,doctor,",","$,",--,12864,,
gdc,kscv.0,33443,33514,Doctor,doctor,unregelmäßig,ADJD,unregelmäßig,12864,,
gdc,kscv.0,33443,33514,Doctor,doctor,.,$.,--,12864,,
gdc,kscv.0,33519,33666,Woyzeck,woyzeck,Herr,NN,herr,12864,herr,(18)
gdc,kscv.0,33519,33666,Woyzeck,woyzeck,Hauptmann,NE,hauptmann,12864,hauptmann,(24)
gdc,kscv.0,33519,33666,Woyzeck,woyzeck,",","$,",--,12864,,
gdc,kscv.0,33519,33666,Woyzeck,woyzeck,die,ART,der,12864,,
gdc,kscv.0,33519,33666,Woyzeck,woyzeck,Erd,NN,erd,12864,,
gdc,kscv.0,33519,33666,Woyzeck,woyzeck,ist,VAFIN,sein,12864,,
gdc,kscv.0,33519,33666,Woyzeck,woyzeck,höllenheiß,ADJD,höllenheiß,12864,,
gdc,kscv.0,33519,33666,Woyzeck,woyzeck,",","$,",--,12864,,
gdc,kscv.0,33519,33666,Woyzeck,woyzeck,mir,PPER,sich,12864,woyzeck,(1)
gdc,kscv.0,33519,33666,Woyzeck,woyzeck,eiskalt,VVFIN,eiskalt,12864,,
gdc,kscv.0,33519,33666,Woyzeck,woyzeck,"!",$.,--,12864,,
gdc,kscv.0,33519,33666,Woyzeck,woyzeck,eiskalt,ADJD,eiskalt,12864,,
gdc,kscv.0,33519,33666,Woyzeck,woyzeck,",","$,",--,12864,,
gdc,kscv.0,33519,33666,Woyzeck,woyzeck,die,ART,der,12864,,
gdc,kscv.0,33519,33666,Woyzeck,woyzeck,Hölle,NN,hölle,12864,,
gdc,kscv.0,33519,33666,Woyzeck,woyzeck,ist,VAFIN,sein,12864,,
gdc,kscv.0,33519,33666,Woyzeck,woyzeck,kalt,ADJD,kalt,12864,,
gdc,kscv.0,33519,33666,Woyzeck,woyzeck,",","$,",--,12864,,
gdc,kscv.0,33519,33666,Woyzeck,woyzeck,wollen,VMFIN,wollen,12864,,
gdc,kscv.0,33519,33666,Woyzeck,woyzeck,wir,PPER,wir,12864,,
gdc,kscv.0,33519,33666,Woyzeck,woyzeck,wetten,VVINF,wetten,12864,,
gdc,kscv.0,33519,33666,Woyzeck,woyzeck,.,$.,--,12864,,
gdc,kscv.0,33519,33666,Woyzeck,woyzeck,Unmöglich,ADJD,unmöglich,12864,,
gdc,kscv.0,33519,33666,Woyzeck,woyzeck,",","$,",--,12864,,
gdc,kscv.0,33519,33666,Woyzeck,woyzeck,Mensch,NN,mensch,12864,,
gdc,kscv.0,33519,33666,Woyzeck,woyzeck,"!",$.,--,12864,,
gdc,kscv.0,33519,33666,Woyzeck,woyzeck,Mensch,NN,mensch,12864,,
gdc,kscv.0,33519,33666,Woyzeck,woyzeck,"!",$.,--,12864,,
gdc,kscv.0,33519,33666,Woyzeck,woyzeck,unmöglich,ADJD,unmöglich,12864,,
gdc,kscv.0,33519,33666,Woyzeck,woyzeck,.,$.,--,12864,,
gdc,kscv.0,33671,33877,Hauptmann,hauptmann,Kerl,NE,kerl,12864,,
gdc,kscv.0,33671,33877,Hauptmann,hauptmann,",","$,",--,12864,,
gdc,kscv.0,33671,33877,Hauptmann,hauptmann,will,VMFIN,wollen,12864,,
gdc,kscv.0,33671,33877,Hauptmann,hauptmann,Er,PPER,er,12864,,
gdc,kscv.0,33671,33877,Hauptmann,hauptmann,erschossen,VVPP,erschießen,12864,,
gdc,kscv.0,33671,33877,Hauptmann,hauptmann,werden,VAINF,werden,12864,,
gdc,kscv.0,33671,33877,Hauptmann,hauptmann,",","$,",--,12864,,
gdc,kscv.0,33671,33877,Hauptmann,hauptmann,will,VMFIN,wollen,12864,,
gdc,kscv.0,33671,33877,Hauptmann,hauptmann,Er,PPER,er,12864,,
gdc,kscv.0,33671,33877,Hauptmann,hauptmann,ein,ART,ein,12864,,
gdc,kscv.0,33671,33877,Hauptmann,hauptmann,Paar,NN,paar,12864,,
gdc,kscv.0,33671,33877,Hauptmann,hauptmann,Kugeln,NN,kugel,12864,,
gdc,kscv.0,33671,33877,Hauptmann,hauptmann,vor,APPR,vor,12864,,
gdc,kscv.0,33671,33877,Hauptmann,hauptmann,den,ART,der,12864,,
gdc,kscv.0,33671,33877,Hauptmann,hauptmann,Kopf,NN,kopf,12864,,
gdc,kscv.0,33671,33877,Hauptmann,hauptmann,haben,VAFIN,haben,12864,,
gdc,kscv.0,33671,33877,Hauptmann,hauptmann,?,$.,--,12864,,
gdc,kscv.0,33671,33877,Hauptmann,hauptmann,Er,PPER,er,12864,,
gdc,kscv.0,33671,33877,Hauptmann,hauptmann,ersticht,VVFIN,erstechen,12864,,
gdc,kscv.0,33671,33877,Hauptmann,hauptmann,mich,PPER,mich,12864,hauptmann,(24)
gdc,kscv.0,33671,33877,Hauptmann,hauptmann,mit,APPR,mit,12864,,
gdc,kscv.0,33671,33877,Hauptmann,hauptmann,seinen,PPOSAT,sein,12864,,
gdc,kscv.0,33671,33877,Hauptmann,hauptmann,Augen,NN,auge,12864,,
gdc,kscv.0,33671,33877,Hauptmann,hauptmann,",","$,",--,12864,,
gdc,kscv.0,33671,33877,Hauptmann,hauptmann,und,KON,und,12864,,
gdc,kscv.0,33671,33877,Hauptmann,hauptmann,ich,PPER,ich,12864,hauptmann,(24)
gdc,kscv.0,33671,33877,Hauptmann,hauptmann,mein,PPOSAT,mein,12864,hauptmann,(24)
gdc,kscv.0,33671,33877,Hauptmann,hauptmann,',$(,--,12864,,
gdc,kscv.0,33671,33877,Hauptmann,hauptmann,s,PPER,--,12864,,
gdc,kscv.0,33671,33877,Hauptmann,hauptmann,gut,ADJD,gut,12864,,
gdc,kscv.0,33671,33877,Hauptmann,hauptmann,mit,APPR,mit,12864,,
gdc,kscv.0,33671,33877,Hauptmann,hauptmann,Ihm,PPER,ihm,12864,,
gdc,kscv.0,33671,33877,Hauptmann,hauptmann,",","$,",--,12864,,
gdc,kscv.0,33671,33877,Hauptmann,hauptmann,weil,KOUS,weil,12864,,
gdc,kscv.0,33671,33877,Hauptmann,hauptmann,Er,PPER,er,12864,,
gdc,kscv.0,33671,33877,Hauptmann,hauptmann,ein,ART,ein,12864,,
gdc,kscv.0,33671,33877,Hauptmann,hauptmann,guter,ADJA,gut,12864,,
gdc,kscv.0,33671,33877,Hauptmann,hauptmann,Mensch,NN,mensch,12864,,
gdc,kscv.0,33671,33877,Hauptmann,hauptmann,ist,VAFIN,sein,12864,,
gdc,kscv.0,33671,33877,Hauptmann,hauptmann,Woyzeck,NE,woyzeck,12864,woyzeck,(1)
gdc,kscv.0,33671,33877,Hauptmann,hauptmann,",","$,",--,12864,,
gdc,kscv.0,33671,33877,Hauptmann,hauptmann,ein,ART,ein,12864,,
gdc,kscv.0,33671,33877,Hauptmann,hauptmann,guter,ADJA,gut,12864,,
gdc,kscv.0,33671,33877,Hauptmann,hauptmann,Mensch,NN,mensch,12864,,
gdc,kscv.0,33671,33877,Hauptmann,hauptmann,.,$.,--,12864,,
gdc,kscv.0,33882,33972,Doctor,doctor,Gesichtsmuskeln,NN,gesichtsmuskel,12864,,
gdc,kscv.0,33882,33972,Doctor,doctor,starr,ADJD,starr,12864,,
gdc,kscv.0,33882,33972,Doctor,doctor,",","$,",--,12864,,
gdc,kscv.0,33882,33972,Doctor,doctor,gespannt,ADJD,gespannt,12864,,
gdc,kscv.0,33882,33972,Doctor,doctor,",","$,",--,12864,,
gdc,kscv.0,33882,33972,Doctor,doctor,zuweilen,ADV,zuweilen,12864,,
gdc,kscv.0,33882,33972,Doctor,doctor,hüpfend,ADJD,hüpfend,12864,,
gdc,kscv.0,33882,33972,Doctor,doctor,",","$,",--,12864,,
gdc,kscv.0,33882,33972,Doctor,doctor,Haltung,NN,haltung,12864,,
gdc,kscv.0,33882,33972,Doctor,doctor,aufgerichtet,VVPP,aufrichten,12864,,
gdc,kscv.0,33882,33972,Doctor,doctor,",","$,",--,12864,,
gdc,kscv.0,33882,33972,Doctor,doctor,gespannt,VVPP,gespannt,12864,,
gdc,kscv.0,33882,33972,Doctor,doctor,.,$.,--,12864,,
gdc,kscv.0,33977,34452,Woyzeck,woyzeck,Ich,PPER,ich,12864,woyzeck,(1)
gdc,kscv.0,33977,34452,Woyzeck,woyzeck,geh,XY,gehen,12864,,
gdc,kscv.0,33977,34452,Woyzeck,woyzeck,"!",$.,--,12864,,
gdc,kscv.0,33977,34452,Woyzeck,woyzeck,Es,PPER,es,12864,,
gdc,kscv.0,33977,34452,Woyzeck,woyzeck,ist,VAFIN,sein,12864,,
gdc,kscv.0,33977,34452,Woyzeck,woyzeck,viel,ADV,viel,12864,,
gdc,kscv.0,33977,34452,Woyzeck,woyzeck,möglich,ADJD,möglich,12864,,
gdc,kscv.0,33977,34452,Woyzeck,woyzeck,.,$.,--,12864,,
gdc,kscv.0,33977,34452,Woyzeck,woyzeck,Der,ART,der,12864,,
gdc,kscv.0,33977,34452,Woyzeck,woyzeck,Mensch,NN,mensch,12864,,
gdc,kscv.0,33977,34452,Woyzeck,woyzeck,"!",$.,--,12864,,
gdc,kscv.0,33977,34452,Woyzeck,woyzeck,es,PPER,es,12864,,
gdc,kscv.0,33977,34452,Woyzeck,woyzeck,ist,VAFIN,sein,12864,,
gdc,kscv.0,33977,34452,Woyzeck,woyzeck,viel,ADV,viel,12864,,
gdc,kscv.0,33977,34452,Woyzeck,woyzeck,möglich,ADJD,möglich,12864,,
gdc,kscv.0,33977,34452,Woyzeck,woyzeck,.,$.,--,12864,,
gdc,kscv.0,33977,34452,Woyzeck,woyzeck,Wir,PPER,wir,12864,,
gdc,kscv.0,33977,34452,Woyzeck,woyzeck,habe,VAFIN,haben,12864,,
gdc,kscv.0,33977,34452,Woyzeck,woyzeck,schön,ADJD,schön,12864,,
gdc,kscv.0,33977,34452,Woyzeck,woyzeck,Wetter,NN,wetter,12864,,
gdc,kscv.0,33977,34452,Woyzeck,woyzeck,Herr,NN,herr,12864,herr,(18)
gdc,kscv.0,33977,34452,Woyzeck,woyzeck,Hauptmann,NN,hauptmann,12864,hauptmann,(24)
gdc,kscv.0,33977,34452,Woyzeck,woyzeck,.,$.,--,12864,,
gdc,kscv.0,33977,34452,Woyzeck,woyzeck,Sehn,VVFIN,sehn,12864,,
gdc,kscv.0,33977,34452,Woyzeck,woyzeck,Sie,PPER,sie,12864,,
gdc,kscv.0,33977,34452,Woyzeck,woyzeck,so,ADV,so,12864,,
gdc,kscv.0,33977,34452,Woyzeck,woyzeck,ein,ART,ein,12864,,
gdc,kscv.0,33977,34452,Woyzeck,woyzeck,schön,ADJD,schön,12864,,
gdc,kscv.0,33977,34452,Woyzeck,woyzeck,",","$,",--,12864,,
gdc,kscv.0,33977,34452,Woyzeck,woyzeck,festen,ADJD,fest,12864,,
gdc,kscv.0,33977,34452,Woyzeck,woyzeck,groben,ADJA,grob,12864,,
gdc,kscv.0,33977,34452,Woyzeck,woyzeck,Himmel,NN,himmel,12864,,
gdc,kscv.0,33977,34452,Woyzeck,woyzeck,",","$,",--,12864,,
gdc,kscv.0,33977,34452,Woyzeck,woyzeck,man,PIS,man,12864,,
gdc,kscv.0,33977,34452,Woyzeck,woyzeck,könnte,VMFIN,können,12864,,
gdc,kscv.0,33977,34452,Woyzeck,woyzeck,Lust,NN,lust,12864,,
gdc,kscv.0,33977,34452,Woyzeck,woyzeck,bekomm,VVINF,bekomm,12864,,
gdc,kscv.0,33977,34452,Woyzeck,woyzeck,",","$,",--,12864,,
gdc,kscv.0,33977,34452,Woyzeck,woyzeck,ein,ART,ein,12864,,
gdc,kscv.0,33977,34452,Woyzeck,woyzeck,Kloben,NN,kloben,12864,,
gdc,kscv.0,33977,34452,Woyzeck,woyzeck,hineinzuschlagen,VVPP,hineinschlagen,12864,,
gdc,kscv.0,33977,34452,Woyzeck,woyzeck,und,KON,und,12864,,
gdc,kscv.0,33977,34452,Woyzeck,woyzeck,sich,PRF,sich,12864,,
gdc,kscv.0,33977,34452,Woyzeck,woyzeck,daran,PROAV,daran,12864,,
gdc,kscv.0,33977,34452,Woyzeck,woyzeck,zu,PTKA,zu,12864,,
gdc,kscv.0,33977,34452,Woyzeck,woyzeck,hänge,ADJD,hängen,12864,,
gdc,kscv.0,33977,34452,Woyzeck,woyzeck,",","$,",--,12864,,
gdc,kscv.0,33977,34452,Woyzeck,woyzeck,nur,ADV,nur,12864,,
gdc,kscv.0,33977,34452,Woyzeck,woyzeck,wege,NN,wegen,12864,,
gdc,kscv.0,33977,34452,Woyzeck,woyzeck,des,ART,der,12864,,
gdc,kscv.0,33977,34452,Woyzeck,woyzeck,Gedankenstrichels,NN,gedankenstrichel,12864,,
gdc,kscv.0,33977,34452,Woyzeck,woyzeck,zwischen,APPR,zwischen,12864,,
gdc,kscv.0,33977,34452,Woyzeck,woyzeck,Ja,PTKANT,ja,12864,,
gdc,kscv.0,33977,34452,Woyzeck,woyzeck,",","$,",--,12864,,
gdc,kscv.0,33977,34452,Woyzeck,woyzeck,und,KON,und,12864,,
gdc,kscv.0,33977,34452,Woyzeck,woyzeck,wieder,ADV,wieder,12864,,
gdc,kscv.0,33977,34452,Woyzeck,woyzeck,ja,ADV,ja,12864,,
gdc,kscv.0,33977,34452,Woyzeck,woyzeck,–,$(,–,12864,,
gdc,kscv.0,33977,34452,Woyzeck,woyzeck,und,KON,und,12864,,
gdc,kscv.0,33977,34452,Woyzeck,woyzeck,nein,PTKANT,nein,12864,,
gdc,kscv.0,33977,34452,Woyzeck,woyzeck,",","$,",--,12864,,
gdc,kscv.0,33977,34452,Woyzeck,woyzeck,Herr,NN,herr,12864,herr,(18)
gdc,kscv.0,33977,34452,Woyzeck,woyzeck,",","$,",--,12864,,
gdc,kscv.0,33977,34452,Woyzeck,woyzeck,Herr,NN,herr,12864,herr,(18)
gdc,kscv.0,33977,34452,Woyzeck,woyzeck,Hauptmann,NN,hauptmann,12864,hauptmann,(24)
gdc,kscv.0,33977,34452,Woyzeck,woyzeck,ja,PTKANT,ja,12864,,
gdc,kscv.0,33977,34452,Woyzeck,woyzeck,und,KON,und,12864,,
gdc,kscv.0,33977,34452,Woyzeck,woyzeck,nein,PTKANT,nein,12864,,
gdc,kscv.0,33977,34452,Woyzeck,woyzeck,?,$.,--,12864,,
gdc,kscv.0,33977,34452,Woyzeck,woyzeck,Ist,VAFIN,sein,12864,,
gdc,kscv.0,33977,34452,Woyzeck,woyzeck,das,ART,der,12864,,
gdc,kscv.0,33977,34452,Woyzeck,woyzeck,Nein,NN,nein,12864,,
gdc,kscv.0,33977,34452,Woyzeck,woyzeck,am,APPRART,an,12864,,
gdc,kscv.0,33977,34452,Woyzeck,woyzeck,Ja,NN,ja,12864,,
gdc,kscv.0,33977,34452,Woyzeck,woyzeck,oder,KON,oder,12864,,
gdc,kscv.0,33977,34452,Woyzeck,woyzeck,das,ART,der,12864,,
gdc,kscv.0,33977,34452,Woyzeck,woyzeck,Ja,NN,ja,12864,,
gdc,kscv.0,33977,34452,Woyzeck,woyzeck,am,APPRART,an,12864,,
gdc,kscv.0,33977,34452,Woyzeck,woyzeck,Nein,NN,nein,12864,,
gdc,kscv.0,33977,34452,Woyzeck,woyzeck,Schuld,NN,schuld,12864,,
gdc,kscv.0,33977,34452,Woyzeck,woyzeck,?,$.,--,12864,,
gdc,kscv.0,33977,34452,Woyzeck,woyzeck,Ich,PPER,ich,12864,woyzeck,(1)
gdc,kscv.0,33977,34452,Woyzeck,woyzeck,will,VMFIN,wollen,12864,,
gdc,kscv.0,33977,34452,Woyzeck,woyzeck,drüber,PROAV,drüber,12864,,
gdc,kscv.0,33977,34452,Woyzeck,woyzeck,nachdenke,NN,nachdenken,12864,,
gdc,kscv.0,33977,34452,Woyzeck,woyzeck,.,$.,--,12864,,
gdc,kscv.0,34457,34508,Doctor,doctor,Phänomen,NN,phänomen,12864,,
gdc,kscv.0,34457,34508,Doctor,doctor,",","$,",--,12864,,
gdc,kscv.0,34457,34508,Doctor,doctor,Woyzeck,NN,woyzeck,12864,woyzeck,(1)
gdc,kscv.0,34457,34508,Doctor,doctor,",","$,",--,12864,,
gdc,kscv.0,34457,34508,Doctor,doctor,Zulage,NN,zulage,12864,,
gdc,kscv.0,34457,34508,Doctor,doctor,.,$.,--,12864,,
gdc,kscv.0,34513,35080,Hauptmann,hauptmann,Mir,PPER,sich,12864,hauptmann,(24)
gdc,kscv.0,34513,35080,Hauptmann,hauptmann,wird,VAFIN,werden,12864,,
gdc,kscv.0,34513,35080,Hauptmann,hauptmann,ganz,ADV,ganz,12864,,
gdc,kscv.0,34513,35080,Hauptmann,hauptmann,schwindlich,ADJD,schwindlich,12864,,
gdc,kscv.0,34513,35080,Hauptmann,hauptmann,vor,APPR,vor,12864,,
gdc,kscv.0,34513,35080,Hauptmann,hauptmann,den,ART,der,12864,,
gdc,kscv.0,34513,35080,Hauptmann,hauptmann,Menschen,NN,mensch,12864,,
gdc,kscv.0,34513,35080,Hauptmann,hauptmann,",","$,",--,12864,,
gdc,kscv.0,34513,35080,Hauptmann,hauptmann,wie,PWAV,wie,12864,,
gdc,kscv.0,34513,35080,Hauptmann,hauptmann,schnell,ADJD,schnell,12864,,
gdc,kscv.0,34513,35080,Hauptmann,hauptmann,",","$,",--,12864,,
gdc,kscv.0,34513,35080,Hauptmann,hauptmann,der,ART,der,12864,,
gdc,kscv.0,34513,35080,Hauptmann,hauptmann,lange,ADJA,lange,12864,,
gdc,kscv.0,34513,35080,Hauptmann,hauptmann,Schlingel,NN,schlingel,12864,,
gdc,kscv.0,34513,35080,Hauptmann,hauptmann,greift,VVFIN,greifen,12864,,
gdc,kscv.0,34513,35080,Hauptmann,hauptmann,aus,PTKVZ,aus,12864,,
gdc,kscv.0,34513,35080,Hauptmann,hauptmann,",","$,",--,12864,,
gdc,kscv.0,34513,35080,Hauptmann,hauptmann,es,PPER,es,12864,,
gdc,kscv.0,34513,35080,Hauptmann,hauptmann,läuft,VVFIN,laufen,12864,,
gdc,kscv.0,34513,35080,Hauptmann,hauptmann,der,ART,der,12864,,
gdc,kscv.0,34513,35080,Hauptmann,hauptmann,Schatten,NN,schatten,12864,,
gdc,kscv.0,34513,35080,Hauptmann,hauptmann,von,APPR,von,12864,,
gdc,kscv.0,34513,35080,Hauptmann,hauptmann,einem,ART,ein,12864,,
gdc,kscv.0,34513,35080,Hauptmann,hauptmann,Spinnbein,NN,spinnbein,12864,,
gdc,kscv.0,34513,35080,Hauptmann,hauptmann,",","$,",--,12864,,
gdc,kscv.0,34513,35080,Hauptmann,hauptmann,und,KON,und,12864,,
gdc,kscv.0,34513,35080,Hauptmann,hauptmann,der,ART,der,12864,,
gdc,kscv.0,34513,35080,Hauptmann,hauptmann,Kurze,NN,kurze,12864,,
gdc,kscv.0,34513,35080,Hauptmann,hauptmann,",","$,",--,12864,,
gdc,kscv.0,34513,35080,Hauptmann,hauptmann,–,NN,–,12864,,
gdc,kscv.0,34513,35080,Hauptmann,hauptmann,das,PDS,der,12864,,
gdc,kscv.0,34513,35080,Hauptmann,hauptmann,zuckelt,VVFIN,zuckelt,12864,,
gdc,kscv.0,34513,35080,Hauptmann,hauptmann,.,$.,--,12864,,
gdc,kscv.0,34513,35080,Hauptmann,hauptmann,Der,ART,der,12864,,
gdc,kscv.0,34513,35080,Hauptmann,hauptmann,Lange,NN,lange,12864,,
gdc,kscv.0,34513,35080,Hauptmann,hauptmann,ist,VAFIN,sein,12864,,
gdc,kscv.0,34513,35080,Hauptmann,hauptmann,der,ART,der,12864,,
gdc,kscv.0,34513,35080,Hauptmann,hauptmann,Blitz,NN,blitz,12864,,
gdc,kscv.0,34513,35080,Hauptmann,hauptmann,und,KON,und,12864,,
gdc,kscv.0,34513,35080,Hauptmann,hauptmann,der,ART,der,12864,,
gdc,kscv.0,34513,35080,Hauptmann,hauptmann,Kleine,NN,kleine,12864,,
gdc,kscv.0,34513,35080,Hauptmann,hauptmann,der,ART,der,12864,,
gdc,kscv.0,34513,35080,Hauptmann,hauptmann,Donner,NN,donner,12864,,
gdc,kscv.0,34513,35080,Hauptmann,hauptmann,.,$.,--,12864,,
gdc,kscv.0,34513,35080,Hauptmann,hauptmann,Haha,NE,haha,12864,,
gdc,kscv.0,34513,35080,Hauptmann,hauptmann,",","$,",--,12864,,
gdc,kscv.0,34513,35080,Hauptmann,hauptmann,hinterdrein,ADV,hinterdrein,12864,,
gdc,kscv.0,34513,35080,Hauptmann,hauptmann,.,$.,--,12864,,
gdc,kscv.0,34513,35080,Hauptmann,hauptmann,Das,PDS,der,12864,,
gdc,kscv.0,34513,35080,Hauptmann,hauptmann,hab,VVFIN,hab,12864,,
gdc,kscv.0,34513,35080,Hauptmann,hauptmann,',$(,--,12864,,
gdc,kscv.0,34513,35080,Hauptmann,hauptmann,ich,PPER,ich,12864,hauptmann,(24)
gdc,kscv.0,34513,35080,Hauptmann,hauptmann,nicht,PTKNEG,nicht,12864,,
gdc,kscv.0,34513,35080,Hauptmann,hauptmann,gern,ADV,gern,12864,,
gdc,kscv.0,34513,35080,Hauptmann,hauptmann,"!",$.,--,12864,,
gdc,kscv.0,34513,35080,Hauptmann,hauptmann,ein,ART,ein,12864,,
gdc,kscv.0,34513,35080,Hauptmann,hauptmann,guter,ADJA,gut,12864,,
gdc,kscv.0,34513,35080,Hauptmann,hauptmann,Mensch,NN,mensch,12864,,
gdc,kscv.0,34513,35080,Hauptmann,hauptmann,ist,VAFIN,sein,12864,,
gdc,kscv.0,34513,35080,Hauptmann,hauptmann,[,$.,[,12864,,
gdc,kscv.0,34513,35080,Hauptmann,hauptmann,?,$.,--,12864,,
gdc,kscv.0,34513,35080,Hauptmann,hauptmann,?,$.,--,12864,,
gdc,kscv.0,34513,35080,Hauptmann,hauptmann,],$(,],12864,,
gdc,kscv.0,34513,35080,Hauptmann,hauptmann,und,KON,und,12864,,
gdc,kscv.0,34513,35080,Hauptmann,hauptmann,hat,VAFIN,haben,12864,,
gdc,kscv.0,34513,35080,Hauptmann,hauptmann,sein,PPOSAT,sein,12864,,
gdc,kscv.0,34513,35080,Hauptmann,hauptmann,Leben,NN,leben,12864,,
gdc,kscv.0,34513,35080,Hauptmann,hauptmann,lieb,VVFIN,leiben,12864,,
gdc,kscv.0,34513,35080,Hauptmann,hauptmann,",","$,",--,12864,,
gdc,kscv.0,34513,35080,Hauptmann,hauptmann,ein,ART,ein,12864,,
gdc,kscv.0,34513,35080,Hauptmann,hauptmann,guter,ADJA,gut,12864,,
gdc,kscv.0,34513,35080,Hauptmann,hauptmann,Mensch,NN,mensch,12864,,
gdc,kscv.0,34513,35080,Hauptmann,hauptmann,hat,VAFIN,haben,12864,,
gdc,kscv.0,34513,35080,Hauptmann,hauptmann,keine,PIAT,kein,12864,,
gdc,kscv.0,34513,35080,Hauptmann,hauptmann,courage,NN,couragen,12864,,
gdc,kscv.0,34513,35080,Hauptmann,hauptmann,nicht,PTKNEG,nicht,12864,,
gdc,kscv.0,34513,35080,Hauptmann,hauptmann,"!",$.,--,12864,,
gdc,kscv.0,34513,35080,Hauptmann,hauptmann,ein,ART,ein,12864,,
gdc,kscv.0,34513,35080,Hauptmann,hauptmann,Hundsfott,NN,hundsfott,12864,,
gdc,kscv.0,34513,35080,Hauptmann,hauptmann,hat,VAFIN,haben,12864,,
gdc,kscv.0,34513,35080,Hauptmann,hauptmann,courage,NN,couragen,12864,,
gdc,kscv.0,34513,35080,Hauptmann,hauptmann,"!",$.,--,12864,,
gdc,kscv.0,34513,35080,Hauptmann,hauptmann,Ich,PPER,ich,12864,hauptmann,(24)
gdc,kscv.0,34513,35080,Hauptmann,hauptmann,bin,VAFIN,sein,12864,,
gdc,kscv.0,34513,35080,Hauptmann,hauptmann,blos,ADJD,blos,12864,,
gdc,kscv.0,34513,35080,Hauptmann,hauptmann,in,APPR,in,12864,,
gdc,kscv.0,34513,35080,Hauptmann,hauptmann,Krieg,NN,krieg,12864,,
gdc,kscv.0,34513,35080,Hauptmann,hauptmann,gegangen,VVPP,gehen,12864,,
gdc,kscv.0,34513,35080,Hauptmann,hauptmann,um,APPR,um,12864,,
gdc,kscv.0,34513,35080,Hauptmann,hauptmann,mich,PPER,mich,12864,hauptmann,(24)
gdc,kscv.0,34513,35080,Hauptmann,hauptmann,in,APPR,in,12864,,
gdc,kscv.0,34513,35080,Hauptmann,hauptmann,meiner,PPOSAT,mein,12864,hauptmann,(24)
gdc,kscv.0,34513,35080,Hauptmann,hauptmann,Liebe,NN,liebe,12864,,
gdc,kscv.0,34513,35080,Hauptmann,hauptmann,zum,APPRART,zu,12864,,
gdc,kscv.0,34513,35080,Hauptmann,hauptmann,Leben,NN,leben,12864,,
gdc,kscv.0,34513,35080,Hauptmann,hauptmann,zu,PTKZU,zu,12864,,
gdc,kscv.0,34513,35080,Hauptmann,hauptmann,befestigen,VVINF,befestigen,12864,,
gdc,kscv.0,34513,35080,Hauptmann,hauptmann,.,$.,--,12864,,
gdc,kscv.0,34513,35080,Hauptmann,hauptmann,Von,APPR,von,12864,,
gdc,kscv.0,34513,35080,Hauptmann,hauptmann,d,NE,D,12864,,
gdc,kscv.0,34513,35080,Hauptmann,hauptmann,.,$.,--,12864,,
gdc,kscv.0,34513,35080,Hauptmann,hauptmann,[,XY,[,12864,,
gdc,kscv.0,34513,35080,Hauptmann,hauptmann,?,$.,--,12864,,
gdc,kscv.0,34513,35080,Hauptmann,hauptmann,?,$.,--,12864,,
gdc,kscv.0,34513,35080,Hauptmann,hauptmann,],$(,],12864,,
gdc,kscv.0,34513,35080,Hauptmann,hauptmann,zu,APPR,zu,12864,,
gdc,kscv.0,34513,35080,Hauptmann,hauptmann,Fuß,NN,fuß,12864,,
gdc,kscv.0,34513,35080,Hauptmann,hauptmann,",","$,",--,12864,,
gdc,kscv.0,34513,35080,Hauptmann,hauptmann,von,APPR,von,12864,,
gdc,kscv.0,34513,35080,Hauptmann,hauptmann,da,ADV,da,12864,,
gdc,kscv.0,34513,35080,Hauptmann,hauptmann,zum,APPRART,zu,12864,,
gdc,kscv.0,34513,35080,Hauptmann,hauptmann,[,NN,[,12864,,
gdc,kscv.0,34513,35080,Hauptmann,hauptmann,?,$.,--,12864,,
gdc,kscv.0,34513,35080,Hauptmann,hauptmann,?,$.,--,12864,,
gdc,kscv.0,34513,35080,Hauptmann,hauptmann,],XY,],12864,,
gdc,kscv.0,34513,35080,Hauptmann,hauptmann,",","$,",--,12864,,
gdc,kscv.0,34513,35080,Hauptmann,hauptmann,von,APPR,von,12864,,
gdc,kscv.0,34513,35080,Hauptmann,hauptmann,da,ADV,da,12864,,
gdc,kscv.0,34513,35080,Hauptmann,hauptmann,zur,APPRART,zu,12864,,
gdc,kscv.0,34513,35080,Hauptmann,hauptmann,courage,NN,couragen,12864,,
gdc,kscv.0,34513,35080,Hauptmann,hauptmann,",","$,",--,12864,,
gdc,kscv.0,34513,35080,Hauptmann,hauptmann,wie,PWAV,wie,12864,,
gdc,kscv.0,34513,35080,Hauptmann,hauptmann,man,PIS,man,12864,,
gdc,kscv.0,34513,35080,Hauptmann,hauptmann,zu,APPR,zu,12864,,
gdc,kscv.0,34513,35080,Hauptmann,hauptmann,so,ADV,so,12864,,
gdc,kscv.0,34513,35080,Hauptmann,hauptmann,Was,PWS,was,12864,,
gdc,kscv.0,34513,35080,Hauptmann,hauptmann,kommt,VVFIN,kommen,12864,,
gdc,kscv.0,34513,35080,Hauptmann,hauptmann,.,$.,--,12864,,
gdc,kscv.0,34513,35080,Hauptmann,hauptmann,Grotesk,NE,grotesk,12864,,
gdc,kscv.0,34513,35080,Hauptmann,hauptmann,"!",$.,--,12864,,
gdc,kscv.0,34513,35080,Hauptmann,hauptmann,grotesk,ADJD,grotesk,12864,,
gdc,kscv.0,34513,35080,Hauptmann,hauptmann,"!",$.,--,12864,,
gdc,kscv.0,35126,35158,Marie,marie,Gute,ADJA,gut,12864,,
gdc,kscv.0,35126,35158,Marie,marie,Tag,NN,tag,12864,,
gdc,kscv.0,35126,35158,Marie,marie,Franz,NE,franz,12864,,
gdc,kscv.0,35126,35158,Marie,marie,.,$.,--,12864,,
gdc,kscv.0,35163,35307,Woyzeck,woyzeck,Ach,ITJ,ach,12864,,
gdc,kscv.0,35163,35307,Woyzeck,woyzeck,bist,VAFIN,sein,12864,,
gdc,kscv.0,35163,35307,Woyzeck,woyzeck,du,PPER,du,12864,,
gdc,kscv.0,35163,35307,Woyzeck,woyzeck,',$(,--,12864,,
gdc,kscv.0,35163,35307,Woyzeck,woyzeck,s,PPER,--,12864,,
gdc,kscv.0,35163,35307,Woyzeck,woyzeck,auch,ADV,auch,12864,,
gdc,kscv.0,35163,35307,Woyzeck,woyzeck,"!",$.,--,12864,,
gdc,kscv.0,35163,35307,Woyzeck,woyzeck,Ey,PTKA,ey,12864,,
gdc,kscv.0,35163,35307,Woyzeck,woyzeck,wahrhaftig,ADJD,wahrhaftig,12864,,
gdc,kscv.0,35163,35307,Woyzeck,woyzeck,"!",$.,--,12864,,
gdc,kscv.0,35163,35307,Woyzeck,woyzeck,nein,PTKANT,nein,12864,,
gdc,kscv.0,35163,35307,Woyzeck,woyzeck,man,PIS,man,12864,,
gdc,kscv.0,35163,35307,Woyzeck,woyzeck,sieht,VVFIN,sehen,12864,,
gdc,kscv.0,35163,35307,Woyzeck,woyzeck,nichts,PIS,nichts,12864,,
gdc,kscv.0,35163,35307,Woyzeck,woyzeck,",","$,",--,12864,,
gdc,kscv.0,35163,35307,Woyzeck,woyzeck,man,PIS,man,12864,,
gdc,kscv.0,35163,35307,Woyzeck,woyzeck,müßt,VMFIN,müssen,12864,,
gdc,kscv.0,35163,35307,Woyzeck,woyzeck,',$(,--,12864,,
gdc,kscv.0,35163,35307,Woyzeck,woyzeck,s,PPER,--,12864,,
gdc,kscv.0,35163,35307,Woyzeck,woyzeck,doch,ADV,doch,12864,,
gdc,kscv.0,35163,35307,Woyzeck,woyzeck,sehen,VVINF,sehen,12864,,
gdc,kscv.0,35163,35307,Woyzeck,woyzeck,"!",$.,--,12864,,
gdc,kscv.0,35163,35307,Woyzeck,woyzeck,Louisel,NE,louisel,12864,,
gdc,kscv.0,35163,35307,Woyzeck,woyzeck,[,NE,[,12864,,
gdc,kscv.0,35163,35307,Woyzeck,woyzeck,Marie,NE,marie,12864,marie,(2)
gdc,kscv.0,35163,35307,Woyzeck,woyzeck,],NE,],12864,,
gdc,kscv.0,35163,35307,Woyzeck,woyzeck,du,PPER,du,12864,,
gdc,kscv.0,35163,35307,Woyzeck,woyzeck,bist,VAFIN,sein,12864,,
gdc,kscv.0,35163,35307,Woyzeck,woyzeck,schön,ADJD,schön,12864,,
gdc,kscv.0,35163,35307,Woyzeck,woyzeck,"!",$.,--,12864,,
gdc,kscv.0,35312,35379,Marie,marie,Was,PWS,was,12864,,
gdc,kscv.0,35312,35379,Marie,marie,siehst,VVFIN,sehen,12864,,
gdc,kscv.0,35312,35379,Marie,marie,du,PPER,du,12864,,
gdc,kscv.0,35312,35379,Marie,marie,so,ADV,so,12864,,
gdc,kscv.0,35312,35379,Marie,marie,sonderbar,ADJD,sonderbar,12864,,
gdc,kscv.0,35312,35379,Marie,marie,Franz,NE,franz,12864,,
gdc,kscv.0,35312,35379,Marie,marie,",","$,",--,12864,,
gdc,kscv.0,35312,35379,Marie,marie,ich,PPER,ich,12864,marie,(2)
gdc,kscv.0,35312,35379,Marie,marie,fürcht,VVFIN,fürchen,12864,,
gdc,kscv.0,35312,35379,Marie,marie,mich,PPER,mich,12864,marie,(2)
gdc,kscv.0,35312,35379,Marie,marie,.,$.,--,12864,,
gdc,kscv.0,35385,35513,Woyzeck,woyzeck,Was,PWS,was,12864,,
gdc,kscv.0,35385,35513,Woyzeck,woyzeck,eine,ART,ein,12864,,
gdc,kscv.0,35385,35513,Woyzeck,woyzeck,schöne,ADJA,schön,12864,,
gdc,kscv.0,35385,35513,Woyzeck,woyzeck,Straße,NN,straße,12864,,
gdc,kscv.0,35385,35513,Woyzeck,woyzeck,",","$,",--,12864,,
gdc,kscv.0,35385,35513,Woyzeck,woyzeck,man,PIS,man,12864,,
gdc,kscv.0,35385,35513,Woyzeck,woyzeck,läuft,VVFIN,laufen,12864,,
gdc,kscv.0,35385,35513,Woyzeck,woyzeck,sich,PRF,sich,12864,,
gdc,kscv.0,35385,35513,Woyzeck,woyzeck,Leichdörn,NE,leichdörn,12864,,
gdc,kscv.0,35385,35513,Woyzeck,woyzeck,",","$,",--,12864,,
gdc,kscv.0,35385,35513,Woyzeck,woyzeck,es,PPER,es,12864,,
gdc,kscv.0,35385,35513,Woyzeck,woyzeck,ist,VAFIN,sein,12864,,
gdc,kscv.0,35385,35513,Woyzeck,woyzeck,gut,ADJD,gut,12864,,
gdc,kscv.0,35385,35513,Woyzeck,woyzeck,auf,APPR,auf,12864,,
gdc,kscv.0,35385,35513,Woyzeck,woyzeck,der,ART,der,12864,,
gdc,kscv.0,35385,35513,Woyzeck,woyzeck,Gasse,NN,gasse,12864,,
gdc,kscv.0,35385,35513,Woyzeck,woyzeck,stehn,VVFIN,stehn,12864,,
gdc,kscv.0,35385,35513,Woyzeck,woyzeck,",","$,",--,12864,,
gdc,kscv.0,35385,35513,Woyzeck,woyzeck,und,KON,und,12864,,
gdc,kscv.0,35385,35513,Woyzeck,woyzeck,in,APPR,in,12864,,
gdc,kscv.0,35385,35513,Woyzeck,woyzeck,Gesellschaft,NN,gesellschaft,12864,,
gdc,kscv.0,35385,35513,Woyzeck,woyzeck,auch,ADV,auch,12864,,
gdc,kscv.0,35385,35513,Woyzeck,woyzeck,gut,ADJD,gut,12864,,
gdc,kscv.0,35385,35513,Woyzeck,woyzeck,.,$.,--,12864,,
gdc,kscv.0,35518,35548,Marie,marie,Gesellschaft,NN,gesellschaft,12864,,
gdc,kscv.0,35518,35548,Marie,marie,?,$.,--,12864,,
gdc,kscv.0,35553,35756,Woyzeck,woyzeck,Es,PPER,es,12864,,
gdc,kscv.0,35553,35756,Woyzeck,woyzeck,gehn,VVFIN,gehn,12864,,
gdc,kscv.0,35553,35756,Woyzeck,woyzeck,viel,PIAT,viel,12864,,
gdc,kscv.0,35553,35756,Woyzeck,woyzeck,Leut,NN,leut,12864,,
gdc,kscv.0,35553,35756,Woyzeck,woyzeck,durch,APPR,durch,12864,,
gdc,kscv.0,35553,35756,Woyzeck,woyzeck,die,ART,der,12864,,
gdc,kscv.0,35553,35756,Woyzeck,woyzeck,Gass,NN,gass,12864,,
gdc,kscv.0,35553,35756,Woyzeck,woyzeck,",","$,",--,12864,,
gdc,kscv.0,35553,35756,Woyzeck,woyzeck,nicht,PTKNEG,nicht,12864,,
gdc,kscv.0,35553,35756,Woyzeck,woyzeck,wahr,PTKVZ,wahr,12864,,
gdc,kscv.0,35553,35756,Woyzeck,woyzeck,?,$.,--,12864,,
gdc,kscv.0,35553,35756,Woyzeck,woyzeck,und,KON,und,12864,,
gdc,kscv.0,35553,35756,Woyzeck,woyzeck,du,PPER,du,12864,,
gdc,kscv.0,35553,35756,Woyzeck,woyzeck,kannst,VMFIN,können,12864,,
gdc,kscv.0,35553,35756,Woyzeck,woyzeck,reden,VVINF,reden,12864,,
gdc,kscv.0,35553,35756,Woyzeck,woyzeck,mit,APPR,mit,12864,,
gdc,kscv.0,35553,35756,Woyzeck,woyzeck,wem,PWS,wem,12864,,
gdc,kscv.0,35553,35756,Woyzeck,woyzeck,du,PPER,du,12864,,
gdc,kscv.0,35553,35756,Woyzeck,woyzeck,willst,VVFIN,wollen,12864,,
gdc,kscv.0,35553,35756,Woyzeck,woyzeck,",","$,",--,12864,,
gdc,kscv.0,35553,35756,Woyzeck,woyzeck,was,PWS,was,12864,,
gdc,kscv.0,35553,35756,Woyzeck,woyzeck,geht,VVFIN,gehen,12864,,
gdc,kscv.0,35553,35756,Woyzeck,woyzeck,das,PDS,der,12864,,
gdc,kscv.0,35553,35756,Woyzeck,woyzeck,mich,PPER,mich,12864,woyzeck,(1)
gdc,kscv.0,35553,35756,Woyzeck,woyzeck,an,PTKVZ,an,12864,,
gdc,kscv.0,35553,35756,Woyzeck,woyzeck,"!",$.,--,12864,,
gdc,kscv.0,35553,35756,Woyzeck,woyzeck,Hat,VAFIN,haben,12864,,
gdc,kscv.0,35553,35756,Woyzeck,woyzeck,er,PPER,er,12864,,
gdc,kscv.0,35553,35756,Woyzeck,woyzeck,da,ADV,da,12864,,
gdc,kscv.0,35553,35756,Woyzeck,woyzeck,gestanden,VVPP,gestehen,12864,,
gdc,kscv.0,35553,35756,Woyzeck,woyzeck,?,$.,--,12864,,
gdc,kscv.0,35553,35756,Woyzeck,woyzeck,da,PTKVZ,da,12864,,
gdc,kscv.0,35553,35756,Woyzeck,woyzeck,?,$.,--,12864,,
gdc,kscv.0,35553,35756,Woyzeck,woyzeck,da,PTKVZ,da,12864,,
gdc,kscv.0,35553,35756,Woyzeck,woyzeck,?,$.,--,12864,,
gdc,kscv.0,35553,35756,Woyzeck,woyzeck,grad,ADJD,grad,12864,,
gdc,kscv.0,35553,35756,Woyzeck,woyzeck,so,ADV,so,12864,,
gdc,kscv.0,35553,35756,Woyzeck,woyzeck,bey,VVFIN,bey,12864,,
gdc,kscv.0,35553,35756,Woyzeck,woyzeck,dir,PPER,dir,12864,,
gdc,kscv.0,35553,35756,Woyzeck,woyzeck,?,$.,--,12864,,
gdc,kscv.0,35553,35756,Woyzeck,woyzeck,so,ADV,so,12864,,
gdc,kscv.0,35553,35756,Woyzeck,woyzeck,?,$.,--,12864,,
gdc,kscv.0,35553,35756,Woyzeck,woyzeck,Ich,PPER,ich,12864,woyzeck,(1)
gdc,kscv.0,35553,35756,Woyzeck,woyzeck,wollt,VMFIN,wollen,12864,,
gdc,kscv.0,35553,35756,Woyzeck,woyzeck,ich,PPER,ich,12864,woyzeck,(1)
gdc,kscv.0,35553,35756,Woyzeck,woyzeck,wär,VAFIN,sein,12864,,
gdc,kscv.0,35553,35756,Woyzeck,woyzeck,er,PPER,er,12864,,
gdc,kscv.0,35553,35756,Woyzeck,woyzeck,gewesen,VAPP,sein,12864,,
gdc,kscv.0,35553,35756,Woyzeck,woyzeck,.,$.,--,12864,,
gdc,kscv.0,35761,35886,Marie,marie,Ey,NE,ey,12864,,
gdc,kscv.0,35761,35886,Marie,marie,",","$,",--,12864,,
gdc,kscv.0,35761,35886,Marie,marie,er,PPER,er,12864,,
gdc,kscv.0,35761,35886,Marie,marie,?,$.,--,12864,,
gdc,kscv.0,35761,35886,Marie,marie,Ich,PPER,ich,12864,marie,(2)
gdc,kscv.0,35761,35886,Marie,marie,kann,VMFIN,können,12864,,
gdc,kscv.0,35761,35886,Marie,marie,die,ART,der,12864,,
gdc,kscv.0,35761,35886,Marie,marie,Leut,NN,leut,12864,,
gdc,kscv.0,35761,35886,Marie,marie,die,ART,der,12864,,
gdc,kscv.0,35761,35886,Marie,marie,Straße,NN,straße,12864,,
gdc,kscv.0,35761,35886,Marie,marie,nicht,PTKNEG,nicht,12864,,
gdc,kscv.0,35761,35886,Marie,marie,verbieten,VVINF,verbieten,12864,,
gdc,kscv.0,35761,35886,Marie,marie,und,KON,und,12864,,
gdc,kscv.0,35761,35886,Marie,marie,wehrn,VVINF,wehrn,12864,,
gdc,kscv.0,35761,35886,Marie,marie,",","$,",--,12864,,
gdc,kscv.0,35761,35886,Marie,marie,daß,KOUS,daß,12864,,
gdc,kscv.0,35761,35886,Marie,marie,sie,PPER,sie,12864,,
gdc,kscv.0,35761,35886,Marie,marie,ihr,PPOSAT,ihr,12864,,
gdc,kscv.0,35761,35886,Marie,marie,Maul,NN,maul,12864,,
gdc,kscv.0,35761,35886,Marie,marie,mitnehm,APPO,mitnehm,12864,,
gdc,kscv.0,35761,35886,Marie,marie,wenn,KOUS,wenn,12864,,
gdc,kscv.0,35761,35886,Marie,marie,sie,PPER,sie,12864,,
gdc,kscv.0,35761,35886,Marie,marie,durchgehn,VVFIN,durchgehn,12864,,
gdc,kscv.0,35761,35886,Marie,marie,.,$.,--,12864,,
gdc,kscv.0,35891,36015,Woyzeck,woyzeck,Und,KON,und,12864,,
gdc,kscv.0,35891,36015,Woyzeck,woyzeck,die,ART,der,12864,,
gdc,kscv.0,35891,36015,Woyzeck,woyzeck,Lippe,NN,lippe,12864,,
gdc,kscv.0,35891,36015,Woyzeck,woyzeck,nicht,PTKNEG,nicht,12864,,
gdc,kscv.0,35891,36015,Woyzeck,woyzeck,zu,APPR,zu,12864,,
gdc,kscv.0,35891,36015,Woyzeck,woyzeck,Haus,NN,haus,12864,,
gdc,kscv.0,35891,36015,Woyzeck,woyzeck,lasse,VVFIN,lassen,12864,,
gdc,kscv.0,35891,36015,Woyzeck,woyzeck,.,$.,--,12864,,
gdc,kscv.0,35891,36015,Woyzeck,woyzeck,Es,PPER,es,12864,,
gdc,kscv.0,35891,36015,Woyzeck,woyzeck,wär,VAFIN,sein,12864,,
gdc,kscv.0,35891,36015,Woyzeck,woyzeck,Schade,NN,schade,12864,,
gdc,kscv.0,35891,36015,Woyzeck,woyzeck,sie,PPER,sie,12864,,
gdc,kscv.0,35891,36015,Woyzeck,woyzeck,sind,VAFIN,sein,12864,,
gdc,kscv.0,35891,36015,Woyzeck,woyzeck,so,ADV,so,12864,,
gdc,kscv.0,35891,36015,Woyzeck,woyzeck,schön,ADJD,schön,12864,,
gdc,kscv.0,35891,36015,Woyzeck,woyzeck,"!",$.,--,12864,,
gdc,kscv.0,35891,36015,Woyzeck,woyzeck,Aber,KON,aber,12864,,
gdc,kscv.0,35891,36015,Woyzeck,woyzeck,die,ART,der,12864,,
gdc,kscv.0,35891,36015,Woyzeck,woyzeck,Wespen,NN,wespe,12864,,
gdc,kscv.0,35891,36015,Woyzeck,woyzeck,setzen,VVFIN,setzen,12864,,
gdc,kscv.0,35891,36015,Woyzeck,woyzeck,sich,PRF,sich,12864,,
gdc,kscv.0,35891,36015,Woyzeck,woyzeck,gern,ADV,gern,12864,,
gdc,kscv.0,35891,36015,Woyzeck,woyzeck,drauf,PTKVZ,drauf,12864,,
gdc,kscv.0,35891,36015,Woyzeck,woyzeck,.,$.,--,12864,,
gdc,kscv.0,36020,36133,Marie,marie,Und,KON,und,12864,,
gdc,kscv.0,36020,36133,Marie,marie,was,PWS,was,12864,,
gdc,kscv.0,36020,36133,Marie,marie,ne,ADJA,ne,12864,,
gdc,kscv.0,36020,36133,Marie,marie,Wesp,NN,wesp,12864,,
gdc,kscv.0,36020,36133,Marie,marie,hat,VAFIN,haben,12864,,
gdc,kscv.0,36020,36133,Marie,marie,dich,PPER,dich,12864,,
gdc,kscv.0,36020,36133,Marie,marie,gestoche,VVPP,gestoch,12864,,
gdc,kscv.0,36020,36133,Marie,marie,?,$.,--,12864,,
gdc,kscv.0,36020,36133,Marie,marie,du,PPER,du,12864,,
gdc,kscv.0,36020,36133,Marie,marie,siehst,VVFIN,sehen,12864,,
gdc,kscv.0,36020,36133,Marie,marie,so,ADV,so,12864,,
gdc,kscv.0,36020,36133,Marie,marie,verrückt,ADJD,verrückt,12864,,
gdc,kscv.0,36020,36133,Marie,marie,aus,PTKVZ,aus,12864,,
gdc,kscv.0,36020,36133,Marie,marie,wie,KOKOM,wie,12864,,
gdc,kscv.0,36020,36133,Marie,marie,n,XY,--,12864,,
gdc,kscv.0,36020,36133,Marie,marie,',$(,--,12864,,
gdc,kscv.0,36020,36133,Marie,marie,e,ADJA,E,12864,,
gdc,kscv.0,36020,36133,Marie,marie,Kuh,NN,kuh,12864,,
gdc,kscv.0,36020,36133,Marie,marie,",","$,",--,12864,,
gdc,kscv.0,36020,36133,Marie,marie,die,PRELS,der,12864,,
gdc,kscv.0,36020,36133,Marie,marie,die,ART,der,12864,,
gdc,kscv.0,36020,36133,Marie,marie,Hornisse,NN,hornis,12864,,
gdc,kscv.0,36020,36133,Marie,marie,jagt,VVFIN,jagen,12864,,
gdc,kscv.0,36020,36133,Marie,marie,.,$.,--,12864,,
gdc,kscv.0,36138,36180,Woyzeck,woyzeck,Mensch,NN,mensch,12864,,
gdc,kscv.0,36138,36180,Woyzeck,woyzeck,"!",$.,--,12864,,
gdc,kscv.0,36185,36372,Marie,marie,Rühr,ADV,rühr,12864,,
gdc,kscv.0,36185,36372,Marie,marie,mich,PPER,mich,12864,marie,(2)
gdc,kscv.0,36185,36372,Marie,marie,an,APPR,an,12864,,
gdc,kscv.0,36185,36372,Marie,marie,Franz,NE,franz,12864,,
gdc,kscv.0,36185,36372,Marie,marie,"!",$.,--,12864,,
gdc,kscv.0,36185,36372,Marie,marie,Ich,PPER,ich,12864,marie,(2)
gdc,kscv.0,36185,36372,Marie,marie,hätt,VVFIN,hätt,12864,,
gdc,kscv.0,36185,36372,Marie,marie,lieber,ADV,lieber,12864,,
gdc,kscv.0,36185,36372,Marie,marie,ein,ART,ein,12864,,
gdc,kscv.0,36185,36372,Marie,marie,Messer,NN,messer,12864,,
gdc,kscv.0,36185,36372,Marie,marie,in,APPR,in,12864,,
gdc,kscv.0,36185,36372,Marie,marie,de,NE,de,12864,,
gdc,kscv.0,36185,36372,Marie,marie,Leib,NE,leib,12864,,
gdc,kscv.0,36185,36372,Marie,marie,",","$,",--,12864,,
gdc,kscv.0,36185,36372,Marie,marie,als,KOKOM,als,12864,,
gdc,kscv.0,36185,36372,Marie,marie,dei,CARD,dei,12864,,
gdc,kscv.0,36185,36372,Marie,marie,Hand,NN,hand,12864,,
gdc,kscv.0,36185,36372,Marie,marie,auf,APPR,auf,12864,,
gdc,kscv.0,36185,36372,Marie,marie,meine,PPOSAT,mein,12864,marie,(2)
gdc,kscv.0,36185,36372,Marie,marie,.,$.,--,12864,,
gdc,kscv.0,36185,36372,Marie,marie,Mei,APPR,mei,12864,,
gdc,kscv.0,36185,36372,Marie,marie,Vater,NN,vater,12864,,
gdc,kscv.0,36185,36372,Marie,marie,hat,VAFIN,haben,12864,,
gdc,kscv.0,36185,36372,Marie,marie,mich,PPER,mich,12864,marie,(2)
gdc,kscv.0,36185,36372,Marie,marie,nicht,PTKNEG,nicht,12864,,
gdc,kscv.0,36185,36372,Marie,marie,angreifen,VVINF,angreifen,12864,,
gdc,kscv.0,36185,36372,Marie,marie,gewagt,VVPP,wagen,12864,,
gdc,kscv.0,36185,36372,Marie,marie,",","$,",--,12864,,
gdc,kscv.0,36185,36372,Marie,marie,wie,PWAV,wie,12864,,
gdc,kscv.0,36185,36372,Marie,marie,ich,PPER,ich,12864,marie,(2)
gdc,kscv.0,36185,36372,Marie,marie,10,CARD,10,12864,,
gdc,kscv.0,36185,36372,Marie,marie,Jahr,NN,jahr,12864,,
gdc,kscv.0,36185,36372,Marie,marie,alt,ADJD,alt,12864,,
gdc,kscv.0,36185,36372,Marie,marie,war,VAFIN,sein,12864,,
gdc,kscv.0,36185,36372,Marie,marie,",","$,",--,12864,,
gdc,kscv.0,36185,36372,Marie,marie,wenn,KOUS,wenn,12864,,
gdc,kscv.0,36185,36372,Marie,marie,ich,PPER,ich,12864,marie,(2)
gdc,kscv.0,36185,36372,Marie,marie,ihn,PPER,ihn,12864,,
gdc,kscv.0,36185,36372,Marie,marie,ansah,VVFIN,ansehen,12864,,
gdc,kscv.0,36185,36372,Marie,marie,.,$.,--,12864,,
gdc,kscv.0,36377,36618,Woyzeck,woyzeck,Weib,NE,weib,12864,,
gdc,kscv.0,36377,36618,Woyzeck,woyzeck,"!",$.,--,12864,,
gdc,kscv.0,36377,36618,Woyzeck,woyzeck,–,XY,–,12864,,
gdc,kscv.0,36377,36618,Woyzeck,woyzeck,Nein,NN,nein,12864,,
gdc,kscv.0,36377,36618,Woyzeck,woyzeck,es,PPER,es,12864,,
gdc,kscv.0,36377,36618,Woyzeck,woyzeck,müßte,VMFIN,müssen,12864,,
gdc,kscv.0,36377,36618,Woyzeck,woyzeck,was,PWS,was,12864,,
gdc,kscv.0,36377,36618,Woyzeck,woyzeck,an,APPR,an,12864,,
gdc,kscv.0,36377,36618,Woyzeck,woyzeck,dir,PPER,dir,12864,,
gdc,kscv.0,36377,36618,Woyzeck,woyzeck,seyn,NE,seyn,12864,,
gdc,kscv.0,36377,36618,Woyzeck,woyzeck,"!",$.,--,12864,,
gdc,kscv.0,36377,36618,Woyzeck,woyzeck,Jeder,PIAT,jeder,12864,,
gdc,kscv.0,36377,36618,Woyzeck,woyzeck,Mensch,NN,mensch,12864,,
gdc,kscv.0,36377,36618,Woyzeck,woyzeck,ist,VAFIN,sein,12864,,
gdc,kscv.0,36377,36618,Woyzeck,woyzeck,ein,ART,ein,12864,,
gdc,kscv.0,36377,36618,Woyzeck,woyzeck,Abgrund,NN,abgrund,12864,,
gdc,kscv.0,36377,36618,Woyzeck,woyzeck,",","$,",--,12864,,
gdc,kscv.0,36377,36618,Woyzeck,woyzeck,es,PPER,es,12864,,
gdc,kscv.0,36377,36618,Woyzeck,woyzeck,schwindelt,VVFIN,schwindeln,12864,,
gdc,kscv.0,36377,36618,Woyzeck,woyzeck,einem,PIS,ein,12864,,
gdc,kscv.0,36377,36618,Woyzeck,woyzeck,",","$,",--,12864,,
gdc,kscv.0,36377,36618,Woyzeck,woyzeck,wenn,KOUS,wenn,12864,,
gdc,kscv.0,36377,36618,Woyzeck,woyzeck,man,PIS,man,12864,,
gdc,kscv.0,36377,36618,Woyzeck,woyzeck,hinabsieht,VVFIN,hinabsehen,12864,,
gdc,kscv.0,36377,36618,Woyzeck,woyzeck,.,$.,--,12864,,
gdc,kscv.0,36377,36618,Woyzeck,woyzeck,Es,PPER,es,12864,,
gdc,kscv.0,36377,36618,Woyzeck,woyzeck,wäre,VAFIN,sein,12864,,
gdc,kscv.0,36377,36618,Woyzeck,woyzeck,"!",$.,--,12864,,
gdc,kscv.0,36377,36618,Woyzeck,woyzeck,Sie,PPER,sie,12864,,
gdc,kscv.0,36377,36618,Woyzeck,woyzeck,geht,VVFIN,gehen,12864,,
gdc,kscv.0,36377,36618,Woyzeck,woyzeck,wie,KOKOM,wie,12864,,
gdc,kscv.0,36377,36618,Woyzeck,woyzeck,die,ART,der,12864,,
gdc,kscv.0,36377,36618,Woyzeck,woyzeck,Unschuld,NN,unschuld,12864,,
gdc,kscv.0,36377,36618,Woyzeck,woyzeck,.,$.,--,12864,,
gdc,kscv.0,36377,36618,Woyzeck,woyzeck,Nun,ADV,nun,12864,,
gdc,kscv.0,36377,36618,Woyzeck,woyzeck,Unschuld,NN,unschuld,12864,,
gdc,kscv.0,36377,36618,Woyzeck,woyzeck,du,PPER,du,12864,,
gdc,kscv.0,36377,36618,Woyzeck,woyzeck,hast,VAFIN,haben,12864,,
gdc,kscv.0,36377,36618,Woyzeck,woyzeck,ein,ART,ein,12864,,
gdc,kscv.0,36377,36618,Woyzeck,woyzeck,Zeichen,NN,zeichen,12864,,
gdc,kscv.0,36377,36618,Woyzeck,woyzeck,an,APPR,an,12864,,
gdc,kscv.0,36377,36618,Woyzeck,woyzeck,dir,PPER,dir,12864,,
gdc,kscv.0,36377,36618,Woyzeck,woyzeck,.,$.,--,12864,,
gdc,kscv.0,36377,36618,Woyzeck,woyzeck,Weiß,VVFIN,weiß,12864,,
gdc,kscv.0,36377,36618,Woyzeck,woyzeck,ich,PPER,ich,12864,woyzeck,(1)
gdc,kscv.0,36377,36618,Woyzeck,woyzeck,',$(,--,12864,,
gdc,kscv.0,36377,36618,Woyzeck,woyzeck,s,PPER,--,12864,,
gdc,kscv.0,36377,36618,Woyzeck,woyzeck,?,$.,--,12864,,
gdc,kscv.0,36377,36618,Woyzeck,woyzeck,Weiß,NN,weiße,12864,,
gdc,kscv.0,36377,36618,Woyzeck,woyzeck,ich,PPER,ich,12864,woyzeck,(1)
gdc,kscv.0,36377,36618,Woyzeck,woyzeck,',$(,--,12864,,
gdc,kscv.0,36377,36618,Woyzeck,woyzeck,s,PPER,--,12864,,
gdc,kscv.0,36377,36618,Woyzeck,woyzeck,?,$.,--,12864,,
gdc,kscv.0,36377,36618,Woyzeck,woyzeck,Wer,PWS,wer,12864,,
gdc,kscv.0,36377,36618,Woyzeck,woyzeck,weiß,VVFIN,weiß,12864,,
gdc,kscv.0,36377,36618,Woyzeck,woyzeck,es,PPER,es,12864,,
gdc,kscv.0,36377,36618,Woyzeck,woyzeck,?,$.,--,12864,,
gdc,kscv.0,36641,36728,Marie,marie,Und,KON,und,12864,,
gdc,kscv.0,36641,36728,Marie,marie,ist,VAFIN,sein,12864,,
gdc,kscv.0,36641,36728,Marie,marie,kein,PIAT,kein,12864,,
gdc,kscv.0,36641,36728,Marie,marie,Betrug,NN,betrug,12864,,
gdc,kscv.0,36641,36728,Marie,marie,in,APPR,in,12864,,
gdc,kscv.0,36641,36728,Marie,marie,seinem,PPOSAT,sein,12864,,
gdc,kscv.0,36641,36728,Marie,marie,Munde,NN,mund,12864,,
gdc,kscv.0,36641,36728,Marie,marie,erfunden,VVPP,erfinden,12864,,
gdc,kscv.0,36641,36728,Marie,marie,.,$.,--,12864,,
gdc,kscv.0,36641,36728,Marie,marie,Herr,NN,herr,12864,herr,(18)
gdc,kscv.0,36641,36728,Marie,marie,Gott,NN,gott,12864,,
gdc,kscv.0,36641,36728,Marie,marie,"!",$.,--,12864,,
gdc,kscv.0,36854,37501,Doctor,doctor,Meine,PPOSAT,mein,12864,doctor,(23)
gdc,kscv.0,36854,37501,Doctor,doctor,Herrn,NN,herr,12864,,
gdc,kscv.0,36854,37501,Doctor,doctor,",","$,",--,12864,,
gdc,kscv.0,36854,37501,Doctor,doctor,ich,PPER,ich,12864,doctor,(23)
gdc,kscv.0,36854,37501,Doctor,doctor,bin,VAFIN,sein,12864,,
gdc,kscv.0,36854,37501,Doctor,doctor,auf,APPR,auf,12864,,
gdc,kscv.0,36854,37501,Doctor,doctor,dem,ART,der,12864,,
gdc,kscv.0,36854,37501,Doctor,doctor,Dach,NN,dach,12864,,
gdc,kscv.0,36854,37501,Doctor,doctor,",","$,",--,12864,,
gdc,kscv.0,36854,37501,Doctor,doctor,wie,PWAV,wie,12864,,
gdc,kscv.0,36854,37501,Doctor,doctor,David,NE,david,12864,,
gdc,kscv.0,36854,37501,Doctor,doctor,",","$,",--,12864,,
gdc,kscv.0,36854,37501,Doctor,doctor,als,KOUS,als,12864,,
gdc,kscv.0,36854,37501,Doctor,doctor,er,PPER,er,12864,,
gdc,kscv.0,36854,37501,Doctor,doctor,die,ART,der,12864,,
gdc,kscv.0,36854,37501,Doctor,doctor,Bathseba,NE,bathseba,12864,,
gdc,kscv.0,36854,37501,Doctor,doctor,sah,VVFIN,sehen,12864,,
gdc,kscv.0,36854,37501,Doctor,doctor,;,$.,--,12864,,
gdc,kscv.0,36854,37501,Doctor,doctor,aber,KON,aber,12864,,
gdc,kscv.0,36854,37501,Doctor,doctor,ich,PPER,ich,12864,doctor,(23)
gdc,kscv.0,36854,37501,Doctor,doctor,sehe,VVFIN,sehen,12864,,
gdc,kscv.0,36854,37501,Doctor,doctor,nichts,PIS,nichts,12864,,
gdc,kscv.0,36854,37501,Doctor,doctor,als,KOKOM,als,12864,,
gdc,kscv.0,36854,37501,Doctor,doctor,die,ART,der,12864,,
gdc,kscv.0,36854,37501,Doctor,doctor,culs,FM,culs,12864,,
gdc,kscv.0,36854,37501,Doctor,doctor,de,FM,de,12864,,
gdc,kscv.0,36854,37501,Doctor,doctor,Paris,NE,paris,12864,,
gdc,kscv.0,36854,37501,Doctor,doctor,der,ART,der,12864,,
gdc,kscv.0,36854,37501,Doctor,doctor,Mädchenpension,NN,mädchenpension,12864,,
gdc,kscv.0,36854,37501,Doctor,doctor,im,APPRART,in,12864,,
gdc,kscv.0,36854,37501,Doctor,doctor,Garten,NN,garten,12864,,
gdc,kscv.0,36854,37501,Doctor,doctor,trocknen,VVINF,trocknen,12864,,
gdc,kscv.0,36854,37501,Doctor,doctor,.,$.,--,12864,,
gdc,kscv.0,36854,37501,Doctor,doctor,Meine,PPOSAT,mein,12864,doctor,(23)
gdc,kscv.0,36854,37501,Doctor,doctor,Herrn,NN,herr,12864,,
gdc,kscv.0,36854,37501,Doctor,doctor,wir,PPER,wir,12864,,
gdc,kscv.0,36854,37501,Doctor,doctor,sind,VAFIN,sein,12864,,
gdc,kscv.0,36854,37501,Doctor,doctor,an,APPR,an,12864,,
gdc,kscv.0,36854,37501,Doctor,doctor,der,ART,der,12864,,
gdc,kscv.0,36854,37501,Doctor,doctor,wichtigen,ADJA,wichtig,12864,,
gdc,kscv.0,36854,37501,Doctor,doctor,Frage,NN,frage,12864,,
gdc,kscv.0,36854,37501,Doctor,doctor,über,APPR,über,12864,,
gdc,kscv.0,36854,37501,Doctor,doctor,das,ART,der,12864,,
gdc,kscv.0,36854,37501,Doctor,doctor,Verhältniß,NN,verhältniß,12864,,
gdc,kscv.0,36854,37501,Doctor,doctor,des,ART,der,12864,,
gdc,kscv.0,36854,37501,Doctor,doctor,Subjects,NN,subject,12864,,
gdc,kscv.0,36854,37501,Doctor,doctor,zum,APPRART,zu,12864,,
gdc,kscv.0,36854,37501,Doctor,doctor,Object,NN,object,12864,,
gdc,kscv.0,36854,37501,Doctor,doctor,.,$.,--,12864,,
gdc,kscv.0,36854,37501,Doctor,doctor,Wenn,KOUS,wenn,12864,,
gdc,kscv.0,36854,37501,Doctor,doctor,wir,PPER,wir,12864,,
gdc,kscv.0,36854,37501,Doctor,doctor,nur,ADV,nur,12864,,
gdc,kscv.0,36854,37501,Doctor,doctor,eins,PIS,eins,12864,,
gdc,kscv.0,36854,37501,Doctor,doctor,von,APPR,von,12864,,
gdc,kscv.0,36854,37501,Doctor,doctor,den,ART,der,12864,,
gdc,kscv.0,36854,37501,Doctor,doctor,Dingen,NN,ding,12864,,
gdc,kscv.0,36854,37501,Doctor,doctor,nehmen,VVINF,nehmen,12864,,
gdc,kscv.0,36854,37501,Doctor,doctor,",","$,",--,12864,,
gdc,kscv.0,36854,37501,Doctor,doctor,worin,PWAV,worin,12864,,
gdc,kscv.0,36854,37501,Doctor,doctor,sich,PRF,sich,12864,,
gdc,kscv.0,36854,37501,Doctor,doctor,die,ART,der,12864,,
gdc,kscv.0,36854,37501,Doctor,doctor,organische,ADJA,organisch,12864,,
gdc,kscv.0,36854,37501,Doctor,doctor,Selbstaffirmation,NN,selbstaffirmation,12864,,
gdc,kscv.0,36854,37501,Doctor,doctor,des,ART,der,12864,,
gdc,kscv.0,36854,37501,Doctor,doctor,Göttlichen,NN,göttliche,12864,,
gdc,kscv.0,36854,37501,Doctor,doctor,",","$,",--,12864,,
gdc,kscv.0,36854,37501,Doctor,doctor,auf,APPR,auf,12864,,
gdc,kscv.0,36854,37501,Doctor,doctor,einem,ART,ein,12864,,
gdc,kscv.0,36854,37501,Doctor,doctor,so,ADV,so,12864,,
gdc,kscv.0,36854,37501,Doctor,doctor,hohen,ADJA,hoch,12864,,
gdc,kscv.0,36854,37501,Doctor,doctor,Standpunkte,NN,standpunkt,12864,,
gdc,kscv.0,36854,37501,Doctor,doctor,manifestirt,VVPP,manifestirt,12864,,
gdc,kscv.0,36854,37501,Doctor,doctor,und,KON,und,12864,,
gdc,kscv.0,36854,37501,Doctor,doctor,ihr,PPOSAT,ihr,12864,,
gdc,kscv.0,36854,37501,Doctor,doctor,Verhältniß,NN,verhältniß,12864,,
gdc,kscv.0,36854,37501,Doctor,doctor,zum,APPRART,zu,12864,,
gdc,kscv.0,36854,37501,Doctor,doctor,Raum,NN,raum,12864,,
gdc,kscv.0,36854,37501,Doctor,doctor,",","$,",--,12864,,
gdc,kscv.0,36854,37501,Doctor,doctor,zur,APPRART,zu,12864,,
gdc,kscv.0,36854,37501,Doctor,doctor,Erde,NN,erde,12864,,
gdc,kscv.0,36854,37501,Doctor,doctor,",","$,",--,12864,,
gdc,kscv.0,36854,37501,Doctor,doctor,zum,APPRART,zu,12864,,
gdc,kscv.0,36854,37501,Doctor,doctor,Planetarischen,NN,planetarisch,12864,,
gdc,kscv.0,36854,37501,Doctor,doctor,untersuchen,VVINF,untersuchen,12864,,
gdc,kscv.0,36854,37501,Doctor,doctor,",","$,",--,12864,,
gdc,kscv.0,36854,37501,Doctor,doctor,meine,PPOSAT,mein,12864,doctor,(23)
gdc,kscv.0,36854,37501,Doctor,doctor,Herrn,NN,herr,12864,,
gdc,kscv.0,36854,37501,Doctor,doctor,",","$,",--,12864,,
gdc,kscv.0,36854,37501,Doctor,doctor,wenn,KOUS,wenn,12864,,
gdc,kscv.0,36854,37501,Doctor,doctor,ich,PPER,ich,12864,doctor,(23)
gdc,kscv.0,36854,37501,Doctor,doctor,dieße,VVFIN,dieß,12864,,
gdc,kscv.0,36854,37501,Doctor,doctor,Katze,NN,katze,12864,,
gdc,kscv.0,36854,37501,Doctor,doctor,zum,APPRART,zu,12864,,
gdc,kscv.0,36854,37501,Doctor,doctor,Fenster,NN,fenster,12864,,
gdc,kscv.0,36854,37501,Doctor,doctor,hinauswerfe,VVFIN,hinauswerf,12864,,
gdc,kscv.0,36854,37501,Doctor,doctor,",","$,",--,12864,,
gdc,kscv.0,36854,37501,Doctor,doctor,wie,PWAV,wie,12864,,
gdc,kscv.0,36854,37501,Doctor,doctor,wird,VAFIN,werden,12864,,
gdc,kscv.0,36854,37501,Doctor,doctor,dieße,PDAT,dieß,12864,,
gdc,kscv.0,36854,37501,Doctor,doctor,Wesenheit,NN,wesenheit,12864,,
gdc,kscv.0,36854,37501,Doctor,doctor,sich,PRF,sich,12864,,
gdc,kscv.0,36854,37501,Doctor,doctor,zum,APPRART,zu,12864,,
gdc,kscv.0,36854,37501,Doctor,doctor,centrum,NN,centrum,12864,,
gdc,kscv.0,36854,37501,Doctor,doctor,gravitationis,NE,gravitationis,12864,,
gdc,kscv.0,36854,37501,Doctor,doctor,und,KON,und,12864,,
gdc,kscv.0,36854,37501,Doctor,doctor,dem,ART,der,12864,,
gdc,kscv.0,36854,37501,Doctor,doctor,eigenen,ADJA,eigen,12864,,
gdc,kscv.0,36854,37501,Doctor,doctor,Instinct,NN,instinct,12864,,
gdc,kscv.0,36854,37501,Doctor,doctor,verhalten,VVFIN,verhalten,12864,,
gdc,kscv.0,36854,37501,Doctor,doctor,?,$.,--,12864,,
gdc,kscv.0,36854,37501,Doctor,doctor,He,XY,--,12864,,
gdc,kscv.0,36854,37501,Doctor,doctor,Woyzeck,NN,woyzeck,12864,woyzeck,(1)
gdc,kscv.0,36854,37501,Doctor,doctor,",","$,",--,12864,,
gdc,kscv.0,36854,37501,Doctor,doctor,Woyzeck,NE,woyzeck,12864,woyzeck,(1)
gdc,kscv.0,36854,37501,Doctor,doctor,"!",$.,--,12864,,
gdc,kscv.0,37506,37540,Woyzeck,woyzeck,Herr,NN,herr,12864,herr,(18)
gdc,kscv.0,37506,37540,Woyzeck,woyzeck,Professor,NN,professor,12864,,
gdc,kscv.0,37506,37540,Woyzeck,woyzeck,sie,PPER,sie,12864,,
gdc,kscv.0,37506,37540,Woyzeck,woyzeck,beißt,VVFIN,beißen,12864,,
gdc,kscv.0,37506,37540,Woyzeck,woyzeck,.,$.,--,12864,,
gdc,kscv.0,37545,37626,Doctor,doctor,Kerl,NE,kerl,12864,,
gdc,kscv.0,37545,37626,Doctor,doctor,",","$,",--,12864,,
gdc,kscv.0,37545,37626,Doctor,doctor,er,PPER,er,12864,,
gdc,kscv.0,37545,37626,Doctor,doctor,greift,VVFIN,greifen,12864,,
gdc,kscv.0,37545,37626,Doctor,doctor,die,ART,der,12864,,
gdc,kscv.0,37545,37626,Doctor,doctor,Bestie,NN,bestie,12864,,
gdc,kscv.0,37545,37626,Doctor,doctor,so,ADV,so,12864,,
gdc,kscv.0,37545,37626,Doctor,doctor,zärtlich,ADJD,zärtlich,12864,,
gdc,kscv.0,37545,37626,Doctor,doctor,an,PTKVZ,an,12864,,
gdc,kscv.0,37545,37626,Doctor,doctor,",","$,",--,12864,,
gdc,kscv.0,37545,37626,Doctor,doctor,als,KOKOM,als,12864,,
gdc,kscv.0,37545,37626,Doctor,doctor,wär,VAFIN,sein,12864,,
gdc,kscv.0,37545,37626,Doctor,doctor,',$(,--,12864,,
gdc,kscv.0,37545,37626,Doctor,doctor,s,PPER,--,12864,,
gdc,kscv.0,37545,37626,Doctor,doctor,seine,PPOSAT,sein,12864,,
gdc,kscv.0,37545,37626,Doctor,doctor,Großmutter,NN,großmutter,12864,grossmutter,(9)
gdc,kscv.0,37545,37626,Doctor,doctor,.,$.,--,12864,,
gdc,kscv.0,37631,37670,Woyzeck,woyzeck,Herr,NN,herr,12864,herr,(18)
gdc,kscv.0,37631,37670,Woyzeck,woyzeck,Doctor,NE,doctor,12864,doctor,(23)
gdc,kscv.0,37631,37670,Woyzeck,woyzeck,ich,PPER,ich,12864,woyzeck,(1)
gdc,kscv.0,37631,37670,Woyzeck,woyzeck,hab,VAFIN,hab,12864,,
gdc,kscv.0,37631,37670,Woyzeck,woyzeck,',$(,--,12864,,
gdc,kscv.0,37631,37670,Woyzeck,woyzeck,s,ART,--,12864,,
gdc,kscv.0,37631,37670,Woyzeck,woyzeck,Zittern,NN,zitter,12864,,
gdc,kscv.0,37631,37670,Woyzeck,woyzeck,.,$.,--,12864,,
gdc,kscv.0,37675,38298,Doctor,doctor,Ey,NE,ey,12864,,
gdc,kscv.0,37675,38298,Doctor,doctor,",","$,",--,12864,,
gdc,kscv.0,37675,38298,Doctor,doctor,ey,FM,ey,12864,,
gdc,kscv.0,37675,38298,Doctor,doctor,",","$,",--,12864,,
gdc,kscv.0,37675,38298,Doctor,doctor,schön,ADJD,schön,12864,,
gdc,kscv.0,37675,38298,Doctor,doctor,Woyzeck,NN,woyzeck,12864,woyzeck,(1)
gdc,kscv.0,37675,38298,Doctor,doctor,.,$.,--,12864,,
gdc,kscv.0,37675,38298,Doctor,doctor,Was,PWS,was,12864,,
gdc,kscv.0,37675,38298,Doctor,doctor,seh,XY,seh,12864,,
gdc,kscv.0,37675,38298,Doctor,doctor,',$(,--,12864,,
gdc,kscv.0,37675,38298,Doctor,doctor,ich,PPER,ich,12864,doctor,(23)
gdc,kscv.0,37675,38298,Doctor,doctor,meine,PPOSAT,mein,12864,doctor,(23)
gdc,kscv.0,37675,38298,Doctor,doctor,Herrn,NN,herr,12864,,
gdc,kscv.0,37675,38298,Doctor,doctor,",","$,",--,12864,,
gdc,kscv.0,37675,38298,Doctor,doctor,die,ART,der,12864,,
gdc,kscv.0,37675,38298,Doctor,doctor,neue,ADJA,neu,12864,,
gdc,kscv.0,37675,38298,Doctor,doctor,Species,NN,species,12864,,
gdc,kscv.0,37675,38298,Doctor,doctor,Hasenlaus,NE,hasenlaus,12864,,
gdc,kscv.0,37675,38298,Doctor,doctor,",","$,",--,12864,,
gdc,kscv.0,37675,38298,Doctor,doctor,eine,ART,ein,12864,,
gdc,kscv.0,37675,38298,Doctor,doctor,schöne,ADJA,schön,12864,,
gdc,kscv.0,37675,38298,Doctor,doctor,Species,NN,species,12864,,
gdc,kscv.0,37675,38298,Doctor,doctor,",","$,",--,12864,,
gdc,kscv.0,37675,38298,Doctor,doctor,wesentlich,ADJD,wesentlich,12864,,
gdc,kscv.0,37675,38298,Doctor,doctor,verschieden,ADJD,verschieden,12864,,
gdc,kscv.0,37675,38298,Doctor,doctor,",","$,",--,12864,,
gdc,kscv.0,37675,38298,Doctor,doctor,enfoncé,ADJD,enfoncé,12864,,
gdc,kscv.0,37675,38298,Doctor,doctor,",","$,",--,12864,,
gdc,kscv.0,37675,38298,Doctor,doctor,der,ART,der,12864,,
gdc,kscv.0,37675,38298,Doctor,doctor,Herr,NN,herr,12864,herr,(18)
gdc,kscv.0,37675,38298,Doctor,doctor,Doctor,NN,doctor,12864,doctor,(23)
gdc,kscv.0,37675,38298,Doctor,doctor,Ricinus,NE,ricinus,12864,,
gdc,kscv.0,37675,38298,Doctor,doctor,",","$,",--,12864,,
gdc,kscv.0,37675,38298,Doctor,doctor,meine,PPOSAT,mein,12864,doctor,(23)
gdc,kscv.0,37675,38298,Doctor,doctor,Herren,NN,herr,12864,,
gdc,kscv.0,37675,38298,Doctor,doctor,–,APPO,–,12864,,
gdc,kscv.0,37675,38298,Doctor,doctor,Meine,PPOSAT,mein,12864,doctor,(23)
gdc,kscv.0,37675,38298,Doctor,doctor,Herrn,NN,herr,12864,,
gdc,kscv.0,37675,38298,Doctor,doctor,",","$,",--,12864,,
gdc,kscv.0,37675,38298,Doctor,doctor,das,ART,der,12864,,
gdc,kscv.0,37675,38298,Doctor,doctor,Thier,NN,thier,12864,,
gdc,kscv.0,37675,38298,Doctor,doctor,hat,VAFIN,haben,12864,,
gdc,kscv.0,37675,38298,Doctor,doctor,keinen,PIAT,kein,12864,,
gdc,kscv.0,37675,38298,Doctor,doctor,wissenschaftlichen,ADJA,wissenschaftlich,12864,,
gdc,kscv.0,37675,38298,Doctor,doctor,Instinct,NN,instinct,12864,,
gdc,kscv.0,37675,38298,Doctor,doctor,.,$.,--,12864,,
gdc,kscv.0,37675,38298,Doctor,doctor,Ricinus,NE,ricinus,12864,,
gdc,kscv.0,37675,38298,Doctor,doctor,",","$,",--,12864,,
gdc,kscv.0,37675,38298,Doctor,doctor,herauf,PROAV,herauf,12864,,
gdc,kscv.0,37675,38298,Doctor,doctor,",","$,",--,12864,,
gdc,kscv.0,37675,38298,Doctor,doctor,die,ART,der,12864,,
gdc,kscv.0,37675,38298,Doctor,doctor,schönsten,ADJA,schön,12864,,
gdc,kscv.0,37675,38298,Doctor,doctor,Exemplare,NN,exemplar,12864,,
gdc,kscv.0,37675,38298,Doctor,doctor,",","$,",--,12864,,
gdc,kscv.0,37675,38298,Doctor,doctor,bringen,VVFIN,bringen,12864,,
gdc,kscv.0,37675,38298,Doctor,doctor,Sie,PPER,sie,12864,,
gdc,kscv.0,37675,38298,Doctor,doctor,ihre,PPOSAT,ihr,12864,,
gdc,kscv.0,37675,38298,Doctor,doctor,Pelzkragen,NN,pelzkrage,12864,,
gdc,kscv.0,37675,38298,Doctor,doctor,.,$.,--,12864,,
gdc,kscv.0,37675,38298,Doctor,doctor,Meine,PPOSAT,mein,12864,doctor,(23)
gdc,kscv.0,37675,38298,Doctor,doctor,Herrn,NN,herr,12864,,
gdc,kscv.0,37675,38298,Doctor,doctor,",","$,",--,12864,,
gdc,kscv.0,37675,38298,Doctor,doctor,Sie,PPER,sie,12864,,
gdc,kscv.0,37675,38298,Doctor,doctor,können,VMFIN,können,12864,,
gdc,kscv.0,37675,38298,Doctor,doctor,dafür,PROAV,dafür,12864,,
gdc,kscv.0,37675,38298,Doctor,doctor,was,PIS,was,12864,,
gdc,kscv.0,37675,38298,Doctor,doctor,anders,ADV,anders,12864,,
gdc,kscv.0,37675,38298,Doctor,doctor,sehen,VVINF,sehen,12864,,
gdc,kscv.0,37675,38298,Doctor,doctor,",","$,",--,12864,,
gdc,kscv.0,37675,38298,Doctor,doctor,sehn,CARD,sehn,12864,,
gdc,kscv.0,37675,38298,Doctor,doctor,Sie,PPER,sie,12864,,
gdc,kscv.0,37675,38298,Doctor,doctor,",","$,",--,12864,,
gdc,kscv.0,37675,38298,Doctor,doctor,der,ART,der,12864,,
gdc,kscv.0,37675,38298,Doctor,doctor,Mensch,NN,mensch,12864,,
gdc,kscv.0,37675,38298,Doctor,doctor,",","$,",--,12864,,
gdc,kscv.0,37675,38298,Doctor,doctor,seit,APPR,seit,12864,,
gdc,kscv.0,37675,38298,Doctor,doctor,einem,ART,ein,12864,,
gdc,kscv.0,37675,38298,Doctor,doctor,Vierteljahr,NN,vierteljahr,12864,,
gdc,kscv.0,37675,38298,Doctor,doctor,ißt,VVFIN,essen,12864,,
gdc,kscv.0,37675,38298,Doctor,doctor,er,PPER,er,12864,,
gdc,kscv.0,37675,38298,Doctor,doctor,nichts,PIS,nichts,12864,,
gdc,kscv.0,37675,38298,Doctor,doctor,als,KOKOM,als,12864,,
gdc,kscv.0,37675,38298,Doctor,doctor,Erbsen,NN,erbsen,12864,,
gdc,kscv.0,37675,38298,Doctor,doctor,",","$,",--,12864,,
gdc,kscv.0,37675,38298,Doctor,doctor,beachten,VVFIN,beachten,12864,,
gdc,kscv.0,37675,38298,Doctor,doctor,Sie,PPER,sie,12864,,
gdc,kscv.0,37675,38298,Doctor,doctor,die,ART,der,12864,,
gdc,kscv.0,37675,38298,Doctor,doctor,Wirkung,NN,wirkung,12864,,
gdc,kscv.0,37675,38298,Doctor,doctor,",","$,",--,12864,,
gdc,kscv.0,37675,38298,Doctor,doctor,fühlen,VVFIN,fühlen,12864,,
gdc,kscv.0,37675,38298,Doctor,doctor,Sie,PPER,sie,12864,,
gdc,kscv.0,37675,38298,Doctor,doctor,einmal,ADV,einmal,12864,,
gdc,kscv.0,37675,38298,Doctor,doctor,was,PWS,was,12864,,
gdc,kscv.0,37675,38298,Doctor,doctor,ein,ART,ein,12864,,
gdc,kscv.0,37675,38298,Doctor,doctor,ungleicher,ADJA,ungleich,12864,,
gdc,kscv.0,37675,38298,Doctor,doctor,Puls,NN,puls,12864,,
gdc,kscv.0,37675,38298,Doctor,doctor,",","$,",--,12864,,
gdc,kscv.0,37675,38298,Doctor,doctor,da,ADV,da,12864,,
gdc,kscv.0,37675,38298,Doctor,doctor,und,KON,und,12864,,
gdc,kscv.0,37675,38298,Doctor,doctor,die,ART,der,12864,,
gdc,kscv.0,37675,38298,Doctor,doctor,Augen,NN,auge,12864,,
gdc,kscv.0,37675,38298,Doctor,doctor,.,$.,--,12864,,
gdc,kscv.0,38303,38358,Woyzeck,woyzeck,Herr,NN,herr,12864,herr,(18)
gdc,kscv.0,38303,38358,Woyzeck,woyzeck,Doctor,NE,doctor,12864,doctor,(23)
gdc,kscv.0,38303,38358,Woyzeck,woyzeck,es,PPER,es,12864,,
gdc,kscv.0,38303,38358,Woyzeck,woyzeck,wird,VAFIN,werden,12864,,
gdc,kscv.0,38303,38358,Woyzeck,woyzeck,mir,PPER,sich,12864,woyzeck,(1)
gdc,kscv.0,38303,38358,Woyzeck,woyzeck,dunkel,ADJD,dunkel,12864,,
gdc,kscv.0,38303,38358,Woyzeck,woyzeck,.,$.,--,12864,,
gdc,kscv.0,38363,38653,Doctor,doctor,Courage,NN,courage,12864,,
gdc,kscv.0,38363,38653,Doctor,doctor,"!",$.,--,12864,,
gdc,kscv.0,38363,38653,Doctor,doctor,Woyzeck,NE,woyzeck,12864,woyzeck,(1)
gdc,kscv.0,38363,38653,Doctor,doctor,noch,ADV,noch,12864,,
gdc,kscv.0,38363,38653,Doctor,doctor,ein,ART,ein,12864,,
gdc,kscv.0,38363,38653,Doctor,doctor,Paar,PIAT,paar,12864,,
gdc,kscv.0,38363,38653,Doctor,doctor,Tage,NN,tag,12864,,
gdc,kscv.0,38363,38653,Doctor,doctor,",","$,",--,12864,,
gdc,kscv.0,38363,38653,Doctor,doctor,und,KON,und,12864,,
gdc,kscv.0,38363,38653,Doctor,doctor,dann,ADV,dann,12864,,
gdc,kscv.0,38363,38653,Doctor,doctor,ist,VAFIN,sein,12864,,
gdc,kscv.0,38363,38653,Doctor,doctor,',$(,--,12864,,
gdc,kscv.0,38363,38653,Doctor,doctor,s,PPER,--,12864,,
gdc,kscv.0,38363,38653,Doctor,doctor,fertig,ADJD,fertig,12864,,
gdc,kscv.0,38363,38653,Doctor,doctor,",","$,",--,12864,,
gdc,kscv.0,38363,38653,Doctor,doctor,fühlen,VVFIN,fühlen,12864,,
gdc,kscv.0,38363,38653,Doctor,doctor,Sie,PPER,sie,12864,,
gdc,kscv.0,38363,38653,Doctor,doctor,meine,PPOSAT,mein,12864,doctor,(23)
gdc,kscv.0,38363,38653,Doctor,doctor,Herrn,NN,herr,12864,,
gdc,kscv.0,38363,38653,Doctor,doctor,fühlen,VVFIN,fühlen,12864,,
gdc,kscv.0,38363,38653,Doctor,doctor,Sie,PPER,sie,12864,,
gdc,kscv.0,38363,38653,Doctor,doctor,.,$.,--,12864,,
gdc,kscv.0,38363,38653,Doctor,doctor,à,XY,--,12864,,
gdc,kscv.0,38363,38653,Doctor,doctor,propos,ADJD,propos,12864,,
gdc,kscv.0,38363,38653,Doctor,doctor,",","$,",--,12864,,
gdc,kscv.0,38363,38653,Doctor,doctor,Woyzeck,NN,woyzeck,12864,woyzeck,(1)
gdc,kscv.0,38363,38653,Doctor,doctor,",","$,",--,12864,,
gdc,kscv.0,38363,38653,Doctor,doctor,beweg,VVFIN,beweg,12864,,
gdc,kscv.0,38363,38653,Doctor,doctor,den,ART,der,12864,,
gdc,kscv.0,38363,38653,Doctor,doctor,Herrn,NN,herr,12864,,
gdc,kscv.0,38363,38653,Doctor,doctor,doch,ADV,doch,12864,,
gdc,kscv.0,38363,38653,Doctor,doctor,einmal,ADV,einmal,12864,,
gdc,kscv.0,38363,38653,Doctor,doctor,die,ART,der,12864,,
gdc,kscv.0,38363,38653,Doctor,doctor,Ohren,NN,ohr,12864,,
gdc,kscv.0,38363,38653,Doctor,doctor,",","$,",--,12864,,
gdc,kscv.0,38363,38653,Doctor,doctor,ich,PPER,ich,12864,doctor,(23)
gdc,kscv.0,38363,38653,Doctor,doctor,hab,VVFIN,hab,12864,,
gdc,kscv.0,38363,38653,Doctor,doctor,es,PPER,es,12864,,
gdc,kscv.0,38363,38653,Doctor,doctor,Ihnen,PPER,ihnen,12864,,
gdc,kscv.0,38363,38653,Doctor,doctor,schon,ADV,schon,12864,,
gdc,kscv.0,38363,38653,Doctor,doctor,zeigen,VVINF,zeigen,12864,,
gdc,kscv.0,38363,38653,Doctor,doctor,wollen,VMINF,wollen,12864,,
gdc,kscv.0,38363,38653,Doctor,doctor,.,$.,--,12864,,
gdc,kscv.0,38363,38653,Doctor,doctor,Zwei,CARD,zwei,12864,,
gdc,kscv.0,38363,38653,Doctor,doctor,Muskeln,NN,muskel,12864,,
gdc,kscv.0,38363,38653,Doctor,doctor,sind,VAFIN,sein,12864,,
gdc,kscv.0,38363,38653,Doctor,doctor,bey,NE,bey,12864,,
gdc,kscv.0,38363,38653,Doctor,doctor,ihm,PPER,ihm,12864,,
gdc,kscv.0,38363,38653,Doctor,doctor,thätig,ADJD,thätig,12864,,
gdc,kscv.0,38363,38653,Doctor,doctor,.,$.,--,12864,,
gdc,kscv.0,38363,38653,Doctor,doctor,Allons,ADV,allons,12864,,
gdc,kscv.0,38363,38653,Doctor,doctor,frisch,ADJD,frisch,12864,,
gdc,kscv.0,38363,38653,Doctor,doctor,"!",$.,--,12864,,
gdc,kscv.0,38658,38683,Woyzeck,woyzeck,Ach,ITJ,ach,12864,,
gdc,kscv.0,38658,38683,Woyzeck,woyzeck,Herr,NN,herr,12864,herr,(18)
gdc,kscv.0,38658,38683,Woyzeck,woyzeck,Doctor,NE,doctor,12864,doctor,(23)
gdc,kscv.0,38658,38683,Woyzeck,woyzeck,"!",$.,--,12864,,
gdc,kscv.0,38688,39051,Doctor,doctor,Bestie,VVFIN,bestie,12864,,
gdc,kscv.0,38688,39051,Doctor,doctor,",","$,",--,12864,,
gdc,kscv.0,38688,39051,Doctor,doctor,soll,VMFIN,sollen,12864,,
gdc,kscv.0,38688,39051,Doctor,doctor,ich,PPER,ich,12864,doctor,(23)
gdc,kscv.0,38688,39051,Doctor,doctor,dir,PPER,dir,12864,,
gdc,kscv.0,38688,39051,Doctor,doctor,die,ART,der,12864,,
gdc,kscv.0,38688,39051,Doctor,doctor,Ohren,NN,ohr,12864,,
gdc,kscv.0,38688,39051,Doctor,doctor,bewegen,VVFIN,bewegen,12864,,
gdc,kscv.0,38688,39051,Doctor,doctor,",","$,",--,12864,,
gdc,kscv.0,38688,39051,Doctor,doctor,willst,VMFIN,wollen,12864,,
gdc,kscv.0,38688,39051,Doctor,doctor,du,PPER,du,12864,,
gdc,kscv.0,38688,39051,Doctor,doctor,',$(,--,12864,,
gdc,kscv.0,38688,39051,Doctor,doctor,s,PPER,--,12864,,
gdc,kscv.0,38688,39051,Doctor,doctor,machen,VVINF,machen,12864,,
gdc,kscv.0,38688,39051,Doctor,doctor,wie,KOKOM,wie,12864,,
gdc,kscv.0,38688,39051,Doctor,doctor,die,ART,der,12864,,
gdc,kscv.0,38688,39051,Doctor,doctor,Katze,NN,katze,12864,,
gdc,kscv.0,38688,39051,Doctor,doctor,"!",$.,--,12864,,
gdc,kscv.0,38688,39051,Doctor,doctor,So,ADV,so,12864,,
gdc,kscv.0,38688,39051,Doctor,doctor,meine,PPOSAT,mein,12864,doctor,(23)
gdc,kscv.0,38688,39051,Doctor,doctor,Herrn,NN,herr,12864,,
gdc,kscv.0,38688,39051,Doctor,doctor,",","$,",--,12864,,
gdc,kscv.0,38688,39051,Doctor,doctor,das,PDS,der,12864,,
gdc,kscv.0,38688,39051,Doctor,doctor,sind,VAFIN,sein,12864,,
gdc,kscv.0,38688,39051,Doctor,doctor,so,ADV,so,12864,,
gdc,kscv.0,38688,39051,Doctor,doctor,Uebergänge,NN,uebergang,12864,,
gdc,kscv.0,38688,39051,Doctor,doctor,zum,APPRART,zu,12864,,
gdc,kscv.0,38688,39051,Doctor,doctor,Esel,NN,esel,12864,,
gdc,kscv.0,38688,39051,Doctor,doctor,",","$,",--,12864,,
gdc,kscv.0,38688,39051,Doctor,doctor,häufig,ADJD,häufig,12864,,
gdc,kscv.0,38688,39051,Doctor,doctor,auch,ADV,auch,12864,,
gdc,kscv.0,38688,39051,Doctor,doctor,in,APPR,in,12864,,
gdc,kscv.0,38688,39051,Doctor,doctor,Folge,NN,folge,12864,,
gdc,kscv.0,38688,39051,Doctor,doctor,weiblicher,ADJA,weiblich,12864,,
gdc,kscv.0,38688,39051,Doctor,doctor,Erziehung,NN,erziehung,12864,,
gdc,kscv.0,38688,39051,Doctor,doctor,und,KON,und,12864,,
gdc,kscv.0,38688,39051,Doctor,doctor,die,ART,der,12864,,
gdc,kscv.0,38688,39051,Doctor,doctor,Muttersprache,NN,muttersprache,12864,,
gdc,kscv.0,38688,39051,Doctor,doctor,.,$.,--,12864,,
gdc,kscv.0,38688,39051,Doctor,doctor,Wieviel,PWAT,wieviel,12864,,
gdc,kscv.0,38688,39051,Doctor,doctor,Haare,NN,haar,12864,,
gdc,kscv.0,38688,39051,Doctor,doctor,hat,VAFIN,haben,12864,,
gdc,kscv.0,38688,39051,Doctor,doctor,dir,PPER,dir,12864,,
gdc,kscv.0,38688,39051,Doctor,doctor,die,ART,der,12864,,
gdc,kscv.0,38688,39051,Doctor,doctor,Mutter,NN,mutter,12864,,
gdc,kscv.0,38688,39051,Doctor,doctor,zum,APPRART,zu,12864,,
gdc,kscv.0,38688,39051,Doctor,doctor,Andenken,NN,andenken,12864,,
gdc,kscv.0,38688,39051,Doctor,doctor,schon,ADV,schon,12864,,
gdc,kscv.0,38688,39051,Doctor,doctor,ausgerissen,VVPP,ausreißen,12864,,
gdc,kscv.0,38688,39051,Doctor,doctor,aus,APPR,aus,12864,,
gdc,kscv.0,38688,39051,Doctor,doctor,Zärtlichkeit,NN,zärtlichkeit,12864,,
gdc,kscv.0,38688,39051,Doctor,doctor,?,$.,--,12864,,
gdc,kscv.0,38688,39051,Doctor,doctor,Sie,PPER,sie,12864,,
gdc,kscv.0,38688,39051,Doctor,doctor,sind,VAFIN,sein,12864,,
gdc,kscv.0,38688,39051,Doctor,doctor,dir,PPER,dir,12864,,
gdc,kscv.0,38688,39051,Doctor,doctor,ja,ADV,ja,12864,,
gdc,kscv.0,38688,39051,Doctor,doctor,ganz,ADV,ganz,12864,,
gdc,kscv.0,38688,39051,Doctor,doctor,dünn,ADJD,dünn,12864,,
gdc,kscv.0,38688,39051,Doctor,doctor,geworden,VAPP,werden,12864,,
gdc,kscv.0,38688,39051,Doctor,doctor,",","$,",--,12864,,
gdc,kscv.0,38688,39051,Doctor,doctor,seit,KOUS,seit,12864,,
gdc,kscv.0,38688,39051,Doctor,doctor,ein,ART,ein,12864,,
gdc,kscv.0,38688,39051,Doctor,doctor,Paar,NN,paar,12864,,
gdc,kscv.0,38688,39051,Doctor,doctor,Tagen,NN,tag,12864,,
gdc,kscv.0,38688,39051,Doctor,doctor,",","$,",--,12864,,
gdc,kscv.0,38688,39051,Doctor,doctor,ja,ADV,ja,12864,,
gdc,kscv.0,38688,39051,Doctor,doctor,die,ART,der,12864,,
gdc,kscv.0,38688,39051,Doctor,doctor,Erbsen,NN,erbse,12864,,
gdc,kscv.0,38688,39051,Doctor,doctor,",","$,",--,12864,,
gdc,kscv.0,38688,39051,Doctor,doctor,meine,PPOSAT,mein,12864,doctor,(23)
gdc,kscv.0,38688,39051,Doctor,doctor,Herren,NN,herr,12864,,
gdc,kscv.0,38688,39051,Doctor,doctor,.,$.,--,12864,,
gdc,kscv.0,39103,39236,Karl/Narr,karl_narr,Der,ART,der,12864,,
gdc,kscv.0,39103,39236,Karl/Narr,karl_narr,is,APPR,--,12864,,
gdc,kscv.0,39103,39236,Karl/Narr,karl_narr,in,APPR,in,12864,,
gdc,kscv.0,39103,39236,Karl/Narr,karl_narr,',$(,--,12864,,
gdc,kscv.0,39103,39236,Karl/Narr,karl_narr,s,CARD,--,12864,,
gdc,kscv.0,39103,39236,Karl/Narr,karl_narr,Wasser,NN,wasser,12864,,
gdc,kscv.0,39103,39236,Karl/Narr,karl_narr,gefallen,VVPP,fallen,12864,,
gdc,kscv.0,39103,39236,Karl/Narr,karl_narr,",","$,",--,12864,,
gdc,kscv.0,39103,39236,Karl/Narr,karl_narr,der,PRELS,der,12864,,
gdc,kscv.0,39103,39236,Karl/Narr,karl_narr,is,PPER,--,12864,,
gdc,kscv.0,39103,39236,Karl/Narr,karl_narr,in,APPR,in,12864,,
gdc,kscv.0,39103,39236,Karl/Narr,karl_narr,',$(,--,12864,,
gdc,kscv.0,39103,39236,Karl/Narr,karl_narr,s,ART,--,12864,,
gdc,kscv.0,39103,39236,Karl/Narr,karl_narr,Wasser,NN,wasser,12864,,
gdc,kscv.0,39103,39236,Karl/Narr,karl_narr,gefalln,VVPP,gefalln,12864,,
gdc,kscv.0,39103,39236,Karl/Narr,karl_narr,",","$,",--,12864,,
gdc,kscv.0,39103,39236,Karl/Narr,karl_narr,wie,PWAV,wie,12864,,
gdc,kscv.0,39103,39236,Karl/Narr,karl_narr,",","$,",--,12864,,
gdc,kscv.0,39103,39236,Karl/Narr,karl_narr,der,PRELS,der,12864,,
gdc,kscv.0,39103,39236,Karl/Narr,karl_narr,is,PPER,--,12864,,
gdc,kscv.0,39103,39236,Karl/Narr,karl_narr,in,APPR,in,12864,,
gdc,kscv.0,39103,39236,Karl/Narr,karl_narr,',$(,--,12864,,
gdc,kscv.0,39103,39236,Karl/Narr,karl_narr,s,ART,--,12864,,
gdc,kscv.0,39103,39236,Karl/Narr,karl_narr,Wasser,NN,wasser,12864,,
gdc,kscv.0,39103,39236,Karl/Narr,karl_narr,gefalln,VVPP,gefalln,12864,,
gdc,kscv.0,39103,39236,Karl/Narr,karl_narr,.,$.,--,12864,,
gdc,kscv.0,39241,39265,Woyzeck,woyzeck,Bub,NE,bub,12864,,
gdc,kscv.0,39241,39265,Woyzeck,woyzeck,",","$,",--,12864,,
gdc,kscv.0,39241,39265,Woyzeck,woyzeck,Christian,NE,christian,12864,,
gdc,kscv.0,39241,39265,Woyzeck,woyzeck,.,$.,--,12864,,
gdc,kscv.0,39270,39322,Karl/Narr,karl_narr,Der,ART,der,12864,,
gdc,kscv.0,39270,39322,Karl/Narr,karl_narr,is,APPR,--,12864,,
gdc,kscv.0,39270,39322,Karl/Narr,karl_narr,in,APPR,in,12864,,
gdc,kscv.0,39270,39322,Karl/Narr,karl_narr,',$(,--,12864,,
gdc,kscv.0,39270,39322,Karl/Narr,karl_narr,s,ART,--,12864,,
gdc,kscv.0,39270,39322,Karl/Narr,karl_narr,Wasser,NN,wasser,12864,,
gdc,kscv.0,39270,39322,Karl/Narr,karl_narr,gefalln,VVPP,gefalln,12864,,
gdc,kscv.0,39270,39322,Karl/Narr,karl_narr,.,$.,--,12864,,
gdc,kscv.0,39327,39401,Woyzeck,woyzeck,Herrgott,NE,herrgott,12864,,
gdc,kscv.0,39327,39401,Woyzeck,woyzeck,"!",$.,--,12864,,
gdc,kscv.0,39406,39439,Karl/Narr,karl_narr,Der,ART,der,12864,,
gdc,kscv.0,39406,39439,Karl/Narr,karl_narr,is,APPR,--,12864,,
gdc,kscv.0,39406,39439,Karl/Narr,karl_narr,in,APPR,in,12864,,
gdc,kscv.0,39406,39439,Karl/Narr,karl_narr,',$(,--,12864,,
gdc,kscv.0,39406,39439,Karl/Narr,karl_narr,s,ART,--,12864,,
gdc,kscv.0,39406,39439,Karl/Narr,karl_narr,Wasser,NN,wasser,12864,,
gdc,kscv.0,39406,39439,Karl/Narr,karl_narr,gefalln,VVPP,gefalln,12864,,
gdc,kscv.0,39406,39439,Karl/Narr,karl_narr,.,$.,--,12864,,
gdc,kscv.0,39444,39580,Woyzeck,woyzeck,Christianche,NN,christianche,12864,,
gdc,kscv.0,39444,39580,Woyzeck,woyzeck,",","$,",--,12864,,
gdc,kscv.0,39444,39580,Woyzeck,woyzeck,du,PPER,du,12864,,
gdc,kscv.0,39444,39580,Woyzeck,woyzeck,bekommst,VVFIN,bekommsen,12864,,
gdc,kscv.0,39444,39580,Woyzeck,woyzeck,en,ADJA,--,12864,,
gdc,kscv.0,39444,39580,Woyzeck,woyzeck,Reuter,NN,reuter,12864,,
gdc,kscv.0,39444,39580,Woyzeck,woyzeck,",","$,",--,12864,,
gdc,kscv.0,39444,39580,Woyzeck,woyzeck,sa,FM,--,12864,,
gdc,kscv.0,39444,39580,Woyzeck,woyzeck,",","$,",--,12864,,
gdc,kscv.0,39444,39580,Woyzeck,woyzeck,sa,FM,--,12864,,
gdc,kscv.0,39444,39580,Woyzeck,woyzeck,.,$.,--,12864,,
gdc,kscv.0,39444,39580,Woyzeck,woyzeck,Da,ADV,da,12864,,
gdc,kscv.0,39444,39580,Woyzeck,woyzeck,kauf,VMFIN,kauf,12864,,
gdc,kscv.0,39444,39580,Woyzeck,woyzeck,dem,ART,der,12864,,
gdc,kscv.0,39444,39580,Woyzeck,woyzeck,Bub,NN,bub,12864,,
gdc,kscv.0,39444,39580,Woyzeck,woyzeck,en,APPR,--,12864,,
gdc,kscv.0,39444,39580,Woyzeck,woyzeck,Reuter,NE,reuter,12864,,
gdc,kscv.0,39444,39580,Woyzeck,woyzeck,.,$.,--,12864,,
gdc,kscv.0,39584,39607,Woyzeck,woyzeck,Hop,NE,hop,12864,,
gdc,kscv.0,39584,39607,Woyzeck,woyzeck,"!",$.,--,12864,,
gdc,kscv.0,39584,39607,Woyzeck,woyzeck,hop,XY,hop,12864,,
gdc,kscv.0,39584,39607,Woyzeck,woyzeck,"!",$.,--,12864,,
gdc,kscv.0,39584,39607,Woyzeck,woyzeck,Roß,NN,roß,12864,,
gdc,kscv.0,39584,39607,Woyzeck,woyzeck,.,$.,--,12864,,
gdc,kscv.0,39612,39671,Karl/Narr,karl_narr,Hop,NE,hop,12864,,
gdc,kscv.0,39612,39671,Karl/Narr,karl_narr,"!",$.,--,12864,,
gdc,kscv.0,39612,39671,Karl/Narr,karl_narr,hop,XY,hop,12864,,
gdc,kscv.0,39612,39671,Karl/Narr,karl_narr,"!",$.,--,12864,,
gdc,kscv.0,39612,39671,Karl/Narr,karl_narr,Roß,XY,roß,12864,,
gdc,kscv.0,39612,39671,Karl/Narr,karl_narr,"!",$.,--,12864,,
gdc,kscv.0,39612,39671,Karl/Narr,karl_narr,Roß,XY,roß,12864,,
gdc,kscv.0,39612,39671,Karl/Narr,karl_narr,"!",$.,--,12864,,
gdc,kscv.0,39811,40076,Woyzeck,woyzeck,Ja,PTKANT,ja,12864,,
gdc,kscv.0,39811,40076,Woyzeck,woyzeck,Andres,NE,andres,12864,andres,(4)
gdc,kscv.0,39811,40076,Woyzeck,woyzeck,;,$.,--,12864,,
gdc,kscv.0,39811,40076,Woyzeck,woyzeck,den,ART,der,12864,,
gdc,kscv.0,39811,40076,Woyzeck,woyzeck,Streif,NN,streif,12864,,
gdc,kscv.0,39811,40076,Woyzeck,woyzeck,da,ADV,da,12864,,
gdc,kscv.0,39811,40076,Woyzeck,woyzeck,über,APPR,über,12864,,
gdc,kscv.0,39811,40076,Woyzeck,woyzeck,das,ART,der,12864,,
gdc,kscv.0,39811,40076,Woyzeck,woyzeck,Gras,NN,gras,12864,,
gdc,kscv.0,39811,40076,Woyzeck,woyzeck,hin,PTKVZ,hin,12864,,
gdc,kscv.0,39811,40076,Woyzeck,woyzeck,",","$,",--,12864,,
gdc,kscv.0,39811,40076,Woyzeck,woyzeck,da,ADV,da,12864,,
gdc,kscv.0,39811,40076,Woyzeck,woyzeck,rollt,VVFIN,rollen,12864,,
gdc,kscv.0,39811,40076,Woyzeck,woyzeck,Abends,ADV,abends,12864,,
gdc,kscv.0,39811,40076,Woyzeck,woyzeck,der,ART,der,12864,,
gdc,kscv.0,39811,40076,Woyzeck,woyzeck,Kopf,NN,kopf,12864,,
gdc,kscv.0,39811,40076,Woyzeck,woyzeck,",","$,",--,12864,,
gdc,kscv.0,39811,40076,Woyzeck,woyzeck,es,PPER,es,12864,,
gdc,kscv.0,39811,40076,Woyzeck,woyzeck,hob,VVFIN,heben,12864,,
gdc,kscv.0,39811,40076,Woyzeck,woyzeck,ihn,PPER,ihn,12864,,
gdc,kscv.0,39811,40076,Woyzeck,woyzeck,einmal,ADV,einmal,12864,,
gdc,kscv.0,39811,40076,Woyzeck,woyzeck,einer,PIS,ein,12864,,
gdc,kscv.0,39811,40076,Woyzeck,woyzeck,auf,PTKVZ,auf,12864,,
gdc,kscv.0,39811,40076,Woyzeck,woyzeck,",","$,",--,12864,,
gdc,kscv.0,39811,40076,Woyzeck,woyzeck,er,PPER,er,12864,,
gdc,kscv.0,39811,40076,Woyzeck,woyzeck,meint,VVFIN,meinen,12864,,
gdc,kscv.0,39811,40076,Woyzeck,woyzeck,',$(,--,12864,,
gdc,kscv.0,39811,40076,Woyzeck,woyzeck,es,PPER,es,12864,,
gdc,kscv.0,39811,40076,Woyzeck,woyzeck,wär,VAFIN,sein,12864,,
gdc,kscv.0,39811,40076,Woyzeck,woyzeck,',$(,--,12864,,
gdc,kscv.0,39811,40076,Woyzeck,woyzeck,ein,ART,ein,12864,,
gdc,kscv.0,39811,40076,Woyzeck,woyzeck,Igel,NN,igel,12864,,
gdc,kscv.0,39811,40076,Woyzeck,woyzeck,.,$.,--,12864,,
gdc,kscv.0,39811,40076,Woyzeck,woyzeck,Drei,CARD,drei,12864,,
gdc,kscv.0,39811,40076,Woyzeck,woyzeck,Tag,NN,tag,12864,,
gdc,kscv.0,39811,40076,Woyzeck,woyzeck,und,KON,und,12864,,
gdc,kscv.0,39811,40076,Woyzeck,woyzeck,drei,CARD,drei,12864,,
gdc,kscv.0,39811,40076,Woyzeck,woyzeck,Nächt,NN,nächt,12864,,
gdc,kscv.0,39811,40076,Woyzeck,woyzeck,und,KON,und,12864,,
gdc,kscv.0,39811,40076,Woyzeck,woyzeck,er,PPER,er,12864,,
gdc,kscv.0,39811,40076,Woyzeck,woyzeck,lag,VVFIN,liegen,12864,,
gdc,kscv.0,39811,40076,Woyzeck,woyzeck,auf,APPR,auf,12864,,
gdc,kscv.0,39811,40076,Woyzeck,woyzeck,den,ART,der,12864,,
gdc,kscv.0,39811,40076,Woyzeck,woyzeck,Hobelspänen,ADJA,hobelspan,12864,,
gdc,kscv.0,39811,40076,Woyzeck,woyzeck,Andres,NE,andres,12864,andres,(4)
gdc,kscv.0,39811,40076,Woyzeck,woyzeck,",","$,",--,12864,,
gdc,kscv.0,39811,40076,Woyzeck,woyzeck,das,PDS,der,12864,,
gdc,kscv.0,39811,40076,Woyzeck,woyzeck,waren,VAFIN,sein,12864,,
gdc,kscv.0,39811,40076,Woyzeck,woyzeck,die,ART,der,12864,,
gdc,kscv.0,39811,40076,Woyzeck,woyzeck,Freimaurer,NN,freimaurer,12864,,
gdc,kscv.0,39811,40076,Woyzeck,woyzeck,",","$,",--,12864,,
gdc,kscv.0,39811,40076,Woyzeck,woyzeck,ich,PPER,ich,12864,woyzeck,(1)
gdc,kscv.0,39811,40076,Woyzeck,woyzeck,hab,VVFIN,hab,12864,,
gdc,kscv.0,39811,40076,Woyzeck,woyzeck,',$(,--,12864,,
gdc,kscv.0,39811,40076,Woyzeck,woyzeck,s,PPER,--,12864,,
gdc,kscv.0,39811,40076,Woyzeck,woyzeck,",","$,",--,12864,,
gdc,kscv.0,39811,40076,Woyzeck,woyzeck,die,ART,der,12864,,
gdc,kscv.0,39811,40076,Woyzeck,woyzeck,Freimaurer,NN,freimaurer,12864,,
gdc,kscv.0,39811,40076,Woyzeck,woyzeck,",","$,",--,12864,,
gdc,kscv.0,39811,40076,Woyzeck,woyzeck,still,PTKVZ,still,12864,,
gdc,kscv.0,39811,40076,Woyzeck,woyzeck,"!",$.,--,12864,,
gdc,kscv.0,40081,40155,Andres,andres,Saßen,ADV,saßen,12864,,
gdc,kscv.0,40081,40155,Andres,andres,dort,ADV,dort,12864,,
gdc,kscv.0,40081,40155,Andres,andres,zwei,CARD,zwei,12864,,
gdc,kscv.0,40081,40155,Andres,andres,Hasen,NN,hase,12864,,
gdc,kscv.0,40081,40155,Andres,andres,",","$,",--,12864,,
gdc,kscv.0,40081,40155,Andres,andres,Fraßen,NN,fraße,12864,,
gdc,kscv.0,40081,40155,Andres,andres,ab,APPR,ab,12864,,
gdc,kscv.0,40081,40155,Andres,andres,das,ART,der,12864,,
gdc,kscv.0,40081,40155,Andres,andres,grüne,ADJA,grün,12864,,
gdc,kscv.0,40081,40155,Andres,andres,",","$,",--,12864,,
gdc,kscv.0,40081,40155,Andres,andres,grüne,ADJA,grün,12864,,
gdc,kscv.0,40081,40155,Andres,andres,Gras,NN,gras,12864,,
gdc,kscv.0,40081,40155,Andres,andres,.,$.,--,12864,,
gdc,kscv.0,40081,40155,Andres,andres,.,$.,--,12864,,
gdc,kscv.0,40081,40155,Andres,andres,.,$.,--,12864,,
gdc,kscv.0,40161,40189,Woyzeck,woyzeck,Still,ADJD,still,12864,,
gdc,kscv.0,40161,40189,Woyzeck,woyzeck,"!",$.,--,12864,,
gdc,kscv.0,40161,40189,Woyzeck,woyzeck,Es,PPER,es,12864,,
gdc,kscv.0,40161,40189,Woyzeck,woyzeck,geht,VVFIN,gehen,12864,,
gdc,kscv.0,40161,40189,Woyzeck,woyzeck,was,PWS,was,12864,,
gdc,kscv.0,40161,40189,Woyzeck,woyzeck,"!",$.,--,12864,,
gdc,kscv.0,40194,40254,Andres,andres,Fraßen,NN,fraße,12864,,
gdc,kscv.0,40194,40254,Andres,andres,ab,APPR,ab,12864,,
gdc,kscv.0,40194,40254,Andres,andres,das,ART,der,12864,,
gdc,kscv.0,40194,40254,Andres,andres,grüne,ADJA,grün,12864,,
gdc,kscv.0,40194,40254,Andres,andres,",","$,",--,12864,,
gdc,kscv.0,40194,40254,Andres,andres,grüne,ADJA,grün,12864,,
gdc,kscv.0,40194,40254,Andres,andres,Gras,NN,gras,12864,,
gdc,kscv.0,40194,40254,Andres,andres,Bis,APPR,bis,12864,,
gdc,kscv.0,40194,40254,Andres,andres,auf,APPR,auf,12864,,
gdc,kscv.0,40194,40254,Andres,andres,den,ART,der,12864,,
gdc,kscv.0,40194,40254,Andres,andres,Rasen,NN,rasen,12864,,
gdc,kscv.0,40194,40254,Andres,andres,.,$.,--,12864,,
gdc,kscv.0,40260,40374,Woyzeck,woyzeck,Es,PPER,es,12864,,
gdc,kscv.0,40260,40374,Woyzeck,woyzeck,geht,VVFIN,gehen,12864,,
gdc,kscv.0,40260,40374,Woyzeck,woyzeck,hinter,APPR,hinter,12864,,
gdc,kscv.0,40260,40374,Woyzeck,woyzeck,mir,PPER,sich,12864,woyzeck,(1)
gdc,kscv.0,40260,40374,Woyzeck,woyzeck,",","$,",--,12864,,
gdc,kscv.0,40260,40374,Woyzeck,woyzeck,unter,APPR,unter,12864,,
gdc,kscv.0,40260,40374,Woyzeck,woyzeck,mir,PPER,sich,12864,woyzeck,(1)
gdc,kscv.0,40260,40374,Woyzeck,woyzeck,hohl,ADV,hohl,12864,,
gdc,kscv.0,40260,40374,Woyzeck,woyzeck,",","$,",--,12864,,
gdc,kscv.0,40260,40374,Woyzeck,woyzeck,hörst,VVFIN,hören,12864,,
gdc,kscv.0,40260,40374,Woyzeck,woyzeck,du,PPER,du,12864,,
gdc,kscv.0,40260,40374,Woyzeck,woyzeck,?,$.,--,12864,,
gdc,kscv.0,40260,40374,Woyzeck,woyzeck,Alles,PIS,alle,12864,,
gdc,kscv.0,40260,40374,Woyzeck,woyzeck,hohl,VVFIN,hohl,12864,,
gdc,kscv.0,40260,40374,Woyzeck,woyzeck,da,ADV,da,12864,,
gdc,kscv.0,40260,40374,Woyzeck,woyzeck,unten,ADV,unten,12864,,
gdc,kscv.0,40260,40374,Woyzeck,woyzeck,.,$.,--,12864,,
gdc,kscv.0,40260,40374,Woyzeck,woyzeck,Die,ART,der,12864,,
gdc,kscv.0,40260,40374,Woyzeck,woyzeck,Freimaurer,NN,freimaurer,12864,,
gdc,kscv.0,40260,40374,Woyzeck,woyzeck,"!",$.,--,12864,,
gdc,kscv.0,40379,40403,Andres,andres,Ich,PPER,ich,12864,andres,(4)
gdc,kscv.0,40379,40403,Andres,andres,fürcht,VVFIN,fürchen,12864,,
gdc,kscv.0,40379,40403,Andres,andres,mich,PRF,mich,12864,andres,(4)
gdc,kscv.0,40379,40403,Andres,andres,.,$.,--,12864,,
gdc,kscv.0,40408,40476,Woyzeck,woyzeck,S,XY,--,12864,,
gdc,kscv.0,40408,40476,Woyzeck,woyzeck,',$(,--,12864,,
gdc,kscv.0,40408,40476,Woyzeck,woyzeck,ist,VAFIN,sein,12864,,
gdc,kscv.0,40408,40476,Woyzeck,woyzeck,so,ADV,so,12864,,
gdc,kscv.0,40408,40476,Woyzeck,woyzeck,kurios,ADJD,kurios,12864,,
gdc,kscv.0,40408,40476,Woyzeck,woyzeck,still,PTKVZ,still,12864,,
gdc,kscv.0,40408,40476,Woyzeck,woyzeck,.,$.,--,12864,,
gdc,kscv.0,40408,40476,Woyzeck,woyzeck,Man,PIS,man,12864,,
gdc,kscv.0,40408,40476,Woyzeck,woyzeck,möcht,VMFIN,möchen,12864,,
gdc,kscv.0,40408,40476,Woyzeck,woyzeck,den,ART,der,12864,,
gdc,kscv.0,40408,40476,Woyzeck,woyzeck,Athem,NN,athem,12864,,
gdc,kscv.0,40408,40476,Woyzeck,woyzeck,halten,VVINF,halten,12864,,
gdc,kscv.0,40408,40476,Woyzeck,woyzeck,.,$.,--,12864,,
gdc,kscv.0,40408,40476,Woyzeck,woyzeck,Andres,NE,andres,12864,andres,(4)
gdc,kscv.0,40408,40476,Woyzeck,woyzeck,"!",$.,--,12864,,
gdc,kscv.0,40481,40493,Andres,andres,Was,PWS,was,12864,,
gdc,kscv.0,40481,40493,Andres,andres,?,$.,--,12864,,
gdc,kscv.0,40498,40695,Woyzeck,woyzeck,Red,XY,red,12864,,
gdc,kscv.0,40498,40695,Woyzeck,woyzeck,was,PWS,was,12864,,
gdc,kscv.0,40498,40695,Woyzeck,woyzeck,"!",$.,--,12864,,
gdc,kscv.0,40498,40695,Woyzeck,woyzeck,Andres,NE,andres,12864,andres,(4)
gdc,kscv.0,40498,40695,Woyzeck,woyzeck,"!",$.,--,12864,,
gdc,kscv.0,40498,40695,Woyzeck,woyzeck,Wie,PWAV,wie,12864,,
gdc,kscv.0,40498,40695,Woyzeck,woyzeck,hell,ADJD,hell,12864,,
gdc,kscv.0,40498,40695,Woyzeck,woyzeck,"!",$.,--,12864,,
gdc,kscv.0,40498,40695,Woyzeck,woyzeck,Ein,ART,ein,12864,,
gdc,kscv.0,40498,40695,Woyzeck,woyzeck,Feuer,NN,feuer,12864,,
gdc,kscv.0,40498,40695,Woyzeck,woyzeck,fährt,VVFIN,fahren,12864,,
gdc,kscv.0,40498,40695,Woyzeck,woyzeck,um,APPR,um,12864,,
gdc,kscv.0,40498,40695,Woyzeck,woyzeck,den,ART,der,12864,,
gdc,kscv.0,40498,40695,Woyzeck,woyzeck,Himmel,NN,himmel,12864,,
gdc,kscv.0,40498,40695,Woyzeck,woyzeck,und,KON,und,12864,,
gdc,kscv.0,40498,40695,Woyzeck,woyzeck,ein,ART,ein,12864,,
gdc,kscv.0,40498,40695,Woyzeck,woyzeck,Getös,NN,getös,12864,,
gdc,kscv.0,40498,40695,Woyzeck,woyzeck,herunter,ADJD,herunter,12864,,
gdc,kscv.0,40498,40695,Woyzeck,woyzeck,wie,KOKOM,wie,12864,,
gdc,kscv.0,40498,40695,Woyzeck,woyzeck,Posaunen,NN,posaunen,12864,,
gdc,kscv.0,40498,40695,Woyzeck,woyzeck,.,$.,--,12864,,
gdc,kscv.0,40498,40695,Woyzeck,woyzeck,Wie,PWAV,wie,12864,,
gdc,kscv.0,40498,40695,Woyzeck,woyzeck,',$(,--,12864,,
gdc,kscv.0,40498,40695,Woyzeck,woyzeck,s,PPER,--,12864,,
gdc,kscv.0,40498,40695,Woyzeck,woyzeck,heraufzieht,VVFIN,heraufziehen,12864,,
gdc,kscv.0,40498,40695,Woyzeck,woyzeck,"!",$.,--,12864,,
gdc,kscv.0,40498,40695,Woyzeck,woyzeck,Fort,NN,fort,12864,,
gdc,kscv.0,40498,40695,Woyzeck,woyzeck,.,$.,--,12864,,
gdc,kscv.0,40498,40695,Woyzeck,woyzeck,Sieh,NE,sieh,12864,,
gdc,kscv.0,40498,40695,Woyzeck,woyzeck,nicht,PTKNEG,nicht,12864,,
gdc,kscv.0,40498,40695,Woyzeck,woyzeck,hinter,APPR,hinter,12864,,
gdc,kscv.0,40498,40695,Woyzeck,woyzeck,dich,PPER,dich,12864,,
gdc,kscv.0,40498,40695,Woyzeck,woyzeck,.,$.,--,12864,,
gdc,kscv.0,40700,40750,Andres,andres,Woyzeck,NE,woyzeck,12864,woyzeck,(1)
gdc,kscv.0,40700,40750,Andres,andres,"!",$.,--,12864,,
gdc,kscv.0,40700,40750,Andres,andres,hörst,VVFIN,hörsen,12864,,
gdc,kscv.0,40700,40750,Andres,andres,du,PPER,du,12864,,
gdc,kscv.0,40700,40750,Andres,andres,',$(,--,12864,,
gdc,kscv.0,40700,40750,Andres,andres,s,PPER,--,12864,,
gdc,kscv.0,40700,40750,Andres,andres,noch,ADV,noch,12864,,
gdc,kscv.0,40700,40750,Andres,andres,?,$.,--,12864,,
gdc,kscv.0,40755,40806,Woyzeck,woyzeck,Still,ADJD,still,12864,,
gdc,kscv.0,40755,40806,Woyzeck,woyzeck,",","$,",--,12864,,
gdc,kscv.0,40755,40806,Woyzeck,woyzeck,Alles,PIS,alle,12864,,
gdc,kscv.0,40755,40806,Woyzeck,woyzeck,still,ADJD,still,12864,,
gdc,kscv.0,40755,40806,Woyzeck,woyzeck,",","$,",--,12864,,
gdc,kscv.0,40755,40806,Woyzeck,woyzeck,als,KOKOM,als,12864,,
gdc,kscv.0,40755,40806,Woyzeck,woyzeck,wär,VAFIN,sein,12864,,
gdc,kscv.0,40755,40806,Woyzeck,woyzeck,die,ART,der,12864,,
gdc,kscv.0,40755,40806,Woyzeck,woyzeck,Welt,NN,welt,12864,,
gdc,kscv.0,40755,40806,Woyzeck,woyzeck,todt,ADJD,todt,12864,,
gdc,kscv.0,40755,40806,Woyzeck,woyzeck,.,$.,--,12864,,
gdc,kscv.0,40811,40864,Andres,andres,Hörst,VVFIN,hörst,12864,,
gdc,kscv.0,40811,40864,Andres,andres,du,PPER,du,12864,,
gdc,kscv.0,40811,40864,Andres,andres,?,$.,--,12864,,
gdc,kscv.0,40811,40864,Andres,andres,Sie,PPER,sie,12864,,
gdc,kscv.0,40811,40864,Andres,andres,trommeln,VVFIN,trommeln,12864,,
gdc,kscv.0,40811,40864,Andres,andres,drin,ADV,drin,12864,,
gdc,kscv.0,40811,40864,Andres,andres,.,$.,--,12864,,
gdc,kscv.0,40811,40864,Andres,andres,Wir,PPER,wir,12864,,
gdc,kscv.0,40811,40864,Andres,andres,müssen,VMFIN,müssen,12864,,
gdc,kscv.0,40811,40864,Andres,andres,fort,PTKVZ,fort,12864,,
gdc,kscv.0,40811,40864,Andres,andres,.,$.,--,12864,,
gdc,kscv.0,40985,41062,Marie,marie,He,NE,--,12864,,
gdc,kscv.0,40985,41062,Marie,marie,Bub,NE,bub,12864,,
gdc,kscv.0,40985,41062,Marie,marie,"!",$.,--,12864,,
gdc,kscv.0,40985,41062,Marie,marie,Sa,XY,sa,12864,,
gdc,kscv.0,40985,41062,Marie,marie,ra,XY,--,12864,,
gdc,kscv.0,40985,41062,Marie,marie,ra,XY,--,12864,,
gdc,kscv.0,40985,41062,Marie,marie,ra,XY,--,12864,,
gdc,kscv.0,40985,41062,Marie,marie,"!",$.,--,12864,,
gdc,kscv.0,40985,41062,Marie,marie,Hörst,NN,hörst,12864,,
gdc,kscv.0,40985,41062,Marie,marie,?,$.,--,12864,,
gdc,kscv.0,40985,41062,Marie,marie,Da,ADV,da,12864,,
gdc,kscv.0,40985,41062,Marie,marie,komme,VVFIN,kommen,12864,,
gdc,kscv.0,40985,41062,Marie,marie,sie,PPER,sie,12864,,
gdc,kscv.0,40985,41062,Marie,marie,.,$.,--,12864,,
gdc,kscv.0,41067,41104,Margreth,margreth,Was,PWS,was,12864,,
gdc,kscv.0,41067,41104,Margreth,margreth,ein,ART,ein,12864,,
gdc,kscv.0,41067,41104,Margreth,margreth,Mann,NN,mann,12864,,
gdc,kscv.0,41067,41104,Margreth,margreth,",","$,",--,12864,,
gdc,kscv.0,41067,41104,Margreth,margreth,wie,KOKOM,wie,12864,,
gdc,kscv.0,41067,41104,Margreth,margreth,ein,ART,ein,12864,,
gdc,kscv.0,41067,41104,Margreth,margreth,Baum,NN,baum,12864,,
gdc,kscv.0,41067,41104,Margreth,margreth,.,$.,--,12864,,
gdc,kscv.0,41110,41176,Marie,marie,Er,PPER,er,12864,,
gdc,kscv.0,41110,41176,Marie,marie,steht,VVFIN,stehen,12864,,
gdc,kscv.0,41110,41176,Marie,marie,auf,APPR,auf,12864,,
gdc,kscv.0,41110,41176,Marie,marie,seinen,PPOSAT,sein,12864,,
gdc,kscv.0,41110,41176,Marie,marie,Füßen,NN,fuß,12864,,
gdc,kscv.0,41110,41176,Marie,marie,wie,KOKOM,wie,12864,,
gdc,kscv.0,41110,41176,Marie,marie,ein,ART,ein,12864,,
gdc,kscv.0,41110,41176,Marie,marie,Löw,NN,löw,12864,,
gdc,kscv.0,41110,41176,Marie,marie,.,$.,--,12864,,
gdc,kscv.0,41180,41265,Margreth,margreth,Ey,NE,ey,12864,,
gdc,kscv.0,41180,41265,Margreth,margreth,",","$,",--,12864,,
gdc,kscv.0,41180,41265,Margreth,margreth,was,PWS,was,12864,,
gdc,kscv.0,41180,41265,Margreth,margreth,freundliche,ADJA,freundlich,12864,,
gdc,kscv.0,41180,41265,Margreth,margreth,Auge,NN,auge,12864,,
gdc,kscv.0,41180,41265,Margreth,margreth,",","$,",--,12864,,
gdc,kscv.0,41180,41265,Margreth,margreth,Frau,NN,frau,12864,,
gdc,kscv.0,41180,41265,Margreth,margreth,Nachbarin,NN,nachbarin,12864,,
gdc,kscv.0,41180,41265,Margreth,margreth,",","$,",--,12864,,
gdc,kscv.0,41180,41265,Margreth,margreth,so,ADV,so,12864,,
gdc,kscv.0,41180,41265,Margreth,margreth,was,PIS,was,12864,,
gdc,kscv.0,41180,41265,Margreth,margreth,is,PPER,--,12864,,
gdc,kscv.0,41180,41265,Margreth,margreth,man,PIS,man,12864,,
gdc,kscv.0,41180,41265,Margreth,margreth,an,APPR,an,12864,,
gdc,kscv.0,41180,41265,Margreth,margreth,ihr,PPER,ihr,12864,,
gdc,kscv.0,41180,41265,Margreth,margreth,nit,ADJD,nit,12864,,
gdc,kscv.0,41180,41265,Margreth,margreth,gewöhnt,VVPP,gewöhnen,12864,,
gdc,kscv.0,41180,41265,Margreth,margreth,.,$.,--,12864,,
gdc,kscv.0,41270,41318,Marie,marie,Soldaten,NN,soldat,12864,,
gdc,kscv.0,41270,41318,Marie,marie,das,PDS,der,12864,,
gdc,kscv.0,41270,41318,Marie,marie,sind,VAFIN,sein,12864,,
gdc,kscv.0,41270,41318,Marie,marie,schöne,ADJA,schön,12864,,
gdc,kscv.0,41270,41318,Marie,marie,Bursch,NN,bursch,12864,,
gdc,kscv.0,41270,41318,Marie,marie,.,$.,--,12864,,
gdc,kscv.0,41270,41318,Marie,marie,.,$.,--,12864,,
gdc,kscv.0,41270,41318,Marie,marie,.,$.,--,12864,,
gdc,kscv.0,41323,41358,Margreth,margreth,Ihre,PPOSAT,ihr,12864,,
gdc,kscv.0,41323,41358,Margreth,margreth,Auge,NN,auge,12864,,
gdc,kscv.0,41323,41358,Margreth,margreth,glänze,VVFIN,glänzen,12864,,
gdc,kscv.0,41323,41358,Margreth,margreth,ja,ADV,ja,12864,,
gdc,kscv.0,41323,41358,Margreth,margreth,noch,ADV,noch,12864,,
gdc,kscv.0,41323,41358,Margreth,margreth,.,$.,--,12864,,
gdc,kscv.0,41363,41500,Marie,marie,Und,KON,und,12864,,
gdc,kscv.0,41363,41500,Marie,marie,wenn,KOUS,wenn,12864,,
gdc,kscv.0,41363,41500,Marie,marie,"!",$.,--,12864,,
gdc,kscv.0,41363,41500,Marie,marie,Trag,VVFIN,trag,12864,,
gdc,kscv.0,41363,41500,Marie,marie,Sie,PPER,sie,12864,,
gdc,kscv.0,41363,41500,Marie,marie,Ihre,PPOSAT,ihr,12864,,
gdc,kscv.0,41363,41500,Marie,marie,Auge,NN,auge,12864,,
gdc,kscv.0,41363,41500,Marie,marie,zum,APPRART,zu,12864,,
gdc,kscv.0,41363,41500,Marie,marie,Jud,NN,jud,12864,jud,(27)
gdc,kscv.0,41363,41500,Marie,marie,und,KON,und,12864,,
gdc,kscv.0,41363,41500,Marie,marie,laß,VVFIN,lassen,12864,,
gdc,kscv.0,41363,41500,Marie,marie,Sie,PPER,sie,12864,,
gdc,kscv.0,41363,41500,Marie,marie,sie,PPER,sie,12864,,
gdc,kscv.0,41363,41500,Marie,marie,putze,VVFIN,putzen,12864,,
gdc,kscv.0,41363,41500,Marie,marie,",","$,",--,12864,,
gdc,kscv.0,41363,41500,Marie,marie,vielleicht,ADV,vielleicht,12864,,
gdc,kscv.0,41363,41500,Marie,marie,glänze,VVFIN,glänzen,12864,,
gdc,kscv.0,41363,41500,Marie,marie,sie,PPER,sie,12864,,
gdc,kscv.0,41363,41500,Marie,marie,noch,ADV,noch,12864,,
gdc,kscv.0,41363,41500,Marie,marie,",","$,",--,12864,,
gdc,kscv.0,41363,41500,Marie,marie,daß,KOUS,daß,12864,,
gdc,kscv.0,41363,41500,Marie,marie,man,PIS,man,12864,,
gdc,kscv.0,41363,41500,Marie,marie,sie,PPER,sie,12864,,
gdc,kscv.0,41363,41500,Marie,marie,für,APPR,für,12864,,
gdc,kscv.0,41363,41500,Marie,marie,zwei,CARD,zwei,12864,,
gdc,kscv.0,41363,41500,Marie,marie,Knöpf,NN,knöpf,12864,,
gdc,kscv.0,41363,41500,Marie,marie,verkaufe,VVINF,verkaufen,12864,,
gdc,kscv.0,41363,41500,Marie,marie,könnt,VVFIN,können,12864,,
gdc,kscv.0,41363,41500,Marie,marie,.,$.,--,12864,,
gdc,kscv.0,41505,41618,Margreth,margreth,Was,PWS,was,12864,,
gdc,kscv.0,41505,41618,Margreth,margreth,Sie,PPER,sie,12864,,
gdc,kscv.0,41505,41618,Margreth,margreth,?,$.,--,12864,,
gdc,kscv.0,41505,41618,Margreth,margreth,Sie,PPER,sie,12864,,
gdc,kscv.0,41505,41618,Margreth,margreth,?,$.,--,12864,,
gdc,kscv.0,41505,41618,Margreth,margreth,Frau,NN,frau,12864,,
gdc,kscv.0,41505,41618,Margreth,margreth,Jungfer,NE,jungfer,12864,,
gdc,kscv.0,41505,41618,Margreth,margreth,",","$,",--,12864,,
gdc,kscv.0,41505,41618,Margreth,margreth,ich,PPER,ich,12864,margreth,(15)
gdc,kscv.0,41505,41618,Margreth,margreth,bin,VAFIN,sein,12864,,
gdc,kscv.0,41505,41618,Margreth,margreth,eine,ART,ein,12864,,
gdc,kscv.0,41505,41618,Margreth,margreth,honette,ADJA,honett,12864,,
gdc,kscv.0,41505,41618,Margreth,margreth,Person,NN,person,12864,,
gdc,kscv.0,41505,41618,Margreth,margreth,",","$,",--,12864,,
gdc,kscv.0,41505,41618,Margreth,margreth,aber,KON,aber,12864,,
gdc,kscv.0,41505,41618,Margreth,margreth,Sie,PPER,sie,12864,,
gdc,kscv.0,41505,41618,Margreth,margreth,",","$,",--,12864,,
gdc,kscv.0,41505,41618,Margreth,margreth,Sie,PPER,sie,12864,,
gdc,kscv.0,41505,41618,Margreth,margreth,guckt,VVFIN,gucken,12864,,
gdc,kscv.0,41505,41618,Margreth,margreth,7,CARD,7,12864,,
gdc,kscv.0,41505,41618,Margreth,margreth,Paar,NN,paar,12864,,
gdc,kscv.0,41505,41618,Margreth,margreth,lederne,ADJA,ledern,12864,,
gdc,kscv.0,41505,41618,Margreth,margreth,Hose,NN,hose,12864,,
gdc,kscv.0,41505,41618,Margreth,margreth,durch,PTKVZ,durch,12864,,
gdc,kscv.0,41505,41618,Margreth,margreth,.,$.,--,12864,,
gdc,kscv.0,41623,42200,Marie,marie,Luder,NE,luder,12864,,
gdc,kscv.0,41623,42200,Marie,marie,"!",$.,--,12864,,
gdc,kscv.0,41623,42200,Marie,marie,Komm,NN,komm,12864,,
gdc,kscv.0,41623,42200,Marie,marie,mein,PPOSAT,mein,12864,marie,(2)
gdc,kscv.0,41623,42200,Marie,marie,Bub,NN,bub,12864,,
gdc,kscv.0,41623,42200,Marie,marie,.,$.,--,12864,,
gdc,kscv.0,41623,42200,Marie,marie,Was,PWS,was,12864,,
gdc,kscv.0,41623,42200,Marie,marie,die,ART,der,12864,,
gdc,kscv.0,41623,42200,Marie,marie,Leut,NN,leut,12864,,
gdc,kscv.0,41623,42200,Marie,marie,wollen,VMFIN,wollen,12864,,
gdc,kscv.0,41623,42200,Marie,marie,.,$.,--,12864,,
gdc,kscv.0,41623,42200,Marie,marie,Bist,VAFIN,sein,12864,,
gdc,kscv.0,41623,42200,Marie,marie,doch,ADV,doch,12864,,
gdc,kscv.0,41623,42200,Marie,marie,nur,ADV,nur,12864,,
gdc,kscv.0,41623,42200,Marie,marie,en,FM,--,12864,,
gdc,kscv.0,41623,42200,Marie,marie,arm,FM,arm,12864,,
gdc,kscv.0,41623,42200,Marie,marie,Hurenkind,FM,hurenkind,12864,,
gdc,kscv.0,41623,42200,Marie,marie,und,KON,und,12864,,
gdc,kscv.0,41623,42200,Marie,marie,machst,VVFIN,machen,12864,,
gdc,kscv.0,41623,42200,Marie,marie,deiner,PPOSAT,dein,12864,,
gdc,kscv.0,41623,42200,Marie,marie,Mutter,NN,mutter,12864,,
gdc,kscv.0,41623,42200,Marie,marie,Freud,NE,freud,12864,,
gdc,kscv.0,41623,42200,Marie,marie,mit,APPR,mit,12864,,
gdc,kscv.0,41623,42200,Marie,marie,deim,APPRART,deim,12864,,
gdc,kscv.0,41623,42200,Marie,marie,unehrliche,ADJA,unehrlich,12864,,
gdc,kscv.0,41623,42200,Marie,marie,Gesicht,NN,gesicht,12864,,
gdc,kscv.0,41623,42200,Marie,marie,.,$.,--,12864,,
gdc,kscv.0,41623,42200,Marie,marie,Sa,NE,sa,12864,,
gdc,kscv.0,41623,42200,Marie,marie,"!",$.,--,12864,,
gdc,kscv.0,41623,42200,Marie,marie,Sa,NE,sa,12864,,
gdc,kscv.0,41623,42200,Marie,marie,"!",$.,--,12864,,
gdc,kscv.0,41623,42200,Marie,marie,Mädel,NE,mädel,12864,,
gdc,kscv.0,41623,42200,Marie,marie,",","$,",--,12864,,
gdc,kscv.0,41623,42200,Marie,marie,was,PWS,was,12864,,
gdc,kscv.0,41623,42200,Marie,marie,fangst,ADV,fangen,12864,,
gdc,kscv.0,41623,42200,Marie,marie,du,PPER,du,12864,,
gdc,kscv.0,41623,42200,Marie,marie,jezt,VVFIN,jezt,12864,,
gdc,kscv.0,41623,42200,Marie,marie,an,PTKVZ,an,12864,,
gdc,kscv.0,41623,42200,Marie,marie,?,$.,--,12864,,
gdc,kscv.0,41623,42200,Marie,marie,Hast,ADV,haben,12864,,
gdc,kscv.0,41623,42200,Marie,marie,ein,ART,ein,12864,,
gdc,kscv.0,41623,42200,Marie,marie,klein,ADJA,klein,12864,,
gdc,kscv.0,41623,42200,Marie,marie,Kind,NN,kind,12864,,
gdc,kscv.0,41623,42200,Marie,marie,und,KON,und,12864,,
gdc,kscv.0,41623,42200,Marie,marie,kein,PIAT,kein,12864,,
gdc,kscv.0,41623,42200,Marie,marie,Mann,NN,mann,12864,,
gdc,kscv.0,41623,42200,Marie,marie,.,$.,--,12864,,
gdc,kscv.0,41623,42200,Marie,marie,Ey,NE,ey,12864,,
gdc,kscv.0,41623,42200,Marie,marie,was,PWS,was,12864,,
gdc,kscv.0,41623,42200,Marie,marie,frag,VVFIN,frag,12864,,
gdc,kscv.0,41623,42200,Marie,marie,ich,PPER,ich,12864,marie,(2)
gdc,kscv.0,41623,42200,Marie,marie,danach,PROAV,danach,12864,,
gdc,kscv.0,41623,42200,Marie,marie,",","$,",--,12864,,
gdc,kscv.0,41623,42200,Marie,marie,Sing,NE,sing,12864,,
gdc,kscv.0,41623,42200,Marie,marie,ich,PPER,ich,12864,marie,(2)
gdc,kscv.0,41623,42200,Marie,marie,die,ART,der,12864,,
gdc,kscv.0,41623,42200,Marie,marie,ganze,ADJA,ganz,12864,,
gdc,kscv.0,41623,42200,Marie,marie,Nacht,NN,nacht,12864,,
gdc,kscv.0,41623,42200,Marie,marie,Heyo,NE,heyo,12864,,
gdc,kscv.0,41623,42200,Marie,marie,popeio,NE,popeio,12864,,
gdc,kscv.0,41623,42200,Marie,marie,mein,PPOSAT,mein,12864,marie,(2)
gdc,kscv.0,41623,42200,Marie,marie,Bu,NN,bu,12864,,
gdc,kscv.0,41623,42200,Marie,marie,.,$.,--,12864,,
gdc,kscv.0,41623,42200,Marie,marie,Juchhe,NE,juchhe,12864,,
gdc,kscv.0,41623,42200,Marie,marie,"!",$.,--,12864,,
gdc,kscv.0,41623,42200,Marie,marie,Giebt,VVFIN,gieben,12864,,
gdc,kscv.0,41623,42200,Marie,marie,mir,PPER,sich,12864,marie,(2)
gdc,kscv.0,41623,42200,Marie,marie,kein,PIAT,kein,12864,,
gdc,kscv.0,41623,42200,Marie,marie,Mensch,NN,mensch,12864,,
gdc,kscv.0,41623,42200,Marie,marie,nix,ADJD,nix,12864,,
gdc,kscv.0,41623,42200,Marie,marie,dazu,PROAV,dazu,12864,,
gdc,kscv.0,41623,42200,Marie,marie,.,$.,--,12864,,
gdc,kscv.0,41623,42200,Marie,marie,Hansel,NE,hansel,12864,,
gdc,kscv.0,41623,42200,Marie,marie,spann,VVFIN,spann,12864,,
gdc,kscv.0,41623,42200,Marie,marie,deine,PPOSAT,dein,12864,,
gdc,kscv.0,41623,42200,Marie,marie,sechs,CARD,sechs,12864,,
gdc,kscv.0,41623,42200,Marie,marie,Schimmel,NN,schimmel,12864,,
gdc,kscv.0,41623,42200,Marie,marie,an,PTKVZ,an,12864,,
gdc,kscv.0,41623,42200,Marie,marie,",","$,",--,12864,,
gdc,kscv.0,41623,42200,Marie,marie,Gieb,NE,gieb,12864,,
gdc,kscv.0,41623,42200,Marie,marie,ihn,PPER,ihn,12864,,
gdc,kscv.0,41623,42200,Marie,marie,zu,PTKA,zu,12864,,
gdc,kscv.0,41623,42200,Marie,marie,fresse,ADJD,fressen,12864,,
gdc,kscv.0,41623,42200,Marie,marie,auf,PTKVZ,auf,12864,,
gdc,kscv.0,41623,42200,Marie,marie,',$(,--,12864,,
gdc,kscv.0,41623,42200,Marie,marie,s,PPER,--,12864,,
gdc,kscv.0,41623,42200,Marie,marie,neu,ADJD,neu,12864,,
gdc,kscv.0,41623,42200,Marie,marie,.,$.,--,12864,,
gdc,kscv.0,41623,42200,Marie,marie,Kein,PIAT,kein,12864,,
gdc,kscv.0,41623,42200,Marie,marie,Haber,NN,haber,12864,,
gdc,kscv.0,41623,42200,Marie,marie,fresse,VVFIN,fressen,12864,,
gdc,kscv.0,41623,42200,Marie,marie,sie,PPER,sie,12864,,
gdc,kscv.0,41623,42200,Marie,marie,",","$,",--,12864,,
gdc,kscv.0,41623,42200,Marie,marie,Kein,PIAT,kein,12864,,
gdc,kscv.0,41623,42200,Marie,marie,Wasser,NN,wasser,12864,,
gdc,kscv.0,41623,42200,Marie,marie,saufe,VVFIN,saufen,12864,,
gdc,kscv.0,41623,42200,Marie,marie,sie,PPER,sie,12864,,
gdc,kscv.0,41623,42200,Marie,marie,",","$,",--,12864,,
gdc,kscv.0,41623,42200,Marie,marie,Lauter,NN,lauter,12864,,
gdc,kscv.0,41623,42200,Marie,marie,kühle,ADJA,kühl,12864,,
gdc,kscv.0,41623,42200,Marie,marie,Wein,NN,wein,12864,,
gdc,kscv.0,41623,42200,Marie,marie,muß,VMFIN,müssen,12864,,
gdc,kscv.0,41623,42200,Marie,marie,es,PPER,es,12864,,
gdc,kscv.0,41623,42200,Marie,marie,seyn,NE,seyn,12864,,
gdc,kscv.0,41623,42200,Marie,marie,.,$.,--,12864,,
gdc,kscv.0,41623,42200,Marie,marie,Juchhe,NE,juchhe,12864,,
gdc,kscv.0,41623,42200,Marie,marie,"!",$.,--,12864,,
gdc,kscv.0,41623,42200,Marie,marie,Lauter,NN,lauter,12864,,
gdc,kscv.0,41623,42200,Marie,marie,kühle,VVFIN,kühl,12864,,
gdc,kscv.0,41623,42200,Marie,marie,Wein,NN,wein,12864,,
gdc,kscv.0,41623,42200,Marie,marie,muß,VMFIN,müssen,12864,,
gdc,kscv.0,41623,42200,Marie,marie,es,PPER,es,12864,,
gdc,kscv.0,41623,42200,Marie,marie,seyn,NE,seyn,12864,,
gdc,kscv.0,41623,42200,Marie,marie,.,$.,--,12864,,
gdc,kscv.0,42204,42248,Marie,marie,Wer,PWS,wer,12864,,
gdc,kscv.0,42204,42248,Marie,marie,da,ADV,da,12864,,
gdc,kscv.0,42204,42248,Marie,marie,?,$.,--,12864,,
gdc,kscv.0,42204,42248,Marie,marie,Bist,VAFIN,sein,12864,,
gdc,kscv.0,42204,42248,Marie,marie,du,PPER,du,12864,,
gdc,kscv.0,42204,42248,Marie,marie,',$(,--,12864,,
gdc,kscv.0,42204,42248,Marie,marie,s,ART,--,12864,,
gdc,kscv.0,42204,42248,Marie,marie,Franz,NN,franz,12864,,
gdc,kscv.0,42204,42248,Marie,marie,?,$.,--,12864,,
gdc,kscv.0,42204,42248,Marie,marie,Komm,NN,komm,12864,,
gdc,kscv.0,42204,42248,Marie,marie,herein,PTKVZ,herein,12864,,
gdc,kscv.0,42204,42248,Marie,marie,"!",$.,--,12864,,
gdc,kscv.0,42253,42287,Woyzeck,woyzeck,Kann,VMFIN,können,12864,,
gdc,kscv.0,42253,42287,Woyzeck,woyzeck,nit,PTKVZ,nit,12864,,
gdc,kscv.0,42253,42287,Woyzeck,woyzeck,.,$.,--,12864,,
gdc,kscv.0,42253,42287,Woyzeck,woyzeck,Muß,VMFIN,müssen,12864,,
gdc,kscv.0,42253,42287,Woyzeck,woyzeck,zum,APPRART,zu,12864,,
gdc,kscv.0,42253,42287,Woyzeck,woyzeck,Verles,NN,verles,12864,,
gdc,kscv.0,42253,42287,Woyzeck,woyzeck,.,$.,--,12864,,
gdc,kscv.0,42292,42317,Marie,marie,Was,PWS,was,12864,,
gdc,kscv.0,42292,42317,Marie,marie,hast,VAFIN,haben,12864,,
gdc,kscv.0,42292,42317,Marie,marie,du,PPER,du,12864,,
gdc,kscv.0,42292,42317,Marie,marie,Franz,NE,franz,12864,,
gdc,kscv.0,42292,42317,Marie,marie,?,$.,--,12864,,
gdc,kscv.0,42322,42462,Woyzeck,woyzeck,Marie,NE,marie,12864,marie,(2)
gdc,kscv.0,42322,42462,Woyzeck,woyzeck,",","$,",--,12864,,
gdc,kscv.0,42322,42462,Woyzeck,woyzeck,es,PPER,es,12864,,
gdc,kscv.0,42322,42462,Woyzeck,woyzeck,war,VAFIN,sein,12864,,
gdc,kscv.0,42322,42462,Woyzeck,woyzeck,wieder,ADV,wieder,12864,,
gdc,kscv.0,42322,42462,Woyzeck,woyzeck,was,PWS,was,12864,,
gdc,kscv.0,42322,42462,Woyzeck,woyzeck,",","$,",--,12864,,
gdc,kscv.0,42322,42462,Woyzeck,woyzeck,viel,PIS,viel,12864,,
gdc,kscv.0,42322,42462,Woyzeck,woyzeck,",","$,",--,12864,,
gdc,kscv.0,42322,42462,Woyzeck,woyzeck,steht,VVFIN,stehen,12864,,
gdc,kscv.0,42322,42462,Woyzeck,woyzeck,nicht,PTKNEG,nicht,12864,,
gdc,kscv.0,42322,42462,Woyzeck,woyzeck,geschrieben,VVPP,schreiben,12864,,
gdc,kscv.0,42322,42462,Woyzeck,woyzeck,:,$.,--,12864,,
gdc,kscv.0,42322,42462,Woyzeck,woyzeck,und,KON,und,12864,,
gdc,kscv.0,42322,42462,Woyzeck,woyzeck,sieh,VVFIN,sieh,12864,,
gdc,kscv.0,42322,42462,Woyzeck,woyzeck,da,ADV,da,12864,,
gdc,kscv.0,42322,42462,Woyzeck,woyzeck,ging,VVFIN,gehen,12864,,
gdc,kscv.0,42322,42462,Woyzeck,woyzeck,ein,ART,ein,12864,,
gdc,kscv.0,42322,42462,Woyzeck,woyzeck,Rauch,NN,rauch,12864,,
gdc,kscv.0,42322,42462,Woyzeck,woyzeck,vom,APPRART,von,12864,,
gdc,kscv.0,42322,42462,Woyzeck,woyzeck,Land,NN,land,12864,,
gdc,kscv.0,42322,42462,Woyzeck,woyzeck,",","$,",--,12864,,
gdc,kscv.0,42322,42462,Woyzeck,woyzeck,wie,KOKOM,wie,12864,,
gdc,kscv.0,42322,42462,Woyzeck,woyzeck,der,ART,der,12864,,
gdc,kscv.0,42322,42462,Woyzeck,woyzeck,Rauch,NN,rauch,12864,,
gdc,kscv.0,42322,42462,Woyzeck,woyzeck,vom,APPRART,von,12864,,
gdc,kscv.0,42322,42462,Woyzeck,woyzeck,Ofen,NN,ofen,12864,,
gdc,kscv.0,42322,42462,Woyzeck,woyzeck,?,$.,--,12864,,
gdc,kscv.0,42467,42479,Marie,marie,Mann,NN,mann,12864,,
gdc,kscv.0,42467,42479,Marie,marie,"!",$.,--,12864,,
gdc,kscv.0,42484,42559,Woyzeck,woyzeck,Es,PPER,es,12864,,
gdc,kscv.0,42484,42559,Woyzeck,woyzeck,ist,VAFIN,sein,12864,,
gdc,kscv.0,42484,42559,Woyzeck,woyzeck,hinter,APPR,hinter,12864,,
gdc,kscv.0,42484,42559,Woyzeck,woyzeck,mir,PPER,sich,12864,woyzeck,(1)
gdc,kscv.0,42484,42559,Woyzeck,woyzeck,gegangen,VVPP,gehen,12864,,
gdc,kscv.0,42484,42559,Woyzeck,woyzeck,bis,APPR,bis,12864,,
gdc,kscv.0,42484,42559,Woyzeck,woyzeck,vor,APPR,vor,12864,,
gdc,kscv.0,42484,42559,Woyzeck,woyzeck,die,ART,der,12864,,
gdc,kscv.0,42484,42559,Woyzeck,woyzeck,Stadt,NN,stadt,12864,,
gdc,kscv.0,42484,42559,Woyzeck,woyzeck,.,$.,--,12864,,
gdc,kscv.0,42484,42559,Woyzeck,woyzeck,Was,PWS,was,12864,,
gdc,kscv.0,42484,42559,Woyzeck,woyzeck,soll,VMFIN,sollen,12864,,
gdc,kscv.0,42484,42559,Woyzeck,woyzeck,das,PDS,der,12864,,
gdc,kscv.0,42484,42559,Woyzeck,woyzeck,werden,VAINF,werden,12864,,
gdc,kscv.0,42484,42559,Woyzeck,woyzeck,?,$.,--,12864,,
gdc,kscv.0,42565,42578,Marie,marie,Franz,NE,franz,12864,,
gdc,kscv.0,42565,42578,Marie,marie,"!",$.,--,12864,,
gdc,kscv.0,42583,42614,Woyzeck,woyzeck,Ich,PPER,ich,12864,woyzeck,(1)
gdc,kscv.0,42583,42614,Woyzeck,woyzeck,muß,VMFIN,müssen,12864,,
gdc,kscv.0,42583,42614,Woyzeck,woyzeck,fort,PTKVZ,fort,12864,,
gdc,kscv.0,42583,42614,Woyzeck,woyzeck,.,$.,--,12864,,
gdc,kscv.0,42619,42899,Marie,marie,Der,ART,der,12864,,
gdc,kscv.0,42619,42899,Marie,marie,Mann,NN,mann,12864,,
gdc,kscv.0,42619,42899,Marie,marie,"!",$.,--,12864,,
gdc,kscv.0,42619,42899,Marie,marie,So,ADV,so,12864,,
gdc,kscv.0,42619,42899,Marie,marie,vergeistert,VVPP,vergeistern,12864,,
gdc,kscv.0,42619,42899,Marie,marie,.,$.,--,12864,,
gdc,kscv.0,42619,42899,Marie,marie,Er,PPER,er,12864,,
gdc,kscv.0,42619,42899,Marie,marie,hat,VAFIN,haben,12864,,
gdc,kscv.0,42619,42899,Marie,marie,sein,PPOSAT,sein,12864,,
gdc,kscv.0,42619,42899,Marie,marie,Kind,NN,kind,12864,,
gdc,kscv.0,42619,42899,Marie,marie,nicht,PTKNEG,nicht,12864,,
gdc,kscv.0,42619,42899,Marie,marie,angesehn,VVPP,angesehn,12864,,
gdc,kscv.0,42619,42899,Marie,marie,.,$.,--,12864,,
gdc,kscv.0,42619,42899,Marie,marie,Er,PPER,er,12864,,
gdc,kscv.0,42619,42899,Marie,marie,schnappt,VVFIN,schnappen,12864,,
gdc,kscv.0,42619,42899,Marie,marie,noch,ADV,noch,12864,,
gdc,kscv.0,42619,42899,Marie,marie,über,APPR,über,12864,,
gdc,kscv.0,42619,42899,Marie,marie,mit,APPR,mit,12864,,
gdc,kscv.0,42619,42899,Marie,marie,den,ART,der,12864,,
gdc,kscv.0,42619,42899,Marie,marie,Gedanken,NN,gedanke,12864,,
gdc,kscv.0,42619,42899,Marie,marie,.,$.,--,12864,,
gdc,kscv.0,42619,42899,Marie,marie,Was,PWS,was,12864,,
gdc,kscv.0,42619,42899,Marie,marie,bist,ADV,sein,12864,,
gdc,kscv.0,42619,42899,Marie,marie,so,ADV,so,12864,,
gdc,kscv.0,42619,42899,Marie,marie,still,PTKVZ,still,12864,,
gdc,kscv.0,42619,42899,Marie,marie,",","$,",--,12864,,
gdc,kscv.0,42619,42899,Marie,marie,Bub,NN,bub,12864,,
gdc,kscv.0,42619,42899,Marie,marie,?,$.,--,12864,,
gdc,kscv.0,42619,42899,Marie,marie,Furchst,NE,furchst,12864,,
gdc,kscv.0,42619,42899,Marie,marie,',$(,--,12864,,
gdc,kscv.0,42619,42899,Marie,marie,dich,PPER,dich,12864,,
gdc,kscv.0,42619,42899,Marie,marie,?,$.,--,12864,,
gdc,kscv.0,42619,42899,Marie,marie,Es,PPER,es,12864,,
gdc,kscv.0,42619,42899,Marie,marie,wird,VAFIN,werden,12864,,
gdc,kscv.0,42619,42899,Marie,marie,so,ADV,so,12864,,
gdc,kscv.0,42619,42899,Marie,marie,dunkel,ADJD,dunkel,12864,,
gdc,kscv.0,42619,42899,Marie,marie,",","$,",--,12864,,
gdc,kscv.0,42619,42899,Marie,marie,man,PIS,man,12864,,
gdc,kscv.0,42619,42899,Marie,marie,meint,VVFIN,meinen,12864,,
gdc,kscv.0,42619,42899,Marie,marie,",","$,",--,12864,,
gdc,kscv.0,42619,42899,Marie,marie,man,PIS,man,12864,,
gdc,kscv.0,42619,42899,Marie,marie,wär,PPER,sein,12864,,
gdc,kscv.0,42619,42899,Marie,marie,blind,ADJD,blind,12864,,
gdc,kscv.0,42619,42899,Marie,marie,.,$.,--,12864,,
gdc,kscv.0,42619,42899,Marie,marie,Sonst,ADV,sonst,12864,,
gdc,kscv.0,42619,42899,Marie,marie,scheint,VVFIN,scheinen,12864,,
gdc,kscv.0,42619,42899,Marie,marie,doch,ADV,doch,12864,,
gdc,kscv.0,42619,42899,Marie,marie,als,KOKOM,als,12864,,
gdc,kscv.0,42619,42899,Marie,marie,die,ART,der,12864,,
gdc,kscv.0,42619,42899,Marie,marie,Latern,NN,later,12864,,
gdc,kscv.0,42619,42899,Marie,marie,herein,PTKVZ,herein,12864,,
gdc,kscv.0,42619,42899,Marie,marie,.,$.,--,12864,,
gdc,kscv.0,42619,42899,Marie,marie,Ich,PPER,ich,12864,marie,(2)
gdc,kscv.0,42619,42899,Marie,marie,halt,VVFIN,halt,12864,,
gdc,kscv.0,42619,42899,Marie,marie,',$(,--,12864,,
gdc,kscv.0,42619,42899,Marie,marie,s,PPER,--,12864,,
gdc,kscv.0,42619,42899,Marie,marie,nicht,PTKNEG,nicht,12864,,
gdc,kscv.0,42619,42899,Marie,marie,aus,PTKVZ,aus,12864,,
gdc,kscv.0,42619,42899,Marie,marie,.,$.,--,12864,,
gdc,kscv.0,42619,42899,Marie,marie,Es,PPER,es,12864,,
gdc,kscv.0,42619,42899,Marie,marie,schauert,VVFIN,schauern,12864,,
gdc,kscv.0,42619,42899,Marie,marie,mich,PPER,mich,12864,marie,(2)
gdc,kscv.0,42619,42899,Marie,marie,.,$.,--,12864,,
gdc,kscv.0,43034,43912,Marie,marie,Was,PWS,was,12864,,
gdc,kscv.0,43034,43912,Marie,marie,die,ART,der,12864,,
gdc,kscv.0,43034,43912,Marie,marie,Steine,NN,stein,12864,,
gdc,kscv.0,43034,43912,Marie,marie,glänze,VVFIN,glänz,12864,,
gdc,kscv.0,43034,43912,Marie,marie,"!",$.,--,12864,,
gdc,kscv.0,43034,43912,Marie,marie,Was,PWS,was,12864,,
gdc,kscv.0,43034,43912,Marie,marie,sind,VAFIN,sein,12864,,
gdc,kscv.0,43034,43912,Marie,marie,',$(,--,12864,,
gdc,kscv.0,43034,43912,Marie,marie,s,PPER,--,12864,,
gdc,kscv.0,43034,43912,Marie,marie,für,APPR,für,12864,,
gdc,kscv.0,43034,43912,Marie,marie,?,$.,--,12864,,
gdc,kscv.0,43034,43912,Marie,marie,Was,PWS,was,12864,,
gdc,kscv.0,43034,43912,Marie,marie,hat,VAFIN,haben,12864,,
gdc,kscv.0,43034,43912,Marie,marie,er,PPER,er,12864,,
gdc,kscv.0,43034,43912,Marie,marie,gesagt,VVPP,sagen,12864,,
gdc,kscv.0,43034,43912,Marie,marie,?,$.,--,12864,,
gdc,kscv.0,43034,43912,Marie,marie,–,XY,–,12864,,
gdc,kscv.0,43034,43912,Marie,marie,Schlaf,NN,schlaf,12864,,
gdc,kscv.0,43034,43912,Marie,marie,Bub,NE,bub,12864,,
gdc,kscv.0,43034,43912,Marie,marie,"!",$.,--,12864,,
gdc,kscv.0,43034,43912,Marie,marie,Drück,PROAV,drück,12864,,
gdc,kscv.0,43034,43912,Marie,marie,die,ART,der,12864,,
gdc,kscv.0,43034,43912,Marie,marie,Auge,NN,auge,12864,,
gdc,kscv.0,43034,43912,Marie,marie,zu,PTKVZ,zu,12864,,
gdc,kscv.0,43034,43912,Marie,marie,",","$,",--,12864,,
gdc,kscv.0,43034,43912,Marie,marie,fest,PTKVZ,fest,12864,,
gdc,kscv.0,43034,43912,Marie,marie,",","$,",--,12864,,
gdc,kscv.0,43034,43912,Marie,marie,noch,ADV,noch,12864,,
gdc,kscv.0,43034,43912,Marie,marie,fester,ADJD,fest,12864,,
gdc,kscv.0,43034,43912,Marie,marie,",","$,",--,12864,,
gdc,kscv.0,43034,43912,Marie,marie,bleib,ADJD,bleib,12864,,
gdc,kscv.0,43034,43912,Marie,marie,so,ADV,so,12864,,
gdc,kscv.0,43034,43912,Marie,marie,",","$,",--,12864,,
gdc,kscv.0,43034,43912,Marie,marie,still,ADJD,still,12864,,
gdc,kscv.0,43034,43912,Marie,marie,oder,KON,oder,12864,,
gdc,kscv.0,43034,43912,Marie,marie,er,PPER,er,12864,,
gdc,kscv.0,43034,43912,Marie,marie,holt,VVFIN,holen,12864,,
gdc,kscv.0,43034,43912,Marie,marie,dich,PRF,dich,12864,,
gdc,kscv.0,43034,43912,Marie,marie,.,$.,--,12864,,
gdc,kscv.0,43034,43912,Marie,marie,Mädel,NE,mädel,12864,,
gdc,kscv.0,43034,43912,Marie,marie,mach,VVFIN,machen,12864,,
gdc,kscv.0,43034,43912,Marie,marie,',$(,--,12864,,
gdc,kscv.0,43034,43912,Marie,marie,s,ART,--,12864,,
gdc,kscv.0,43034,43912,Marie,marie,Ladel,NN,ladel,12864,,
gdc,kscv.0,43034,43912,Marie,marie,zu,PTKVZ,zu,12864,,
gdc,kscv.0,43034,43912,Marie,marie,",","$,",--,12864,,
gdc,kscv.0,43034,43912,Marie,marie,S,NE,--,12864,,
gdc,kscv.0,43034,43912,Marie,marie,',$(,--,12864,,
gdc,kscv.0,43034,43912,Marie,marie,kommt,VVFIN,kommen,12864,,
gdc,kscv.0,43034,43912,Marie,marie,e,ADJA,E,12864,,
gdc,kscv.0,43034,43912,Marie,marie,Zigeunerbu,NN,zigeunerbu,12864,,
gdc,kscv.0,43034,43912,Marie,marie,",","$,",--,12864,,
gdc,kscv.0,43034,43912,Marie,marie,Führt,VVFIN,führt,12864,,
gdc,kscv.0,43034,43912,Marie,marie,dich,PRF,dich,12864,,
gdc,kscv.0,43034,43912,Marie,marie,an,APPR,an,12864,,
gdc,kscv.0,43034,43912,Marie,marie,deiner,PPOSAT,dein,12864,,
gdc,kscv.0,43034,43912,Marie,marie,Hand,NN,hand,12864,,
gdc,kscv.0,43034,43912,Marie,marie,Fort,NN,fort,12864,,
gdc,kscv.0,43034,43912,Marie,marie,in,APPR,in,12864,,
gdc,kscv.0,43034,43912,Marie,marie,',$(,--,12864,,
gdc,kscv.0,43034,43912,Marie,marie,s,ART,--,12864,,
gdc,kscv.0,43034,43912,Marie,marie,Zigeunerland,NN,zigeunerland,12864,,
gdc,kscv.0,43034,43912,Marie,marie,.,$.,--,12864,,
gdc,kscv.0,43034,43912,Marie,marie,S,XY,--,12864,,
gdc,kscv.0,43034,43912,Marie,marie,',$(,--,12864,,
gdc,kscv.0,43034,43912,Marie,marie,ist,VAFIN,sein,12864,,
gdc,kscv.0,43034,43912,Marie,marie,gewiß,ADV,gewiß,12864,,
gdc,kscv.0,43034,43912,Marie,marie,Gold,NN,gold,12864,,
gdc,kscv.0,43034,43912,Marie,marie,"!",$.,--,12864,,
gdc,kscv.0,43034,43912,Marie,marie,Unseins,NE,unsein,12864,,
gdc,kscv.0,43034,43912,Marie,marie,hat,VAFIN,haben,12864,,
gdc,kscv.0,43034,43912,Marie,marie,nur,ADV,nur,12864,,
gdc,kscv.0,43034,43912,Marie,marie,ein,ART,ein,12864,,
gdc,kscv.0,43034,43912,Marie,marie,Eckchen,NN,eckchen,12864,,
gdc,kscv.0,43034,43912,Marie,marie,in,APPR,in,12864,,
gdc,kscv.0,43034,43912,Marie,marie,der,ART,der,12864,,
gdc,kscv.0,43034,43912,Marie,marie,Welt,NN,welt,12864,,
gdc,kscv.0,43034,43912,Marie,marie,und,KON,und,12864,,
gdc,kscv.0,43034,43912,Marie,marie,ein,ART,ein,12864,,
gdc,kscv.0,43034,43912,Marie,marie,Stückchen,NN,stückchen,12864,,
gdc,kscv.0,43034,43912,Marie,marie,Spiegel,NN,spiegel,12864,,
gdc,kscv.0,43034,43912,Marie,marie,und,KON,und,12864,,
gdc,kscv.0,43034,43912,Marie,marie,doch,ADV,doch,12864,,
gdc,kscv.0,43034,43912,Marie,marie,hab,VAFIN,hab,12864,,
gdc,kscv.0,43034,43912,Marie,marie,',$(,--,12864,,
gdc,kscv.0,43034,43912,Marie,marie,ich,PPER,ich,12864,marie,(2)
gdc,kscv.0,43034,43912,Marie,marie,einen,PIS,ein,12864,,
gdc,kscv.0,43034,43912,Marie,marie,so,ADV,so,12864,,
gdc,kscv.0,43034,43912,Marie,marie,rothen,VVFIN,rothen,12864,,
gdc,kscv.0,43034,43912,Marie,marie,Mund,NN,mund,12864,,
gdc,kscv.0,43034,43912,Marie,marie,als,KOKOM,als,12864,,
gdc,kscv.0,43034,43912,Marie,marie,die,ART,der,12864,,
gdc,kscv.0,43034,43912,Marie,marie,großen,ADJA,groß,12864,,
gdc,kscv.0,43034,43912,Marie,marie,Madamen,NN,madame,12864,,
gdc,kscv.0,43034,43912,Marie,marie,mit,APPR,mit,12864,,
gdc,kscv.0,43034,43912,Marie,marie,ihren,PPOSAT,ihr,12864,,
gdc,kscv.0,43034,43912,Marie,marie,Spiegeln,NN,spiegel,12864,,
gdc,kscv.0,43034,43912,Marie,marie,von,APPR,von,12864,,
gdc,kscv.0,43034,43912,Marie,marie,oben,ADV,oben,12864,,
gdc,kscv.0,43034,43912,Marie,marie,bis,KON,bis,12864,,
gdc,kscv.0,43034,43912,Marie,marie,unten,ADV,unten,12864,,
gdc,kscv.0,43034,43912,Marie,marie,und,KON,und,12864,,
gdc,kscv.0,43034,43912,Marie,marie,ihren,PPOSAT,ihr,12864,,
gdc,kscv.0,43034,43912,Marie,marie,schönen,ADJA,schön,12864,,
gdc,kscv.0,43034,43912,Marie,marie,Herrn,NN,herr,12864,,
gdc,kscv.0,43034,43912,Marie,marie,",","$,",--,12864,,
gdc,kscv.0,43034,43912,Marie,marie,die,PRELS,der,12864,,
gdc,kscv.0,43034,43912,Marie,marie,ihnen,PPER,ihnen,12864,,
gdc,kscv.0,43034,43912,Marie,marie,die,ART,der,12864,,
gdc,kscv.0,43034,43912,Marie,marie,Händ,NN,händ,12864,,
gdc,kscv.0,43034,43912,Marie,marie,küssen,VVINF,küssen,12864,,
gdc,kscv.0,43034,43912,Marie,marie,",","$,",--,12864,,
gdc,kscv.0,43034,43912,Marie,marie,ich,PPER,ich,12864,marie,(2)
gdc,kscv.0,43034,43912,Marie,marie,bin,VAFIN,sein,12864,,
gdc,kscv.0,43034,43912,Marie,marie,nur,ADV,nur,12864,,
gdc,kscv.0,43034,43912,Marie,marie,ein,ART,ein,12864,,
gdc,kscv.0,43034,43912,Marie,marie,arm,ADJA,arm,12864,,
gdc,kscv.0,43034,43912,Marie,marie,Weibsbild,NN,weibsbild,12864,,
gdc,kscv.0,43034,43912,Marie,marie,.,$.,--,12864,,
gdc,kscv.0,43034,43912,Marie,marie,–,XY,–,12864,,
gdc,kscv.0,43034,43912,Marie,marie,Still,PIAT,still,12864,,
gdc,kscv.0,43034,43912,Marie,marie,Bub,NN,bub,12864,,
gdc,kscv.0,43034,43912,Marie,marie,",","$,",--,12864,,
gdc,kscv.0,43034,43912,Marie,marie,die,ART,der,12864,,
gdc,kscv.0,43034,43912,Marie,marie,Auge,NN,auge,12864,,
gdc,kscv.0,43034,43912,Marie,marie,zu,PTKVZ,zu,12864,,
gdc,kscv.0,43034,43912,Marie,marie,",","$,",--,12864,,
gdc,kscv.0,43034,43912,Marie,marie,das,ART,der,12864,,
gdc,kscv.0,43034,43912,Marie,marie,Schlafengelchen,NN,schlafengelchen,12864,,
gdc,kscv.0,43034,43912,Marie,marie,"!",$.,--,12864,,
gdc,kscv.0,43034,43912,Marie,marie,wie,PWAV,wie,12864,,
gdc,kscv.0,43034,43912,Marie,marie,',$(,--,12864,,
gdc,kscv.0,43034,43912,Marie,marie,s,PPER,--,12864,,
gdc,kscv.0,43034,43912,Marie,marie,an,APPR,an,12864,,
gdc,kscv.0,43034,43912,Marie,marie,der,ART,der,12864,,
gdc,kscv.0,43034,43912,Marie,marie,Wand,NN,wand,12864,,
gdc,kscv.0,43034,43912,Marie,marie,läuft,VVFIN,laufen,12864,,
gdc,kscv.0,43034,43912,Marie,marie,",","$,",--,12864,,
gdc,kscv.0,43034,43912,Marie,marie,die,ART,der,12864,,
gdc,kscv.0,43034,43912,Marie,marie,Auge,NN,auge,12864,,
gdc,kscv.0,43034,43912,Marie,marie,zu,PTKVZ,zu,12864,,
gdc,kscv.0,43034,43912,Marie,marie,",","$,",--,12864,,
gdc,kscv.0,43034,43912,Marie,marie,oder,KON,oder,12864,,
gdc,kscv.0,43034,43912,Marie,marie,es,PPER,es,12864,,
gdc,kscv.0,43034,43912,Marie,marie,sieht,VVFIN,sehen,12864,,
gdc,kscv.0,43034,43912,Marie,marie,dir,PPER,dir,12864,,
gdc,kscv.0,43034,43912,Marie,marie,hinein,PTKVZ,hinein,12864,,
gdc,kscv.0,43034,43912,Marie,marie,",","$,",--,12864,,
gdc,kscv.0,43034,43912,Marie,marie,daß,KOUS,daß,12864,,
gdc,kscv.0,43034,43912,Marie,marie,du,PPER,du,12864,,
gdc,kscv.0,43034,43912,Marie,marie,blind,ADJD,blind,12864,,
gdc,kscv.0,43034,43912,Marie,marie,wirst,VVFIN,werden,12864,,
gdc,kscv.0,43034,43912,Marie,marie,.,$.,--,12864,,
gdc,kscv.0,43916,43937,Woyzeck,woyzeck,Was,PWS,was,12864,,
gdc,kscv.0,43916,43937,Woyzeck,woyzeck,hast,VAFIN,haben,12864,,
gdc,kscv.0,43916,43937,Woyzeck,woyzeck,du,PPER,du,12864,,
gdc,kscv.0,43916,43937,Woyzeck,woyzeck,?,$.,--,12864,,
gdc,kscv.0,43942,43953,Marie,marie,Nix,ADJD,nix,12864,,
gdc,kscv.0,43942,43953,Marie,marie,.,$.,--,12864,,
gdc,kscv.0,43958,44000,Woyzeck,woyzeck,Unter,APPR,unter,12864,,
gdc,kscv.0,43958,44000,Woyzeck,woyzeck,deinen,PPOSAT,dein,12864,,
gdc,kscv.0,43958,44000,Woyzeck,woyzeck,Fingern,NN,finger,12864,,
gdc,kscv.0,43958,44000,Woyzeck,woyzeck,glänzt,VVFIN,glänzen,12864,,
gdc,kscv.0,43958,44000,Woyzeck,woyzeck,',$(,--,12864,,
gdc,kscv.0,43958,44000,Woyzeck,woyzeck,s,PPER,--,12864,,
gdc,kscv.0,43958,44000,Woyzeck,woyzeck,ja,ADV,ja,12864,,
gdc,kscv.0,43958,44000,Woyzeck,woyzeck,.,$.,--,12864,,
gdc,kscv.0,44006,44045,Marie,marie,Ein,ART,ein,12864,,
gdc,kscv.0,44006,44045,Marie,marie,Ohrringlein,NN,ohrringlein,12864,,
gdc,kscv.0,44006,44045,Marie,marie,;,$.,--,12864,,
gdc,kscv.0,44006,44045,Marie,marie,hab,VAFIN,hab,12864,,
gdc,kscv.0,44006,44045,Marie,marie,',$(,--,12864,,
gdc,kscv.0,44006,44045,Marie,marie,s,PPER,--,12864,,
gdc,kscv.0,44006,44045,Marie,marie,gefunden,VVPP,finden,12864,,
gdc,kscv.0,44006,44045,Marie,marie,.,$.,--,12864,,
gdc,kscv.0,44050,44105,Woyzeck,woyzeck,Ich,PPER,ich,12864,woyzeck,(1)
gdc,kscv.0,44050,44105,Woyzeck,woyzeck,hab,VAFIN,hab,12864,,
gdc,kscv.0,44050,44105,Woyzeck,woyzeck,so,ADV,so,12864,,
gdc,kscv.0,44050,44105,Woyzeck,woyzeck,noch,ADV,noch,12864,,
gdc,kscv.0,44050,44105,Woyzeck,woyzeck,nix,ADJD,nix,12864,,
gdc,kscv.0,44050,44105,Woyzeck,woyzeck,gefunden,VVPP,finden,12864,,
gdc,kscv.0,44050,44105,Woyzeck,woyzeck,.,$.,--,12864,,
gdc,kscv.0,44050,44105,Woyzeck,woyzeck,Zwei,CARD,zwei,12864,,
gdc,kscv.0,44050,44105,Woyzeck,woyzeck,auf,APPR,auf,12864,,
gdc,kscv.0,44050,44105,Woyzeck,woyzeck,einmal,ADV,einmal,12864,,
gdc,kscv.0,44050,44105,Woyzeck,woyzeck,.,$.,--,12864,,
gdc,kscv.0,44110,44136,Marie,marie,Bin,VAFIN,sein,12864,,
gdc,kscv.0,44110,44136,Marie,marie,ich,PPER,ich,12864,marie,(2)
gdc,kscv.0,44110,44136,Marie,marie,ein,ART,ein,12864,,
gdc,kscv.0,44110,44136,Marie,marie,Mensch,NN,mensch,12864,,
gdc,kscv.0,44110,44136,Marie,marie,?,$.,--,12864,,
gdc,kscv.0,44141,44422,Woyzeck,woyzeck,S,XY,--,12864,,
gdc,kscv.0,44141,44422,Woyzeck,woyzeck,',$(,--,12864,,
gdc,kscv.0,44141,44422,Woyzeck,woyzeck,ist,VAFIN,sein,12864,,
gdc,kscv.0,44141,44422,Woyzeck,woyzeck,gut,ADJD,gut,12864,,
gdc,kscv.0,44141,44422,Woyzeck,woyzeck,",","$,",--,12864,,
gdc,kscv.0,44141,44422,Woyzeck,woyzeck,Marie,NN,marie,12864,marie,(2)
gdc,kscv.0,44141,44422,Woyzeck,woyzeck,.,$.,--,12864,,
gdc,kscv.0,44141,44422,Woyzeck,woyzeck,–,XY,–,12864,,
gdc,kscv.0,44141,44422,Woyzeck,woyzeck,Was,PWS,was,12864,,
gdc,kscv.0,44141,44422,Woyzeck,woyzeck,der,ART,der,12864,,
gdc,kscv.0,44141,44422,Woyzeck,woyzeck,Bub,NN,bub,12864,,
gdc,kscv.0,44141,44422,Woyzeck,woyzeck,schläft,VVFIN,schlafen,12864,,
gdc,kscv.0,44141,44422,Woyzeck,woyzeck,.,$.,--,12864,,
gdc,kscv.0,44141,44422,Woyzeck,woyzeck,Greif,NE,greif,12864,,
gdc,kscv.0,44141,44422,Woyzeck,woyzeck,',$(,--,12864,,
gdc,kscv.0,44141,44422,Woyzeck,woyzeck,ihm,PPER,ihm,12864,,
gdc,kscv.0,44141,44422,Woyzeck,woyzeck,unter,APPR,unter,12864,,
gdc,kscv.0,44141,44422,Woyzeck,woyzeck,',$(,--,12864,,
gdc,kscv.0,44141,44422,Woyzeck,woyzeck,s,ART,--,12864,,
gdc,kscv.0,44141,44422,Woyzeck,woyzeck,Aermchen,NN,aermchen,12864,,
gdc,kscv.0,44141,44422,Woyzeck,woyzeck,der,ART,der,12864,,
gdc,kscv.0,44141,44422,Woyzeck,woyzeck,Stuhl,NN,stuhl,12864,,
gdc,kscv.0,44141,44422,Woyzeck,woyzeck,drückt,VVFIN,drücken,12864,,
gdc,kscv.0,44141,44422,Woyzeck,woyzeck,ihn,PPER,ihn,12864,,
gdc,kscv.0,44141,44422,Woyzeck,woyzeck,.,$.,--,12864,,
gdc,kscv.0,44141,44422,Woyzeck,woyzeck,Die,ART,der,12864,,
gdc,kscv.0,44141,44422,Woyzeck,woyzeck,hellen,ADJA,hell,12864,,
gdc,kscv.0,44141,44422,Woyzeck,woyzeck,Tropfen,NN,tropfen,12864,,
gdc,kscv.0,44141,44422,Woyzeck,woyzeck,steh,XY,steh,12864,,
gdc,kscv.0,44141,44422,Woyzeck,woyzeck,',$(,--,12864,,
gdc,kscv.0,44141,44422,Woyzeck,woyzeck,n,XY,--,12864,,
gdc,kscv.0,44141,44422,Woyzeck,woyzeck,ihm,PPER,ihm,12864,,
gdc,kscv.0,44141,44422,Woyzeck,woyzeck,auf,APPR,auf,12864,,
gdc,kscv.0,44141,44422,Woyzeck,woyzeck,der,ART,der,12864,,
gdc,kscv.0,44141,44422,Woyzeck,woyzeck,Stirn,NN,stirn,12864,,
gdc,kscv.0,44141,44422,Woyzeck,woyzeck,;,$.,--,12864,,
gdc,kscv.0,44141,44422,Woyzeck,woyzeck,Alles,PIAT,alle,12864,,
gdc,kscv.0,44141,44422,Woyzeck,woyzeck,Arbeit,NN,arbeit,12864,,
gdc,kscv.0,44141,44422,Woyzeck,woyzeck,unter,APPR,unter,12864,,
gdc,kscv.0,44141,44422,Woyzeck,woyzeck,der,ART,der,12864,,
gdc,kscv.0,44141,44422,Woyzeck,woyzeck,Sonn,NN,sonn,12864,,
gdc,kscv.0,44141,44422,Woyzeck,woyzeck,",","$,",--,12864,,
gdc,kscv.0,44141,44422,Woyzeck,woyzeck,sogar,ADV,sogar,12864,,
gdc,kscv.0,44141,44422,Woyzeck,woyzeck,Schweiß,NN,schweiß,12864,,
gdc,kscv.0,44141,44422,Woyzeck,woyzeck,im,APPRART,in,12864,,
gdc,kscv.0,44141,44422,Woyzeck,woyzeck,Schlaf,NN,schlaf,12864,,
gdc,kscv.0,44141,44422,Woyzeck,woyzeck,.,$.,--,12864,,
gdc,kscv.0,44141,44422,Woyzeck,woyzeck,Wir,PPER,wir,12864,,
gdc,kscv.0,44141,44422,Woyzeck,woyzeck,arme,ADJA,arm,12864,,
gdc,kscv.0,44141,44422,Woyzeck,woyzeck,Leut,NN,leute,12864,,
gdc,kscv.0,44141,44422,Woyzeck,woyzeck,"!",$.,--,12864,,
gdc,kscv.0,44141,44422,Woyzeck,woyzeck,Da,KOUS,da,12864,,
gdc,kscv.0,44141,44422,Woyzeck,woyzeck,is,PPER,--,12864,,
gdc,kscv.0,44141,44422,Woyzeck,woyzeck,wieder,ADV,wieder,12864,,
gdc,kscv.0,44141,44422,Woyzeck,woyzeck,Geld,NN,geld,12864,,
gdc,kscv.0,44141,44422,Woyzeck,woyzeck,Marie,NE,marie,12864,marie,(2)
gdc,kscv.0,44141,44422,Woyzeck,woyzeck,",","$,",--,12864,,
gdc,kscv.0,44141,44422,Woyzeck,woyzeck,die,ART,der,12864,,
gdc,kscv.0,44141,44422,Woyzeck,woyzeck,Löhnung,NN,löhnung,12864,,
gdc,kscv.0,44141,44422,Woyzeck,woyzeck,und,KON,und,12864,,
gdc,kscv.0,44141,44422,Woyzeck,woyzeck,was,PWS,was,12864,,
gdc,kscv.0,44141,44422,Woyzeck,woyzeck,von,APPR,von,12864,,
gdc,kscv.0,44141,44422,Woyzeck,woyzeck,mein,PPOSAT,mein,12864,woyzeck,(1)
gdc,kscv.0,44141,44422,Woyzeck,woyzeck,',$(,--,12864,,
gdc,kscv.0,44141,44422,Woyzeck,woyzeck,m,ADJA,M,12864,,
gdc,kscv.0,44141,44422,Woyzeck,woyzeck,Hauptmann,NN,hauptmann,12864,hauptmann,(24)
gdc,kscv.0,44141,44422,Woyzeck,woyzeck,.,$.,--,12864,,
gdc,kscv.0,44427,44455,Marie,marie,Gott,NN,gott,12864,,
gdc,kscv.0,44427,44455,Marie,marie,vergelt,VVPP,vergeln,12864,,
gdc,kscv.0,44427,44455,Marie,marie,',$(,--,12864,,
gdc,kscv.0,44427,44455,Marie,marie,s,PPER,--,12864,,
gdc,kscv.0,44427,44455,Marie,marie,Franz,NE,franz,12864,,
gdc,kscv.0,44427,44455,Marie,marie,.,$.,--,12864,,
gdc,kscv.0,44460,44508,Woyzeck,woyzeck,Ich,PPER,ich,12864,woyzeck,(1)
gdc,kscv.0,44460,44508,Woyzeck,woyzeck,muß,VMFIN,müssen,12864,,
gdc,kscv.0,44460,44508,Woyzeck,woyzeck,fort,PTKVZ,fort,12864,,
gdc,kscv.0,44460,44508,Woyzeck,woyzeck,.,$.,--,12864,,
gdc,kscv.0,44460,44508,Woyzeck,woyzeck,Heut,NE,heut,12864,,
gdc,kscv.0,44460,44508,Woyzeck,woyzeck,Abend,NN,abend,12864,,
gdc,kscv.0,44460,44508,Woyzeck,woyzeck,",","$,",--,12864,,
gdc,kscv.0,44460,44508,Woyzeck,woyzeck,Marie,NN,marie,12864,marie,(2)
gdc,kscv.0,44460,44508,Woyzeck,woyzeck,.,$.,--,12864,,
gdc,kscv.0,44460,44508,Woyzeck,woyzeck,Adies,NE,adies,12864,,
gdc,kscv.0,44460,44508,Woyzeck,woyzeck,.,$.,--,12864,,
gdc,kscv.0,44513,44665,Marie,marie,Ich,PPER,ich,12864,marie,(2)
gdc,kscv.0,44513,44665,Marie,marie,bin,VAFIN,sein,12864,,
gdc,kscv.0,44513,44665,Marie,marie,doch,ADV,doch,12864,,
gdc,kscv.0,44513,44665,Marie,marie,ein,ART,ein,12864,,
gdc,kscv.0,44513,44665,Marie,marie,schlecht,ADJD,schlecht,12864,,
gdc,kscv.0,44513,44665,Marie,marie,Mensch,NN,mensch,12864,,
gdc,kscv.0,44513,44665,Marie,marie,.,$.,--,12864,,
gdc,kscv.0,44513,44665,Marie,marie,Ich,PPER,ich,12864,marie,(2)
gdc,kscv.0,44513,44665,Marie,marie,könnt,VVFIN,können,12864,,
gdc,kscv.0,44513,44665,Marie,marie,',$(,--,12864,,
gdc,kscv.0,44513,44665,Marie,marie,mich,PPER,mich,12864,marie,(2)
gdc,kscv.0,44513,44665,Marie,marie,erstechen,VVINF,erstechen,12864,,
gdc,kscv.0,44513,44665,Marie,marie,.,$.,--,12864,,
gdc,kscv.0,44513,44665,Marie,marie,–,XY,–,12864,,
gdc,kscv.0,44513,44665,Marie,marie,Ach,ITJ,ach,12864,,
gdc,kscv.0,44513,44665,Marie,marie,"!",$.,--,12864,,
gdc,kscv.0,44513,44665,Marie,marie,Was,PWS,was,12864,,
gdc,kscv.0,44513,44665,Marie,marie,Welt,NN,welt,12864,,
gdc,kscv.0,44513,44665,Marie,marie,?,$.,--,12864,,
gdc,kscv.0,44513,44665,Marie,marie,Geht,VVFIN,gehen,12864,,
gdc,kscv.0,44513,44665,Marie,marie,doch,ADV,doch,12864,,
gdc,kscv.0,44513,44665,Marie,marie,Alles,PIS,alle,12864,,
gdc,kscv.0,44513,44665,Marie,marie,zum,APPRART,zu,12864,,
gdc,kscv.0,44513,44665,Marie,marie,Teufel,NN,teufel,12864,,
gdc,kscv.0,44513,44665,Marie,marie,",","$,",--,12864,,
gdc,kscv.0,44513,44665,Marie,marie,Mann,NN,mann,12864,,
gdc,kscv.0,44513,44665,Marie,marie,und,KON,und,12864,,
gdc,kscv.0,44513,44665,Marie,marie,Weib,NN,weib,12864,,
gdc,kscv.0,44513,44665,Marie,marie,.,$.,--,12864,,
gdc,kscv.0,44759,45144,Hauptmann,hauptmann,Langsam,ADJD,langsam,12864,,
gdc,kscv.0,44759,45144,Hauptmann,hauptmann,",","$,",--,12864,,
gdc,kscv.0,44759,45144,Hauptmann,hauptmann,Woyzeck,NN,woyzeck,12864,woyzeck,(1)
gdc,kscv.0,44759,45144,Hauptmann,hauptmann,",","$,",--,12864,,
gdc,kscv.0,44759,45144,Hauptmann,hauptmann,langsam,ADJD,langsam,12864,,
gdc,kscv.0,44759,45144,Hauptmann,hauptmann,;,$.,--,12864,,
gdc,kscv.0,44759,45144,Hauptmann,hauptmann,ein,ART,ein,12864,,
gdc,kscv.0,44759,45144,Hauptmann,hauptmann,',$(,--,12864,,
gdc,kscv.0,44759,45144,Hauptmann,hauptmann,s,PPER,--,12864,,
gdc,kscv.0,44759,45144,Hauptmann,hauptmann,nach,APPR,nach,12864,,
gdc,kscv.0,44759,45144,Hauptmann,hauptmann,dem,ART,der,12864,,
gdc,kscv.0,44759,45144,Hauptmann,hauptmann,andern,VVINF,anderer,12864,,
gdc,kscv.0,44759,45144,Hauptmann,hauptmann,.,$.,--,12864,,
gdc,kscv.0,44759,45144,Hauptmann,hauptmann,Er,PPER,er,12864,,
gdc,kscv.0,44759,45144,Hauptmann,hauptmann,macht,VVFIN,machen,12864,,
gdc,kscv.0,44759,45144,Hauptmann,hauptmann,mir,PPER,sich,12864,hauptmann,(24)
gdc,kscv.0,44759,45144,Hauptmann,hauptmann,ganz,ADV,ganz,12864,,
gdc,kscv.0,44759,45144,Hauptmann,hauptmann,schwindlich,ADJD,schwindlich,12864,,
gdc,kscv.0,44759,45144,Hauptmann,hauptmann,.,$.,--,12864,,
gdc,kscv.0,44759,45144,Hauptmann,hauptmann,Was,PWS,was,12864,,
gdc,kscv.0,44759,45144,Hauptmann,hauptmann,soll,VMFIN,sollen,12864,,
gdc,kscv.0,44759,45144,Hauptmann,hauptmann,ich,PPER,ich,12864,hauptmann,(24)
gdc,kscv.0,44759,45144,Hauptmann,hauptmann,dann,ADV,dann,12864,,
gdc,kscv.0,44759,45144,Hauptmann,hauptmann,mit,APPR,mit,12864,,
gdc,kscv.0,44759,45144,Hauptmann,hauptmann,den,ART,der,12864,,
gdc,kscv.0,44759,45144,Hauptmann,hauptmann,zehn,CARD,zehn,12864,,
gdc,kscv.0,44759,45144,Hauptmann,hauptmann,Minuten,NN,minute,12864,,
gdc,kscv.0,44759,45144,Hauptmann,hauptmann,anfangen,VVINF,anfangen,12864,,
gdc,kscv.0,44759,45144,Hauptmann,hauptmann,",","$,",--,12864,,
gdc,kscv.0,44759,45144,Hauptmann,hauptmann,die,ART,der,12864,,
gdc,kscv.0,44759,45144,Hauptmann,hauptmann,Er,PPER,er,12864,,
gdc,kscv.0,44759,45144,Hauptmann,hauptmann,heut,ADV,heut,12864,,
gdc,kscv.0,44759,45144,Hauptmann,hauptmann,zu,PTKA,zu,12864,,
gdc,kscv.0,44759,45144,Hauptmann,hauptmann,früh,ADJD,früh,12864,,
gdc,kscv.0,44759,45144,Hauptmann,hauptmann,fertig,ADJD,fertig,12864,,
gdc,kscv.0,44759,45144,Hauptmann,hauptmann,wird,VAFIN,werden,12864,,
gdc,kscv.0,44759,45144,Hauptmann,hauptmann,?,$.,--,12864,,
gdc,kscv.0,44759,45144,Hauptmann,hauptmann,Woyzeck,NN,woyzeck,12864,woyzeck,(1)
gdc,kscv.0,44759,45144,Hauptmann,hauptmann,",","$,",--,12864,,
gdc,kscv.0,44759,45144,Hauptmann,hauptmann,bedenk,VVFIN,bedenk,12864,,
gdc,kscv.0,44759,45144,Hauptmann,hauptmann,',$(,--,12864,,
gdc,kscv.0,44759,45144,Hauptmann,hauptmann,Er,PPER,er,12864,,
gdc,kscv.0,44759,45144,Hauptmann,hauptmann,",","$,",--,12864,,
gdc,kscv.0,44759,45144,Hauptmann,hauptmann,Er,PPER,er,12864,,
gdc,kscv.0,44759,45144,Hauptmann,hauptmann,hat,VAFIN,haben,12864,,
gdc,kscv.0,44759,45144,Hauptmann,hauptmann,noch,ADV,noch,12864,,
gdc,kscv.0,44759,45144,Hauptmann,hauptmann,seine,PPOSAT,sein,12864,,
gdc,kscv.0,44759,45144,Hauptmann,hauptmann,schöne,ADJA,schön,12864,,
gdc,kscv.0,44759,45144,Hauptmann,hauptmann,dreißig,CARD,dreißig,12864,,
gdc,kscv.0,44759,45144,Hauptmann,hauptmann,Jahr,NN,jahr,12864,,
gdc,kscv.0,44759,45144,Hauptmann,hauptmann,zu,PTKZU,zu,12864,,
gdc,kscv.0,44759,45144,Hauptmann,hauptmann,leben,VVINF,leben,12864,,
gdc,kscv.0,44759,45144,Hauptmann,hauptmann,",","$,",--,12864,,
gdc,kscv.0,44759,45144,Hauptmann,hauptmann,dreißig,CARD,dreißig,12864,,
gdc,kscv.0,44759,45144,Hauptmann,hauptmann,Jahr,NN,jahr,12864,,
gdc,kscv.0,44759,45144,Hauptmann,hauptmann,"!",$.,--,12864,,
gdc,kscv.0,44759,45144,Hauptmann,hauptmann,macht,VVFIN,machen,12864,,
gdc,kscv.0,44759,45144,Hauptmann,hauptmann,360,CARD,360,12864,,
gdc,kscv.0,44759,45144,Hauptmann,hauptmann,Monate,NN,monat,12864,,
gdc,kscv.0,44759,45144,Hauptmann,hauptmann,",","$,",--,12864,,
gdc,kscv.0,44759,45144,Hauptmann,hauptmann,und,KON,und,12864,,
gdc,kscv.0,44759,45144,Hauptmann,hauptmann,Tage,NN,tag,12864,,
gdc,kscv.0,44759,45144,Hauptmann,hauptmann,",","$,",--,12864,,
gdc,kscv.0,44759,45144,Hauptmann,hauptmann,Stunden,NN,stunde,12864,,
gdc,kscv.0,44759,45144,Hauptmann,hauptmann,",","$,",--,12864,,
gdc,kscv.0,44759,45144,Hauptmann,hauptmann,Minuten,NN,minute,12864,,
gdc,kscv.0,44759,45144,Hauptmann,hauptmann,"!",$.,--,12864,,
gdc,kscv.0,44759,45144,Hauptmann,hauptmann,Was,PWS,was,12864,,
gdc,kscv.0,44759,45144,Hauptmann,hauptmann,will,VMFIN,wollen,12864,,
gdc,kscv.0,44759,45144,Hauptmann,hauptmann,Er,PPER,er,12864,,
gdc,kscv.0,44759,45144,Hauptmann,hauptmann,denn,ADV,denn,12864,,
gdc,kscv.0,44759,45144,Hauptmann,hauptmann,mit,APPR,mit,12864,,
gdc,kscv.0,44759,45144,Hauptmann,hauptmann,der,ART,der,12864,,
gdc,kscv.0,44759,45144,Hauptmann,hauptmann,ungeheuren,ADJA,ungeheuer,12864,,
gdc,kscv.0,44759,45144,Hauptmann,hauptmann,Zeit,NN,zeit,12864,,
gdc,kscv.0,44759,45144,Hauptmann,hauptmann,all,PIAT,all,12864,,
gdc,kscv.0,44759,45144,Hauptmann,hauptmann,anfangen,VVINF,anfangen,12864,,
gdc,kscv.0,44759,45144,Hauptmann,hauptmann,?,$.,--,12864,,
gdc,kscv.0,44759,45144,Hauptmann,hauptmann,Theil,KOUS,theil,12864,,
gdc,kscv.0,44759,45144,Hauptmann,hauptmann,Er,PPER,er,12864,,
gdc,kscv.0,44759,45144,Hauptmann,hauptmann,sich,PRF,sich,12864,,
gdc,kscv.0,44759,45144,Hauptmann,hauptmann,ein,PTKVZ,ein,12864,,
gdc,kscv.0,44759,45144,Hauptmann,hauptmann,",","$,",--,12864,,
gdc,kscv.0,44759,45144,Hauptmann,hauptmann,Woyzeck,NN,woyzeck,12864,woyzeck,(1)
gdc,kscv.0,44759,45144,Hauptmann,hauptmann,.,$.,--,12864,,
gdc,kscv.0,45149,45182,Woyzeck,woyzeck,Ja,PTKANT,ja,12864,,
gdc,kscv.0,45149,45182,Woyzeck,woyzeck,wohl,ADV,wohl,12864,,
gdc,kscv.0,45149,45182,Woyzeck,woyzeck,",","$,",--,12864,,
gdc,kscv.0,45149,45182,Woyzeck,woyzeck,Herr,NN,herr,12864,herr,(18)
gdc,kscv.0,45149,45182,Woyzeck,woyzeck,Hauptmann,NN,hauptmann,12864,hauptmann,(24)
gdc,kscv.0,45149,45182,Woyzeck,woyzeck,.,$.,--,12864,,
gdc,kscv.0,45187,45644,Hauptmann,hauptmann,Es,PPER,es,12864,,
gdc,kscv.0,45187,45644,Hauptmann,hauptmann,wird,VAFIN,werden,12864,,
gdc,kscv.0,45187,45644,Hauptmann,hauptmann,mir,PPER,sich,12864,hauptmann,(24)
gdc,kscv.0,45187,45644,Hauptmann,hauptmann,ganz,ADV,ganz,12864,,
gdc,kscv.0,45187,45644,Hauptmann,hauptmann,angst,ADV,angst,12864,,
gdc,kscv.0,45187,45644,Hauptmann,hauptmann,um,APPR,um,12864,,
gdc,kscv.0,45187,45644,Hauptmann,hauptmann,die,ART,der,12864,,
gdc,kscv.0,45187,45644,Hauptmann,hauptmann,Welt,NN,welt,12864,,
gdc,kscv.0,45187,45644,Hauptmann,hauptmann,",","$,",--,12864,,
gdc,kscv.0,45187,45644,Hauptmann,hauptmann,wenn,KOUS,wenn,12864,,
gdc,kscv.0,45187,45644,Hauptmann,hauptmann,ich,PPER,ich,12864,hauptmann,(24)
gdc,kscv.0,45187,45644,Hauptmann,hauptmann,an,APPR,an,12864,,
gdc,kscv.0,45187,45644,Hauptmann,hauptmann,die,ART,der,12864,,
gdc,kscv.0,45187,45644,Hauptmann,hauptmann,Ewigkeit,NN,ewigkeit,12864,,
gdc,kscv.0,45187,45644,Hauptmann,hauptmann,denke,VVFIN,denken,12864,,
gdc,kscv.0,45187,45644,Hauptmann,hauptmann,.,$.,--,12864,,
gdc,kscv.0,45187,45644,Hauptmann,hauptmann,Beschäftigung,NN,beschäftigung,12864,,
gdc,kscv.0,45187,45644,Hauptmann,hauptmann,",","$,",--,12864,,
gdc,kscv.0,45187,45644,Hauptmann,hauptmann,Woyzeck,NN,woyzeck,12864,woyzeck,(1)
gdc,kscv.0,45187,45644,Hauptmann,hauptmann,",","$,",--,12864,,
gdc,kscv.0,45187,45644,Hauptmann,hauptmann,Beschäftigung,NN,beschäftigung,12864,,
gdc,kscv.0,45187,45644,Hauptmann,hauptmann,"!",$.,--,12864,,
gdc,kscv.0,45187,45644,Hauptmann,hauptmann,ewig,ADJD,ewig,12864,,
gdc,kscv.0,45187,45644,Hauptmann,hauptmann,das,PDS,der,12864,,
gdc,kscv.0,45187,45644,Hauptmann,hauptmann,ist,VAFIN,sein,12864,,
gdc,kscv.0,45187,45644,Hauptmann,hauptmann,ewig,ADJD,ewig,12864,,
gdc,kscv.0,45187,45644,Hauptmann,hauptmann,",","$,",--,12864,,
gdc,kscv.0,45187,45644,Hauptmann,hauptmann,das,PDS,der,12864,,
gdc,kscv.0,45187,45644,Hauptmann,hauptmann,ist,VAFIN,sein,12864,,
gdc,kscv.0,45187,45644,Hauptmann,hauptmann,ewig,ADJD,ewig,12864,,
gdc,kscv.0,45187,45644,Hauptmann,hauptmann,",","$,",--,12864,,
gdc,kscv.0,45187,45644,Hauptmann,hauptmann,das,PDS,der,12864,,
gdc,kscv.0,45187,45644,Hauptmann,hauptmann,siehst,VVFIN,sehen,12864,,
gdc,kscv.0,45187,45644,Hauptmann,hauptmann,du,PPER,du,12864,,
gdc,kscv.0,45187,45644,Hauptmann,hauptmann,ein,PTKVZ,ein,12864,,
gdc,kscv.0,45187,45644,Hauptmann,hauptmann,;,$.,--,12864,,
gdc,kscv.0,45187,45644,Hauptmann,hauptmann,nun,ADV,nun,12864,,
gdc,kscv.0,45187,45644,Hauptmann,hauptmann,ist,VAFIN,sein,12864,,
gdc,kscv.0,45187,45644,Hauptmann,hauptmann,es,PPER,es,12864,,
gdc,kscv.0,45187,45644,Hauptmann,hauptmann,aber,ADV,aber,12864,,
gdc,kscv.0,45187,45644,Hauptmann,hauptmann,wieder,ADV,wieder,12864,,
gdc,kscv.0,45187,45644,Hauptmann,hauptmann,nicht,PTKNEG,nicht,12864,,
gdc,kscv.0,45187,45644,Hauptmann,hauptmann,ewig,ADJD,ewig,12864,,
gdc,kscv.0,45187,45644,Hauptmann,hauptmann,und,KON,und,12864,,
gdc,kscv.0,45187,45644,Hauptmann,hauptmann,das,PDS,der,12864,,
gdc,kscv.0,45187,45644,Hauptmann,hauptmann,ist,VAFIN,sein,12864,,
gdc,kscv.0,45187,45644,Hauptmann,hauptmann,ein,ART,ein,12864,,
gdc,kscv.0,45187,45644,Hauptmann,hauptmann,Augenblick,NN,augenblick,12864,,
gdc,kscv.0,45187,45644,Hauptmann,hauptmann,",","$,",--,12864,,
gdc,kscv.0,45187,45644,Hauptmann,hauptmann,ja,ADV,ja,12864,,
gdc,kscv.0,45187,45644,Hauptmann,hauptmann,",","$,",--,12864,,
gdc,kscv.0,45187,45644,Hauptmann,hauptmann,ein,ART,ein,12864,,
gdc,kscv.0,45187,45644,Hauptmann,hauptmann,Augenblick,NN,augenblick,12864,,
gdc,kscv.0,45187,45644,Hauptmann,hauptmann,–,APPR,–,12864,,
gdc,kscv.0,45187,45644,Hauptmann,hauptmann,Woyzeck,NN,woyzeck,12864,woyzeck,(1)
gdc,kscv.0,45187,45644,Hauptmann,hauptmann,",","$,",--,12864,,
gdc,kscv.0,45187,45644,Hauptmann,hauptmann,es,PPER,es,12864,,
gdc,kscv.0,45187,45644,Hauptmann,hauptmann,schaudert,VVFIN,schaudern,12864,,
gdc,kscv.0,45187,45644,Hauptmann,hauptmann,mich,PPER,mich,12864,hauptmann,(24)
gdc,kscv.0,45187,45644,Hauptmann,hauptmann,",","$,",--,12864,,
gdc,kscv.0,45187,45644,Hauptmann,hauptmann,wenn,KOUS,wenn,12864,,
gdc,kscv.0,45187,45644,Hauptmann,hauptmann,ich,PPER,ich,12864,hauptmann,(24)
gdc,kscv.0,45187,45644,Hauptmann,hauptmann,denk,VVFIN,denk,12864,,
gdc,kscv.0,45187,45644,Hauptmann,hauptmann,",","$,",--,12864,,
gdc,kscv.0,45187,45644,Hauptmann,hauptmann,daß,KOUS,daß,12864,,
gdc,kscv.0,45187,45644,Hauptmann,hauptmann,sich,PRF,sich,12864,,
gdc,kscv.0,45187,45644,Hauptmann,hauptmann,die,ART,der,12864,,
gdc,kscv.0,45187,45644,Hauptmann,hauptmann,Welt,NN,welt,12864,,
gdc,kscv.0,45187,45644,Hauptmann,hauptmann,in,APPR,in,12864,,
gdc,kscv.0,45187,45644,Hauptmann,hauptmann,einem,ART,ein,12864,,
gdc,kscv.0,45187,45644,Hauptmann,hauptmann,Tag,NN,tag,12864,,
gdc,kscv.0,45187,45644,Hauptmann,hauptmann,herumdreht,VVFIN,herdrehen,12864,,
gdc,kscv.0,45187,45644,Hauptmann,hauptmann,",","$,",--,12864,,
gdc,kscv.0,45187,45644,Hauptmann,hauptmann,was,PWS,was,12864,,
gdc,kscv.0,45187,45644,Hauptmann,hauptmann,n,XY,--,12864,,
gdc,kscv.0,45187,45644,Hauptmann,hauptmann,',$(,--,12864,,
gdc,kscv.0,45187,45644,Hauptmann,hauptmann,e,ADJA,E,12864,,
gdc,kscv.0,45187,45644,Hauptmann,hauptmann,Zeitverschwendung,NN,zeitverschwendung,12864,,
gdc,kscv.0,45187,45644,Hauptmann,hauptmann,",","$,",--,12864,,
gdc,kscv.0,45187,45644,Hauptmann,hauptmann,wo,PWAV,wo,12864,,
gdc,kscv.0,45187,45644,Hauptmann,hauptmann,soll,VMFIN,sollen,12864,,
gdc,kscv.0,45187,45644,Hauptmann,hauptmann,das,ART,der,12864,,
gdc,kscv.0,45187,45644,Hauptmann,hauptmann,hinaus,APZR,hinaus,12864,,
gdc,kscv.0,45187,45644,Hauptmann,hauptmann,?,$.,--,12864,,
gdc,kscv.0,45187,45644,Hauptmann,hauptmann,Woyzeck,NE,woyzeck,12864,woyzeck,(1)
gdc,kscv.0,45187,45644,Hauptmann,hauptmann,",","$,",--,12864,,
gdc,kscv.0,45187,45644,Hauptmann,hauptmann,ich,PPER,ich,12864,hauptmann,(24)
gdc,kscv.0,45187,45644,Hauptmann,hauptmann,kann,VMFIN,können,12864,,
gdc,kscv.0,45187,45644,Hauptmann,hauptmann,kein,PIAT,kein,12864,,
gdc,kscv.0,45187,45644,Hauptmann,hauptmann,Mühlrad,NN,mühlrad,12864,,
gdc,kscv.0,45187,45644,Hauptmann,hauptmann,mehr,ADV,mehr,12864,,
gdc,kscv.0,45187,45644,Hauptmann,hauptmann,sehn,CARD,sehn,12864,,
gdc,kscv.0,45187,45644,Hauptmann,hauptmann,",","$,",--,12864,,
gdc,kscv.0,45187,45644,Hauptmann,hauptmann,oder,KON,oder,12864,,
gdc,kscv.0,45187,45644,Hauptmann,hauptmann,ich,PPER,ich,12864,hauptmann,(24)
gdc,kscv.0,45187,45644,Hauptmann,hauptmann,werd,VAFIN,werden,12864,,
gdc,kscv.0,45187,45644,Hauptmann,hauptmann,',$(,--,12864,,
gdc,kscv.0,45187,45644,Hauptmann,hauptmann,melancholisch,ADJD,melancholisch,12864,,
gdc,kscv.0,45187,45644,Hauptmann,hauptmann,.,$.,--,12864,,
gdc,kscv.0,45649,45682,Woyzeck,woyzeck,Ja,PTKANT,ja,12864,,
gdc,kscv.0,45649,45682,Woyzeck,woyzeck,wohl,ADV,wohl,12864,,
gdc,kscv.0,45649,45682,Woyzeck,woyzeck,",","$,",--,12864,,
gdc,kscv.0,45649,45682,Woyzeck,woyzeck,Herr,NN,herr,12864,herr,(18)
gdc,kscv.0,45649,45682,Woyzeck,woyzeck,Hauptmann,NN,hauptmann,12864,hauptmann,(24)
gdc,kscv.0,45649,45682,Woyzeck,woyzeck,.,$.,--,12864,,
gdc,kscv.0,45687,45870,Hauptmann,hauptmann,Woyzeck,PWAV,woyzeck,12864,woyzeck,(1)
gdc,kscv.0,45687,45870,Hauptmann,hauptmann,Er,PPER,er,12864,,
gdc,kscv.0,45687,45870,Hauptmann,hauptmann,sieht,VVFIN,sehen,12864,,
gdc,kscv.0,45687,45870,Hauptmann,hauptmann,immer,ADV,immer,12864,,
gdc,kscv.0,45687,45870,Hauptmann,hauptmann,so,ADV,so,12864,,
gdc,kscv.0,45687,45870,Hauptmann,hauptmann,verhetzt,ADJD,verhetzt,12864,,
gdc,kscv.0,45687,45870,Hauptmann,hauptmann,aus,PTKVZ,aus,12864,,
gdc,kscv.0,45687,45870,Hauptmann,hauptmann,.,$.,--,12864,,
gdc,kscv.0,45687,45870,Hauptmann,hauptmann,Ein,ART,ein,12864,,
gdc,kscv.0,45687,45870,Hauptmann,hauptmann,guter,ADJA,gut,12864,,
gdc,kscv.0,45687,45870,Hauptmann,hauptmann,Mensch,NN,mensch,12864,,
gdc,kscv.0,45687,45870,Hauptmann,hauptmann,thut,VVFIN,thuen,12864,,
gdc,kscv.0,45687,45870,Hauptmann,hauptmann,das,PDS,der,12864,,
gdc,kscv.0,45687,45870,Hauptmann,hauptmann,nicht,PTKNEG,nicht,12864,,
gdc,kscv.0,45687,45870,Hauptmann,hauptmann,",","$,",--,12864,,
gdc,kscv.0,45687,45870,Hauptmann,hauptmann,ein,ART,ein,12864,,
gdc,kscv.0,45687,45870,Hauptmann,hauptmann,guter,ADJA,gut,12864,,
gdc,kscv.0,45687,45870,Hauptmann,hauptmann,Mensch,NN,mensch,12864,,
gdc,kscv.0,45687,45870,Hauptmann,hauptmann,",","$,",--,12864,,
gdc,kscv.0,45687,45870,Hauptmann,hauptmann,der,PRELS,der,12864,,
gdc,kscv.0,45687,45870,Hauptmann,hauptmann,sein,PPOSAT,sein,12864,,
gdc,kscv.0,45687,45870,Hauptmann,hauptmann,gutes,ADJA,gut,12864,,
gdc,kscv.0,45687,45870,Hauptmann,hauptmann,Gewissen,NN,gewissen,12864,,
gdc,kscv.0,45687,45870,Hauptmann,hauptmann,hat,VAFIN,haben,12864,,
gdc,kscv.0,45687,45870,Hauptmann,hauptmann,.,$.,--,12864,,
gdc,kscv.0,45687,45870,Hauptmann,hauptmann,–,XY,–,12864,,
gdc,kscv.0,45687,45870,Hauptmann,hauptmann,Red,XY,red,12864,,
gdc,kscv.0,45687,45870,Hauptmann,hauptmann,',$(,--,12864,,
gdc,kscv.0,45687,45870,Hauptmann,hauptmann,Er,PPER,er,12864,,
gdc,kscv.0,45687,45870,Hauptmann,hauptmann,doch,ADV,doch,12864,,
gdc,kscv.0,45687,45870,Hauptmann,hauptmann,was,PIAT,was,12864,,
gdc,kscv.0,45687,45870,Hauptmann,hauptmann,Woyzeck,NN,woyzeck,12864,woyzeck,(1)
gdc,kscv.0,45687,45870,Hauptmann,hauptmann,.,$.,--,12864,,
gdc,kscv.0,45687,45870,Hauptmann,hauptmann,Was,PWS,was,12864,,
gdc,kscv.0,45687,45870,Hauptmann,hauptmann,ist,VAFIN,sein,12864,,
gdc,kscv.0,45687,45870,Hauptmann,hauptmann,heut,ADV,heut,12864,,
gdc,kscv.0,45687,45870,Hauptmann,hauptmann,für,APPR,für,12864,,
gdc,kscv.0,45687,45870,Hauptmann,hauptmann,Wetter,NN,wetter,12864,,
gdc,kscv.0,45687,45870,Hauptmann,hauptmann,?,$.,--,12864,,
gdc,kscv.0,45875,45923,Woyzeck,woyzeck,Schlimm,ADJD,schlimm,12864,,
gdc,kscv.0,45875,45923,Woyzeck,woyzeck,",","$,",--,12864,,
gdc,kscv.0,45875,45923,Woyzeck,woyzeck,Herr,NN,herr,12864,herr,(18)
gdc,kscv.0,45875,45923,Woyzeck,woyzeck,Hauptmann,NN,hauptmann,12864,hauptmann,(24)
gdc,kscv.0,45875,45923,Woyzeck,woyzeck,",","$,",--,12864,,
gdc,kscv.0,45875,45923,Woyzeck,woyzeck,schlimm,ADJD,schlimm,12864,,
gdc,kscv.0,45875,45923,Woyzeck,woyzeck,;,$.,--,12864,,
gdc,kscv.0,45875,45923,Woyzeck,woyzeck,Wind,NN,wind,12864,,
gdc,kscv.0,45875,45923,Woyzeck,woyzeck,.,$.,--,12864,,
gdc,kscv.0,45929,46091,Hauptmann,hauptmann,Ich,PPER,ich,12864,hauptmann,(24)
gdc,kscv.0,45929,46091,Hauptmann,hauptmann,spür,VVFIN,spüren,12864,,
gdc,kscv.0,45929,46091,Hauptmann,hauptmann,',$(,--,12864,,
gdc,kscv.0,45929,46091,Hauptmann,hauptmann,s,PPER,--,12864,,
gdc,kscv.0,45929,46091,Hauptmann,hauptmann,schon,ADV,schon,12864,,
gdc,kscv.0,45929,46091,Hauptmann,hauptmann,",","$,",--,12864,,
gdc,kscv.0,45929,46091,Hauptmann,hauptmann,s,PPER,--,12864,,
gdc,kscv.0,45929,46091,Hauptmann,hauptmann,',$(,--,12864,,
gdc,kscv.0,45929,46091,Hauptmann,hauptmann,ist,VAFIN,sein,12864,,
gdc,kscv.0,45929,46091,Hauptmann,hauptmann,so,ADV,so,12864,,
gdc,kscv.0,45929,46091,Hauptmann,hauptmann,was,PIAT,was,12864,,
gdc,kscv.0,45929,46091,Hauptmann,hauptmann,Geschwindes,NN,geschwind,12864,,
gdc,kscv.0,45929,46091,Hauptmann,hauptmann,draußen,ADV,draußen,12864,,
gdc,kscv.0,45929,46091,Hauptmann,hauptmann,;,$.,--,12864,,
gdc,kscv.0,45929,46091,Hauptmann,hauptmann,so,ADV,so,12864,,
gdc,kscv.0,45929,46091,Hauptmann,hauptmann,ein,ART,ein,12864,,
gdc,kscv.0,45929,46091,Hauptmann,hauptmann,Wind,NN,wind,12864,,
gdc,kscv.0,45929,46091,Hauptmann,hauptmann,macht,VVFIN,machen,12864,,
gdc,kscv.0,45929,46091,Hauptmann,hauptmann,mir,PPER,sich,12864,hauptmann,(24)
gdc,kscv.0,45929,46091,Hauptmann,hauptmann,den,ART,der,12864,,
gdc,kscv.0,45929,46091,Hauptmann,hauptmann,Effect,NN,effect,12864,,
gdc,kscv.0,45929,46091,Hauptmann,hauptmann,wie,KOKOM,wie,12864,,
gdc,kscv.0,45929,46091,Hauptmann,hauptmann,eine,ART,ein,12864,,
gdc,kscv.0,45929,46091,Hauptmann,hauptmann,Maus,NN,maus,12864,,
gdc,kscv.0,45929,46091,Hauptmann,hauptmann,.,$.,--,12864,,
gdc,kscv.0,45929,46091,Hauptmann,hauptmann,Ich,PPER,ich,12864,hauptmann,(24)
gdc,kscv.0,45929,46091,Hauptmann,hauptmann,glaub,VVFIN,glaub,12864,,
gdc,kscv.0,45929,46091,Hauptmann,hauptmann,',$(,--,12864,,
gdc,kscv.0,45929,46091,Hauptmann,hauptmann,wir,PPER,wir,12864,,
gdc,kscv.0,45929,46091,Hauptmann,hauptmann,haben,VAFIN,haben,12864,,
gdc,kscv.0,45929,46091,Hauptmann,hauptmann,so,ADV,so,12864,,
gdc,kscv.0,45929,46091,Hauptmann,hauptmann,was,PIS,was,12864,,
gdc,kscv.0,45929,46091,Hauptmann,hauptmann,aus,APPR,aus,12864,,
gdc,kscv.0,45929,46091,Hauptmann,hauptmann,Süd-Nord,NE,süd-nord,12864,,
gdc,kscv.0,45929,46091,Hauptmann,hauptmann,.,$.,--,12864,,
gdc,kscv.0,46096,46129,Woyzeck,woyzeck,Ja,PTKANT,ja,12864,,
gdc,kscv.0,46096,46129,Woyzeck,woyzeck,wohl,ADV,wohl,12864,,
gdc,kscv.0,46096,46129,Woyzeck,woyzeck,",","$,",--,12864,,
gdc,kscv.0,46096,46129,Woyzeck,woyzeck,Herr,NN,herr,12864,herr,(18)
gdc,kscv.0,46096,46129,Woyzeck,woyzeck,Hauptmann,NN,hauptmann,12864,hauptmann,(24)
gdc,kscv.0,46096,46129,Woyzeck,woyzeck,.,$.,--,12864,,
gdc,kscv.0,46134,46545,Hauptmann,hauptmann,Ha,XY,ha,12864,,
gdc,kscv.0,46134,46545,Hauptmann,hauptmann,"!",$.,--,12864,,
gdc,kscv.0,46134,46545,Hauptmann,hauptmann,ha,XY,ha,12864,,
gdc,kscv.0,46134,46545,Hauptmann,hauptmann,"!",$.,--,12864,,
gdc,kscv.0,46134,46545,Hauptmann,hauptmann,ha,XY,ha,12864,,
gdc,kscv.0,46134,46545,Hauptmann,hauptmann,"!",$.,--,12864,,
gdc,kscv.0,46134,46545,Hauptmann,hauptmann,Süd-Nord,NE,süd-nord,12864,,
gdc,kscv.0,46134,46545,Hauptmann,hauptmann,"!",$.,--,12864,,
gdc,kscv.0,46134,46545,Hauptmann,hauptmann,Ha,XY,ha,12864,,
gdc,kscv.0,46134,46545,Hauptmann,hauptmann,"!",$.,--,12864,,
gdc,kscv.0,46134,46545,Hauptmann,hauptmann,Ha,XY,ha,12864,,
gdc,kscv.0,46134,46545,Hauptmann,hauptmann,"!",$.,--,12864,,
gdc,kscv.0,46134,46545,Hauptmann,hauptmann,Ha,XY,ha,12864,,
gdc,kscv.0,46134,46545,Hauptmann,hauptmann,"!",$.,--,12864,,
gdc,kscv.0,46134,46545,Hauptmann,hauptmann,O,XY,O,12864,,
gdc,kscv.0,46134,46545,Hauptmann,hauptmann,Er,PPER,er,12864,,
gdc,kscv.0,46134,46545,Hauptmann,hauptmann,ist,VAFIN,sein,12864,,
gdc,kscv.0,46134,46545,Hauptmann,hauptmann,dumm,ADJD,dumm,12864,,
gdc,kscv.0,46134,46545,Hauptmann,hauptmann,",","$,",--,12864,,
gdc,kscv.0,46134,46545,Hauptmann,hauptmann,ganz,ADV,ganz,12864,,
gdc,kscv.0,46134,46545,Hauptmann,hauptmann,abscheulich,ADJD,abscheulich,12864,,
gdc,kscv.0,46134,46545,Hauptmann,hauptmann,dumm,ADJD,dumm,12864,,
gdc,kscv.0,46134,46545,Hauptmann,hauptmann,.,$.,--,12864,,
gdc,kscv.0,46134,46545,Hauptmann,hauptmann,Woyzeck,NE,woyzeck,12864,woyzeck,(1)
gdc,kscv.0,46134,46545,Hauptmann,hauptmann,",","$,",--,12864,,
gdc,kscv.0,46134,46545,Hauptmann,hauptmann,Er,PPER,er,12864,,
gdc,kscv.0,46134,46545,Hauptmann,hauptmann,ist,VAFIN,sein,12864,,
gdc,kscv.0,46134,46545,Hauptmann,hauptmann,ein,ART,ein,12864,,
gdc,kscv.0,46134,46545,Hauptmann,hauptmann,guter,ADJA,gut,12864,,
gdc,kscv.0,46134,46545,Hauptmann,hauptmann,Mensch,NN,mensch,12864,,
gdc,kscv.0,46134,46545,Hauptmann,hauptmann,",","$,",--,12864,,
gdc,kscv.0,46134,46545,Hauptmann,hauptmann,ein,ART,ein,12864,,
gdc,kscv.0,46134,46545,Hauptmann,hauptmann,guter,ADJA,gut,12864,,
gdc,kscv.0,46134,46545,Hauptmann,hauptmann,Mensch,NN,mensch,12864,,
gdc,kscv.0,46134,46545,Hauptmann,hauptmann,–,CARD,–,12864,,
gdc,kscv.0,46134,46545,Hauptmann,hauptmann,aber,ADV,aber,12864,,
gdc,kscv.0,46134,46545,Hauptmann,hauptmann,Woyzeck,NE,woyzeck,12864,woyzeck,(1)
gdc,kscv.0,46134,46545,Hauptmann,hauptmann,",","$,",--,12864,,
gdc,kscv.0,46134,46545,Hauptmann,hauptmann,Er,PPER,er,12864,,
gdc,kscv.0,46134,46545,Hauptmann,hauptmann,hat,VAFIN,haben,12864,,
gdc,kscv.0,46134,46545,Hauptmann,hauptmann,keine,PIAT,kein,12864,,
gdc,kscv.0,46134,46545,Hauptmann,hauptmann,Moral,NN,Moral,12864,,
gdc,kscv.0,46134,46545,Hauptmann,hauptmann,"!",$.,--,12864,,
gdc,kscv.0,46134,46545,Hauptmann,hauptmann,Moral,ADJD,Moral,12864,,
gdc,kscv.0,46134,46545,Hauptmann,hauptmann,das,PDS,der,12864,,
gdc,kscv.0,46134,46545,Hauptmann,hauptmann,ist,VAFIN,sein,12864,,
gdc,kscv.0,46134,46545,Hauptmann,hauptmann,wenn,KOUS,wenn,12864,,
gdc,kscv.0,46134,46545,Hauptmann,hauptmann,man,PIS,man,12864,,
gdc,kscv.0,46134,46545,Hauptmann,hauptmann,moralisch,ADJD,moralisch,12864,,
gdc,kscv.0,46134,46545,Hauptmann,hauptmann,ist,VAFIN,sein,12864,,
gdc,kscv.0,46134,46545,Hauptmann,hauptmann,",","$,",--,12864,,
gdc,kscv.0,46134,46545,Hauptmann,hauptmann,versteht,VVFIN,verstehen,12864,,
gdc,kscv.0,46134,46545,Hauptmann,hauptmann,Er,PPER,er,12864,,
gdc,kscv.0,46134,46545,Hauptmann,hauptmann,.,$.,--,12864,,
gdc,kscv.0,46134,46545,Hauptmann,hauptmann,Es,PPER,es,12864,,
gdc,kscv.0,46134,46545,Hauptmann,hauptmann,ist,VAFIN,sein,12864,,
gdc,kscv.0,46134,46545,Hauptmann,hauptmann,ein,ART,ein,12864,,
gdc,kscv.0,46134,46545,Hauptmann,hauptmann,gutes,ADJA,gut,12864,,
gdc,kscv.0,46134,46545,Hauptmann,hauptmann,Wort,NN,wort,12864,,
gdc,kscv.0,46134,46545,Hauptmann,hauptmann,.,$.,--,12864,,
gdc,kscv.0,46134,46545,Hauptmann,hauptmann,Er,PPER,er,12864,,
gdc,kscv.0,46134,46545,Hauptmann,hauptmann,hat,VAFIN,haben,12864,,
gdc,kscv.0,46134,46545,Hauptmann,hauptmann,ein,ART,ein,12864,,
gdc,kscv.0,46134,46545,Hauptmann,hauptmann,Kind,NN,kind,12864,,
gdc,kscv.0,46134,46545,Hauptmann,hauptmann,",","$,",--,12864,,
gdc,kscv.0,46134,46545,Hauptmann,hauptmann,ohne,KOUI,ohne,12864,,
gdc,kscv.0,46134,46545,Hauptmann,hauptmann,den,ART,der,12864,,
gdc,kscv.0,46134,46545,Hauptmann,hauptmann,Segen,NN,segen,12864,,
gdc,kscv.0,46134,46545,Hauptmann,hauptmann,der,ART,der,12864,,
gdc,kscv.0,46134,46545,Hauptmann,hauptmann,Kirche,NN,kirche,12864,,
gdc,kscv.0,46134,46545,Hauptmann,hauptmann,",","$,",--,12864,,
gdc,kscv.0,46134,46545,Hauptmann,hauptmann,wie,PWAV,wie,12864,,
gdc,kscv.0,46134,46545,Hauptmann,hauptmann,unser,PPOSAT,unser,12864,,
gdc,kscv.0,46134,46545,Hauptmann,hauptmann,hochehrwürdiger,ADJA,hochehrwürdig,12864,,
gdc,kscv.0,46134,46545,Hauptmann,hauptmann,Herr,NN,herr,12864,herr,(18)
gdc,kscv.0,46134,46545,Hauptmann,hauptmann,Garnisonsprediger,NN,garnisonsprediger,12864,,
gdc,kscv.0,46134,46545,Hauptmann,hauptmann,sagt,VVFIN,sagen,12864,,
gdc,kscv.0,46134,46545,Hauptmann,hauptmann,",","$,",--,12864,,
gdc,kscv.0,46134,46545,Hauptmann,hauptmann,ohne,KOUI,ohne,12864,,
gdc,kscv.0,46134,46545,Hauptmann,hauptmann,den,ART,der,12864,,
gdc,kscv.0,46134,46545,Hauptmann,hauptmann,Segen,NN,segen,12864,,
gdc,kscv.0,46134,46545,Hauptmann,hauptmann,der,ART,der,12864,,
gdc,kscv.0,46134,46545,Hauptmann,hauptmann,Kirche,NN,kirche,12864,,
gdc,kscv.0,46134,46545,Hauptmann,hauptmann,",","$,",--,12864,,
gdc,kscv.0,46134,46545,Hauptmann,hauptmann,es,PPER,es,12864,,
gdc,kscv.0,46134,46545,Hauptmann,hauptmann,ist,VAFIN,sein,12864,,
gdc,kscv.0,46134,46545,Hauptmann,hauptmann,nicht,PTKNEG,nicht,12864,,
gdc,kscv.0,46134,46545,Hauptmann,hauptmann,von,APPR,von,12864,,
gdc,kscv.0,46134,46545,Hauptmann,hauptmann,mir,PPER,sich,12864,hauptmann,(24)
gdc,kscv.0,46134,46545,Hauptmann,hauptmann,.,$.,--,12864,,
gdc,kscv.0,46550,46733,Woyzeck,woyzeck,Herr,NN,herr,12864,herr,(18)
gdc,kscv.0,46550,46733,Woyzeck,woyzeck,Hauptmann,NN,hauptmann,12864,hauptmann,(24)
gdc,kscv.0,46550,46733,Woyzeck,woyzeck,",","$,",--,12864,,
gdc,kscv.0,46550,46733,Woyzeck,woyzeck,der,ART,der,12864,,
gdc,kscv.0,46550,46733,Woyzeck,woyzeck,liebe,ADJA,liebe,12864,,
gdc,kscv.0,46550,46733,Woyzeck,woyzeck,Gott,NN,gott,12864,,
gdc,kscv.0,46550,46733,Woyzeck,woyzeck,wird,VAFIN,werden,12864,,
gdc,kscv.0,46550,46733,Woyzeck,woyzeck,den,ART,der,12864,,
gdc,kscv.0,46550,46733,Woyzeck,woyzeck,armen,ADJA,arm,12864,,
gdc,kscv.0,46550,46733,Woyzeck,woyzeck,Wurm,NN,wurm,12864,,
gdc,kscv.0,46550,46733,Woyzeck,woyzeck,nicht,PTKNEG,nicht,12864,,
gdc,kscv.0,46550,46733,Woyzeck,woyzeck,drum,ADV,drum,12864,,
gdc,kscv.0,46550,46733,Woyzeck,woyzeck,ansehn,ADJD,ansehn,12864,,
gdc,kscv.0,46550,46733,Woyzeck,woyzeck,",","$,",--,12864,,
gdc,kscv.0,46550,46733,Woyzeck,woyzeck,ob,KOUS,ob,12864,,
gdc,kscv.0,46550,46733,Woyzeck,woyzeck,das,ART,der,12864,,
gdc,kscv.0,46550,46733,Woyzeck,woyzeck,Amen,NN,amen,12864,,
gdc,kscv.0,46550,46733,Woyzeck,woyzeck,drüber,PROAV,drüber,12864,,
gdc,kscv.0,46550,46733,Woyzeck,woyzeck,gesagt,VVPP,sagen,12864,,
gdc,kscv.0,46550,46733,Woyzeck,woyzeck,ist,VAFIN,sein,12864,,
gdc,kscv.0,46550,46733,Woyzeck,woyzeck,",","$,",--,12864,,
gdc,kscv.0,46550,46733,Woyzeck,woyzeck,eh,ADV,eh,12864,,
gdc,kscv.0,46550,46733,Woyzeck,woyzeck,',$(,--,12864,,
gdc,kscv.0,46550,46733,Woyzeck,woyzeck,er,PPER,er,12864,,
gdc,kscv.0,46550,46733,Woyzeck,woyzeck,gemacht,VVPP,machen,12864,,
gdc,kscv.0,46550,46733,Woyzeck,woyzeck,wurde,VAFIN,werden,12864,,
gdc,kscv.0,46550,46733,Woyzeck,woyzeck,.,$.,--,12864,,
gdc,kscv.0,46550,46733,Woyzeck,woyzeck,Der,ART,der,12864,,
gdc,kscv.0,46550,46733,Woyzeck,woyzeck,Herr,NN,herr,12864,herr,(18)
gdc,kscv.0,46550,46733,Woyzeck,woyzeck,sprach,VVFIN,sprechen,12864,,
gdc,kscv.0,46550,46733,Woyzeck,woyzeck,:,$.,--,12864,,
gdc,kscv.0,46550,46733,Woyzeck,woyzeck,Lasset,VVFIN,lasset,12864,,
gdc,kscv.0,46550,46733,Woyzeck,woyzeck,die,ART,der,12864,,
gdc,kscv.0,46550,46733,Woyzeck,woyzeck,Kindlein,NN,kindlein,12864,,
gdc,kscv.0,46550,46733,Woyzeck,woyzeck,zu,APPR,zu,12864,,
gdc,kscv.0,46550,46733,Woyzeck,woyzeck,mir,PPER,sich,12864,woyzeck,(1)
gdc,kscv.0,46550,46733,Woyzeck,woyzeck,kommen,VVINF,kommen,12864,,
gdc,kscv.0,46550,46733,Woyzeck,woyzeck,.,$.,--,12864,,
gdc,kscv.0,46738,46887,Hauptmann,hauptmann,Was,PWS,was,12864,,
gdc,kscv.0,46738,46887,Hauptmann,hauptmann,sagt,VVFIN,sagen,12864,,
gdc,kscv.0,46738,46887,Hauptmann,hauptmann,Er,PPER,er,12864,,
gdc,kscv.0,46738,46887,Hauptmann,hauptmann,da,PTKVZ,da,12864,,
gdc,kscv.0,46738,46887,Hauptmann,hauptmann,?,$.,--,12864,,
gdc,kscv.0,46738,46887,Hauptmann,hauptmann,Was,PWS,was,12864,,
gdc,kscv.0,46738,46887,Hauptmann,hauptmann,ist,VAFIN,sein,12864,,
gdc,kscv.0,46738,46887,Hauptmann,hauptmann,das,PDS,der,12864,,
gdc,kscv.0,46738,46887,Hauptmann,hauptmann,für,APPR,für,12864,,
gdc,kscv.0,46738,46887,Hauptmann,hauptmann,n,XY,--,12864,,
gdc,kscv.0,46738,46887,Hauptmann,hauptmann,',$(,--,12864,,
gdc,kscv.0,46738,46887,Hauptmann,hauptmann,e,ART,E,12864,,
gdc,kscv.0,46738,46887,Hauptmann,hauptmann,kuriose,ADJA,kurios,12864,,
gdc,kscv.0,46738,46887,Hauptmann,hauptmann,Antwort,NN,antwort,12864,,
gdc,kscv.0,46738,46887,Hauptmann,hauptmann,?,$.,--,12864,,
gdc,kscv.0,46738,46887,Hauptmann,hauptmann,Er,PPER,er,12864,,
gdc,kscv.0,46738,46887,Hauptmann,hauptmann,macht,VVFIN,machen,12864,,
gdc,kscv.0,46738,46887,Hauptmann,hauptmann,mich,PPER,mich,12864,hauptmann,(24)
gdc,kscv.0,46738,46887,Hauptmann,hauptmann,ganz,ADV,ganz,12864,,
gdc,kscv.0,46738,46887,Hauptmann,hauptmann,confus,ADJD,confus,12864,,
gdc,kscv.0,46738,46887,Hauptmann,hauptmann,mit,APPR,mit,12864,,
gdc,kscv.0,46738,46887,Hauptmann,hauptmann,seiner,PPOSAT,sein,12864,,
gdc,kscv.0,46738,46887,Hauptmann,hauptmann,Antwort,NN,antwort,12864,,
gdc,kscv.0,46738,46887,Hauptmann,hauptmann,.,$.,--,12864,,
gdc,kscv.0,46738,46887,Hauptmann,hauptmann,Wenn,KOUS,wenn,12864,,
gdc,kscv.0,46738,46887,Hauptmann,hauptmann,ich,PPER,ich,12864,hauptmann,(24)
gdc,kscv.0,46738,46887,Hauptmann,hauptmann,sag,VVFIN,sag,12864,,
gdc,kscv.0,46738,46887,Hauptmann,hauptmann,:,$.,--,12864,,
gdc,kscv.0,46738,46887,Hauptmann,hauptmann,Er,PPER,er,12864,,
gdc,kscv.0,46738,46887,Hauptmann,hauptmann,",","$,",--,12864,,
gdc,kscv.0,46738,46887,Hauptmann,hauptmann,so,ADV,so,12864,,
gdc,kscv.0,46738,46887,Hauptmann,hauptmann,mein,PPOSAT,mein,12864,hauptmann,(24)
gdc,kscv.0,46738,46887,Hauptmann,hauptmann,ich,PPER,ich,12864,hauptmann,(24)
gdc,kscv.0,46738,46887,Hauptmann,hauptmann,Ihn,PPER,ihn,12864,,
gdc,kscv.0,46738,46887,Hauptmann,hauptmann,",","$,",--,12864,,
gdc,kscv.0,46738,46887,Hauptmann,hauptmann,Ihn,PPER,ihn,12864,,
gdc,kscv.0,46738,46887,Hauptmann,hauptmann,.,$.,--,12864,,
gdc,kscv.0,46892,47197,Woyzeck,woyzeck,Wir,PPER,wir,12864,,
gdc,kscv.0,46892,47197,Woyzeck,woyzeck,arme,ADJA,arm,12864,,
gdc,kscv.0,46892,47197,Woyzeck,woyzeck,Leut,NN,leut,12864,,
gdc,kscv.0,46892,47197,Woyzeck,woyzeck,.,$.,--,12864,,
gdc,kscv.0,46892,47197,Woyzeck,woyzeck,Sehn,CARD,sehn,12864,,
gdc,kscv.0,46892,47197,Woyzeck,woyzeck,Sie,PPER,sie,12864,,
gdc,kscv.0,46892,47197,Woyzeck,woyzeck,",","$,",--,12864,,
gdc,kscv.0,46892,47197,Woyzeck,woyzeck,Herr,NN,herr,12864,herr,(18)
gdc,kscv.0,46892,47197,Woyzeck,woyzeck,Haupt,NN,haupt,12864,,
gdc,kscv.0,46892,47197,Woyzeck,woyzeck,mann,VMFIN,mann,12864,,
gdc,kscv.0,46892,47197,Woyzeck,woyzeck,",","$,",--,12864,,
gdc,kscv.0,46892,47197,Woyzeck,woyzeck,Geld,NN,geld,12864,,
gdc,kscv.0,46892,47197,Woyzeck,woyzeck,",","$,",--,12864,,
gdc,kscv.0,46892,47197,Woyzeck,woyzeck,Geld,NN,geld,12864,,
gdc,kscv.0,46892,47197,Woyzeck,woyzeck,.,$.,--,12864,,
gdc,kscv.0,46892,47197,Woyzeck,woyzeck,Wer,PWS,wer,12864,,
gdc,kscv.0,46892,47197,Woyzeck,woyzeck,kein,PIAT,kein,12864,,
gdc,kscv.0,46892,47197,Woyzeck,woyzeck,Geld,NN,geld,12864,,
gdc,kscv.0,46892,47197,Woyzeck,woyzeck,hat,VAFIN,haben,12864,,
gdc,kscv.0,46892,47197,Woyzeck,woyzeck,.,$.,--,12864,,
gdc,kscv.0,46892,47197,Woyzeck,woyzeck,Da,KOUS,da,12864,,
gdc,kscv.0,46892,47197,Woyzeck,woyzeck,setz,NE,setz,12864,,
gdc,kscv.0,46892,47197,Woyzeck,woyzeck,eimal,ADV,eimal,12864,,
gdc,kscv.0,46892,47197,Woyzeck,woyzeck,einer,PIS,ein,12864,,
gdc,kscv.0,46892,47197,Woyzeck,woyzeck,seinsgleichen,ADJA,seinsgleich,12864,,
gdc,kscv.0,46892,47197,Woyzeck,woyzeck,auf,APPR,auf,12864,,
gdc,kscv.0,46892,47197,Woyzeck,woyzeck,die,ART,der,12864,,
gdc,kscv.0,46892,47197,Woyzeck,woyzeck,Moral,NN,Moral,12864,,
gdc,kscv.0,46892,47197,Woyzeck,woyzeck,in,APPR,in,12864,,
gdc,kscv.0,46892,47197,Woyzeck,woyzeck,die,ART,der,12864,,
gdc,kscv.0,46892,47197,Woyzeck,woyzeck,Welt,NN,welt,12864,,
gdc,kscv.0,46892,47197,Woyzeck,woyzeck,.,$.,--,12864,,
gdc,kscv.0,46892,47197,Woyzeck,woyzeck,Man,PIS,man,12864,,
gdc,kscv.0,46892,47197,Woyzeck,woyzeck,hat,VAFIN,haben,12864,,
gdc,kscv.0,46892,47197,Woyzeck,woyzeck,auch,ADV,auch,12864,,
gdc,kscv.0,46892,47197,Woyzeck,woyzeck,sein,PPOSAT,sein,12864,,
gdc,kscv.0,46892,47197,Woyzeck,woyzeck,Fleisch,NN,fleisch,12864,,
gdc,kscv.0,46892,47197,Woyzeck,woyzeck,und,KON,und,12864,,
gdc,kscv.0,46892,47197,Woyzeck,woyzeck,Blut,NN,blut,12864,,
gdc,kscv.0,46892,47197,Woyzeck,woyzeck,.,$.,--,12864,,
gdc,kscv.0,46892,47197,Woyzeck,woyzeck,Unseins,NE,unsein,12864,,
gdc,kscv.0,46892,47197,Woyzeck,woyzeck,ist,VAFIN,sein,12864,,
gdc,kscv.0,46892,47197,Woyzeck,woyzeck,doch,ADV,doch,12864,,
gdc,kscv.0,46892,47197,Woyzeck,woyzeck,einmal,ADV,einmal,12864,,
gdc,kscv.0,46892,47197,Woyzeck,woyzeck,unseelig,ADJD,unseelig,12864,,
gdc,kscv.0,46892,47197,Woyzeck,woyzeck,in,APPR,in,12864,,
gdc,kscv.0,46892,47197,Woyzeck,woyzeck,der,ART,der,12864,,
gdc,kscv.0,46892,47197,Woyzeck,woyzeck,und,KON,und,12864,,
gdc,kscv.0,46892,47197,Woyzeck,woyzeck,der,ART,der,12864,,
gdc,kscv.0,46892,47197,Woyzeck,woyzeck,andern,ADJA,anderer,12864,,
gdc,kscv.0,46892,47197,Woyzeck,woyzeck,Welt,NN,welt,12864,,
gdc,kscv.0,46892,47197,Woyzeck,woyzeck,",","$,",--,12864,,
gdc,kscv.0,46892,47197,Woyzeck,woyzeck,ich,PPER,ich,12864,woyzeck,(1)
gdc,kscv.0,46892,47197,Woyzeck,woyzeck,glaub,VVFIN,glaub,12864,,
gdc,kscv.0,46892,47197,Woyzeck,woyzeck,',$(,--,12864,,
gdc,kscv.0,46892,47197,Woyzeck,woyzeck,wenn,KOUS,wenn,12864,,
gdc,kscv.0,46892,47197,Woyzeck,woyzeck,wir,PPER,wir,12864,,
gdc,kscv.0,46892,47197,Woyzeck,woyzeck,in,APPR,in,12864,,
gdc,kscv.0,46892,47197,Woyzeck,woyzeck,Himmel,NN,himmel,12864,,
gdc,kscv.0,46892,47197,Woyzeck,woyzeck,kämen,VVFIN,kommen,12864,,
gdc,kscv.0,46892,47197,Woyzeck,woyzeck,so,ADV,so,12864,,
gdc,kscv.0,46892,47197,Woyzeck,woyzeck,müßten,VMFIN,müssen,12864,,
gdc,kscv.0,46892,47197,Woyzeck,woyzeck,wir,PPER,wir,12864,,
gdc,kscv.0,46892,47197,Woyzeck,woyzeck,donnern,VVINF,donnern,12864,,
gdc,kscv.0,46892,47197,Woyzeck,woyzeck,helfen,VVINF,helfen,12864,,
gdc,kscv.0,46892,47197,Woyzeck,woyzeck,.,$.,--,12864,,
gdc,kscv.0,47202,47665,Hauptmann,hauptmann,Woyzeck,PWAV,woyzeck,12864,woyzeck,(1)
gdc,kscv.0,47202,47665,Hauptmann,hauptmann,Er,PPER,er,12864,,
gdc,kscv.0,47202,47665,Hauptmann,hauptmann,hat,VAFIN,haben,12864,,
gdc,kscv.0,47202,47665,Hauptmann,hauptmann,keine,PIAT,kein,12864,,
gdc,kscv.0,47202,47665,Hauptmann,hauptmann,Tugend,NN,tugend,12864,,
gdc,kscv.0,47202,47665,Hauptmann,hauptmann,",","$,",--,12864,,
gdc,kscv.0,47202,47665,Hauptmann,hauptmann,Er,PPER,er,12864,,
gdc,kscv.0,47202,47665,Hauptmann,hauptmann,ist,VAFIN,sein,12864,,
gdc,kscv.0,47202,47665,Hauptmann,hauptmann,kein,PIAT,kein,12864,,
gdc,kscv.0,47202,47665,Hauptmann,hauptmann,tugendhafter,ADJA,tugendhaft,12864,,
gdc,kscv.0,47202,47665,Hauptmann,hauptmann,Mensch,NN,mensch,12864,,
gdc,kscv.0,47202,47665,Hauptmann,hauptmann,.,$.,--,12864,,
gdc,kscv.0,47202,47665,Hauptmann,hauptmann,Fleisch,NN,fleisch,12864,,
gdc,kscv.0,47202,47665,Hauptmann,hauptmann,und,KON,und,12864,,
gdc,kscv.0,47202,47665,Hauptmann,hauptmann,Blut,NN,blut,12864,,
gdc,kscv.0,47202,47665,Hauptmann,hauptmann,?,$.,--,12864,,
gdc,kscv.0,47202,47665,Hauptmann,hauptmann,Wenn,KOUS,wenn,12864,,
gdc,kscv.0,47202,47665,Hauptmann,hauptmann,ich,PPER,ich,12864,hauptmann,(24)
gdc,kscv.0,47202,47665,Hauptmann,hauptmann,am,APPRART,an,12864,,
gdc,kscv.0,47202,47665,Hauptmann,hauptmann,Fenster,NN,fenster,12864,,
gdc,kscv.0,47202,47665,Hauptmann,hauptmann,lieg,VVFIN,lieg,12864,,
gdc,kscv.0,47202,47665,Hauptmann,hauptmann,",","$,",--,12864,,
gdc,kscv.0,47202,47665,Hauptmann,hauptmann,wenn,KOUS,wenn,12864,,
gdc,kscv.0,47202,47665,Hauptmann,hauptmann,',$(,--,12864,,
gdc,kscv.0,47202,47665,Hauptmann,hauptmann,s,PPER,--,12864,,
gdc,kscv.0,47202,47665,Hauptmann,hauptmann,geregnet,VVPP,regnen,12864,,
gdc,kscv.0,47202,47665,Hauptmann,hauptmann,hat,VAFIN,haben,12864,,
gdc,kscv.0,47202,47665,Hauptmann,hauptmann,und,KON,und,12864,,
gdc,kscv.0,47202,47665,Hauptmann,hauptmann,den,ART,der,12864,,
gdc,kscv.0,47202,47665,Hauptmann,hauptmann,weißen,ADJA,weiß,12864,,
gdc,kscv.0,47202,47665,Hauptmann,hauptmann,Strümpfen,NN,strumpf,12864,,
gdc,kscv.0,47202,47665,Hauptmann,hauptmann,so,ADV,so,12864,,
gdc,kscv.0,47202,47665,Hauptmann,hauptmann,nachsehe,VVFIN,nachsehen,12864,,
gdc,kscv.0,47202,47665,Hauptmann,hauptmann,wie,KOKOM,wie,12864,,
gdc,kscv.0,47202,47665,Hauptmann,hauptmann,sie,PPER,sie,12864,,
gdc,kscv.0,47202,47665,Hauptmann,hauptmann,über,APPR,über,12864,,
gdc,kscv.0,47202,47665,Hauptmann,hauptmann,die,ART,der,12864,,
gdc,kscv.0,47202,47665,Hauptmann,hauptmann,Gassen,NN,gasse,12864,,
gdc,kscv.0,47202,47665,Hauptmann,hauptmann,springen,VVINF,springen,12864,,
gdc,kscv.0,47202,47665,Hauptmann,hauptmann,",","$,",--,12864,,
gdc,kscv.0,47202,47665,Hauptmann,hauptmann,–,NN,–,12864,,
gdc,kscv.0,47202,47665,Hauptmann,hauptmann,verdammt,VVFIN,verdammen,12864,,
gdc,kscv.0,47202,47665,Hauptmann,hauptmann,Woyzeck,NN,woyzeck,12864,woyzeck,(1)
gdc,kscv.0,47202,47665,Hauptmann,hauptmann,",","$,",--,12864,,
gdc,kscv.0,47202,47665,Hauptmann,hauptmann,–,PPER,–,12864,,
gdc,kscv.0,47202,47665,Hauptmann,hauptmann,da,ADV,da,12864,,
gdc,kscv.0,47202,47665,Hauptmann,hauptmann,kommt,VVFIN,kommen,12864,,
gdc,kscv.0,47202,47665,Hauptmann,hauptmann,mir,PPER,sich,12864,hauptmann,(24)
gdc,kscv.0,47202,47665,Hauptmann,hauptmann,die,ART,der,12864,,
gdc,kscv.0,47202,47665,Hauptmann,hauptmann,Liebe,NN,liebe,12864,,
gdc,kscv.0,47202,47665,Hauptmann,hauptmann,.,$.,--,12864,,
gdc,kscv.0,47202,47665,Hauptmann,hauptmann,Ich,PPER,ich,12864,hauptmann,(24)
gdc,kscv.0,47202,47665,Hauptmann,hauptmann,hab,VVFIN,hab,12864,,
gdc,kscv.0,47202,47665,Hauptmann,hauptmann,auch,ADV,auch,12864,,
gdc,kscv.0,47202,47665,Hauptmann,hauptmann,Fleisch,NN,fleisch,12864,,
gdc,kscv.0,47202,47665,Hauptmann,hauptmann,und,KON,und,12864,,
gdc,kscv.0,47202,47665,Hauptmann,hauptmann,Blut,NN,blut,12864,,
gdc,kscv.0,47202,47665,Hauptmann,hauptmann,.,$.,--,12864,,
gdc,kscv.0,47202,47665,Hauptmann,hauptmann,Aber,KON,aber,12864,,
gdc,kscv.0,47202,47665,Hauptmann,hauptmann,Woyzeck,NN,woyzeck,12864,woyzeck,(1)
gdc,kscv.0,47202,47665,Hauptmann,hauptmann,",","$,",--,12864,,
gdc,kscv.0,47202,47665,Hauptmann,hauptmann,die,ART,der,12864,,
gdc,kscv.0,47202,47665,Hauptmann,hauptmann,Tugend,NN,tugend,12864,,
gdc,kscv.0,47202,47665,Hauptmann,hauptmann,",","$,",--,12864,,
gdc,kscv.0,47202,47665,Hauptmann,hauptmann,die,ART,der,12864,,
gdc,kscv.0,47202,47665,Hauptmann,hauptmann,Tugend,NN,tugend,12864,,
gdc,kscv.0,47202,47665,Hauptmann,hauptmann,"!",$.,--,12864,,
gdc,kscv.0,47202,47665,Hauptmann,hauptmann,Wie,PWAV,wie,12864,,
gdc,kscv.0,47202,47665,Hauptmann,hauptmann,sollte,VMFIN,sollen,12864,,
gdc,kscv.0,47202,47665,Hauptmann,hauptmann,ich,PPER,ich,12864,hauptmann,(24)
gdc,kscv.0,47202,47665,Hauptmann,hauptmann,dann,ADV,dann,12864,,
gdc,kscv.0,47202,47665,Hauptmann,hauptmann,die,ART,der,12864,,
gdc,kscv.0,47202,47665,Hauptmann,hauptmann,Zeit,NN,zeit,12864,,
gdc,kscv.0,47202,47665,Hauptmann,hauptmann,herumbringen,VVINF,herumbringen,12864,,
gdc,kscv.0,47202,47665,Hauptmann,hauptmann,?,$.,--,12864,,
gdc,kscv.0,47202,47665,Hauptmann,hauptmann,ich,PPER,ich,12864,hauptmann,(24)
gdc,kscv.0,47202,47665,Hauptmann,hauptmann,sag,VVFIN,sögen,12864,,
gdc,kscv.0,47202,47665,Hauptmann,hauptmann,',$(,--,12864,,
gdc,kscv.0,47202,47665,Hauptmann,hauptmann,mir,PPER,sich,12864,hauptmann,(24)
gdc,kscv.0,47202,47665,Hauptmann,hauptmann,immer,ADV,immer,12864,,
gdc,kscv.0,47202,47665,Hauptmann,hauptmann,:,$.,--,12864,,
gdc,kscv.0,47202,47665,Hauptmann,hauptmann,Du,PPER,du,12864,,
gdc,kscv.0,47202,47665,Hauptmann,hauptmann,bist,ADV,sein,12864,,
gdc,kscv.0,47202,47665,Hauptmann,hauptmann,ein,ART,ein,12864,,
gdc,kscv.0,47202,47665,Hauptmann,hauptmann,tugendhafter,ADJA,tugendhaft,12864,,
gdc,kscv.0,47202,47665,Hauptmann,hauptmann,Mensch,NN,mensch,12864,,
gdc,kscv.0,47202,47665,Hauptmann,hauptmann,",","$,",--,12864,,
gdc,kscv.0,47202,47665,Hauptmann,hauptmann,ein,ART,ein,12864,,
gdc,kscv.0,47202,47665,Hauptmann,hauptmann,guter,ADJA,gut,12864,,
gdc,kscv.0,47202,47665,Hauptmann,hauptmann,Mensch,NN,mensch,12864,,
gdc,kscv.0,47202,47665,Hauptmann,hauptmann,",","$,",--,12864,,
gdc,kscv.0,47202,47665,Hauptmann,hauptmann,ein,ART,ein,12864,,
gdc,kscv.0,47202,47665,Hauptmann,hauptmann,guter,ADJA,gut,12864,,
gdc,kscv.0,47202,47665,Hauptmann,hauptmann,Mensch,NN,mensch,12864,,
gdc,kscv.0,47202,47665,Hauptmann,hauptmann,.,$.,--,12864,,
gdc,kscv.0,47670,48037,Woyzeck,woyzeck,Ja,PTKANT,ja,12864,,
gdc,kscv.0,47670,48037,Woyzeck,woyzeck,Herr,NN,herr,12864,herr,(18)
gdc,kscv.0,47670,48037,Woyzeck,woyzeck,Hauptmann,NN,hauptmann,12864,hauptmann,(24)
gdc,kscv.0,47670,48037,Woyzeck,woyzeck,",","$,",--,12864,,
gdc,kscv.0,47670,48037,Woyzeck,woyzeck,die,ART,der,12864,,
gdc,kscv.0,47670,48037,Woyzeck,woyzeck,Tugend,NN,tugend,12864,,
gdc,kscv.0,47670,48037,Woyzeck,woyzeck,"!",$.,--,12864,,
gdc,kscv.0,47670,48037,Woyzeck,woyzeck,ich,PPER,ich,12864,woyzeck,(1)
gdc,kscv.0,47670,48037,Woyzeck,woyzeck,hab,VVFIN,hab,12864,,
gdc,kscv.0,47670,48037,Woyzeck,woyzeck,',$(,--,12864,,
gdc,kscv.0,47670,48037,Woyzeck,woyzeck,s,PPER,--,12864,,
gdc,kscv.0,47670,48037,Woyzeck,woyzeck,noch,ADV,noch,12864,,
gdc,kscv.0,47670,48037,Woyzeck,woyzeck,nicht,PTKNEG,nicht,12864,,
gdc,kscv.0,47670,48037,Woyzeck,woyzeck,so,ADV,so,12864,,
gdc,kscv.0,47670,48037,Woyzeck,woyzeck,aus,PTKVZ,aus,12864,,
gdc,kscv.0,47670,48037,Woyzeck,woyzeck,.,$.,--,12864,,
gdc,kscv.0,47670,48037,Woyzeck,woyzeck,Sehn,VVFIN,sehn,12864,,
gdc,kscv.0,47670,48037,Woyzeck,woyzeck,Sie,PPER,sie,12864,,
gdc,kscv.0,47670,48037,Woyzeck,woyzeck,",","$,",--,12864,,
gdc,kscv.0,47670,48037,Woyzeck,woyzeck,wir,PPER,wir,12864,,
gdc,kscv.0,47670,48037,Woyzeck,woyzeck,gemeine,ADJA,gemein,12864,,
gdc,kscv.0,47670,48037,Woyzeck,woyzeck,Leut,NN,leut,12864,,
gdc,kscv.0,47670,48037,Woyzeck,woyzeck,",","$,",--,12864,,
gdc,kscv.0,47670,48037,Woyzeck,woyzeck,das,PDS,der,12864,,
gdc,kscv.0,47670,48037,Woyzeck,woyzeck,hat,VAFIN,haben,12864,,
gdc,kscv.0,47670,48037,Woyzeck,woyzeck,keine,PIAT,kein,12864,,
gdc,kscv.0,47670,48037,Woyzeck,woyzeck,Tugend,NN,tugend,12864,,
gdc,kscv.0,47670,48037,Woyzeck,woyzeck,",","$,",--,12864,,
gdc,kscv.0,47670,48037,Woyzeck,woyzeck,es,PPER,es,12864,,
gdc,kscv.0,47670,48037,Woyzeck,woyzeck,kommt,VVFIN,kommen,12864,,
gdc,kscv.0,47670,48037,Woyzeck,woyzeck,einem,PIS,ein,12864,,
gdc,kscv.0,47670,48037,Woyzeck,woyzeck,nur,ADV,nur,12864,,
gdc,kscv.0,47670,48037,Woyzeck,woyzeck,so,ADV,so,12864,,
gdc,kscv.0,47670,48037,Woyzeck,woyzeck,die,ART,der,12864,,
gdc,kscv.0,47670,48037,Woyzeck,woyzeck,Natur,NN,natur,12864,,
gdc,kscv.0,47670,48037,Woyzeck,woyzeck,",","$,",--,12864,,
gdc,kscv.0,47670,48037,Woyzeck,woyzeck,aber,KON,aber,12864,,
gdc,kscv.0,47670,48037,Woyzeck,woyzeck,wenn,KOUS,wenn,12864,,
gdc,kscv.0,47670,48037,Woyzeck,woyzeck,ich,PPER,ich,12864,woyzeck,(1)
gdc,kscv.0,47670,48037,Woyzeck,woyzeck,ein,ART,ein,12864,,
gdc,kscv.0,47670,48037,Woyzeck,woyzeck,Herr,NN,herr,12864,herr,(18)
gdc,kscv.0,47670,48037,Woyzeck,woyzeck,wär,VAFIN,sein,12864,,
gdc,kscv.0,47670,48037,Woyzeck,woyzeck,und,KON,und,12864,,
gdc,kscv.0,47670,48037,Woyzeck,woyzeck,hätt,VAFIN,hätt,12864,,
gdc,kscv.0,47670,48037,Woyzeck,woyzeck,ein,ART,ein,12864,,
gdc,kscv.0,47670,48037,Woyzeck,woyzeck,Hut,NN,hut,12864,,
gdc,kscv.0,47670,48037,Woyzeck,woyzeck,und,KON,und,12864,,
gdc,kscv.0,47670,48037,Woyzeck,woyzeck,eine,ART,ein,12864,,
gdc,kscv.0,47670,48037,Woyzeck,woyzeck,Uhr,NN,uhr,12864,,
gdc,kscv.0,47670,48037,Woyzeck,woyzeck,und,KON,und,12864,,
gdc,kscv.0,47670,48037,Woyzeck,woyzeck,eine,ART,ein,12864,,
gdc,kscv.0,47670,48037,Woyzeck,woyzeck,anglaise,TRUNC,anglaise,12864,,
gdc,kscv.0,47670,48037,Woyzeck,woyzeck,und,KON,und,12864,,
gdc,kscv.0,47670,48037,Woyzeck,woyzeck,könnt,VVFIN,können,12864,,
gdc,kscv.0,47670,48037,Woyzeck,woyzeck,vornehm,ADJD,vornehm,12864,,
gdc,kscv.0,47670,48037,Woyzeck,woyzeck,reden,VVINF,reden,12864,,
gdc,kscv.0,47670,48037,Woyzeck,woyzeck,",","$,",--,12864,,
gdc,kscv.0,47670,48037,Woyzeck,woyzeck,ich,PPER,ich,12864,woyzeck,(1)
gdc,kscv.0,47670,48037,Woyzeck,woyzeck,wollt,VMFIN,wollen,12864,,
gdc,kscv.0,47670,48037,Woyzeck,woyzeck,schon,ADV,schon,12864,,
gdc,kscv.0,47670,48037,Woyzeck,woyzeck,tugendhaft,ADJD,tugendhaft,12864,,
gdc,kscv.0,47670,48037,Woyzeck,woyzeck,seyn,VAINF,seyn,12864,,
gdc,kscv.0,47670,48037,Woyzeck,woyzeck,.,$.,--,12864,,
gdc,kscv.0,47670,48037,Woyzeck,woyzeck,Es,PPER,es,12864,,
gdc,kscv.0,47670,48037,Woyzeck,woyzeck,muß,VMFIN,müssen,12864,,
gdc,kscv.0,47670,48037,Woyzeck,woyzeck,was,PIAT,was,12864,,
gdc,kscv.0,47670,48037,Woyzeck,woyzeck,Schöns,NN,schön,12864,,
gdc,kscv.0,47670,48037,Woyzeck,woyzeck,seyn,ADV,seyn,12864,,
gdc,kscv.0,47670,48037,Woyzeck,woyzeck,um,APPR,um,12864,,
gdc,kscv.0,47670,48037,Woyzeck,woyzeck,die,ART,der,12864,,
gdc,kscv.0,47670,48037,Woyzeck,woyzeck,Tugend,NN,tugend,12864,,
gdc,kscv.0,47670,48037,Woyzeck,woyzeck,",","$,",--,12864,,
gdc,kscv.0,47670,48037,Woyzeck,woyzeck,Herr,NN,herr,12864,herr,(18)
gdc,kscv.0,47670,48037,Woyzeck,woyzeck,Hauptmann,NN,hauptmann,12864,hauptmann,(24)
gdc,kscv.0,47670,48037,Woyzeck,woyzeck,.,$.,--,12864,,
gdc,kscv.0,47670,48037,Woyzeck,woyzeck,Aber,KON,aber,12864,,
gdc,kscv.0,47670,48037,Woyzeck,woyzeck,ich,PPER,ich,12864,woyzeck,(1)
gdc,kscv.0,47670,48037,Woyzeck,woyzeck,bin,VAFIN,sein,12864,,
gdc,kscv.0,47670,48037,Woyzeck,woyzeck,ein,ART,ein,12864,,
gdc,kscv.0,47670,48037,Woyzeck,woyzeck,armer,ADJA,arm,12864,,
gdc,kscv.0,47670,48037,Woyzeck,woyzeck,Kerl,NN,kerl,12864,,
gdc,kscv.0,47670,48037,Woyzeck,woyzeck,.,$.,--,12864,,
gdc,kscv.0,48043,48289,Hauptmann,hauptmann,Gut,ADJD,gut,12864,,
gdc,kscv.0,48043,48289,Hauptmann,hauptmann,Woyzeck,NN,woyzeck,12864,woyzeck,(1)
gdc,kscv.0,48043,48289,Hauptmann,hauptmann,.,$.,--,12864,,
gdc,kscv.0,48043,48289,Hauptmann,hauptmann,Du,PPER,du,12864,,
gdc,kscv.0,48043,48289,Hauptmann,hauptmann,bist,VAFIN,sein,12864,,
gdc,kscv.0,48043,48289,Hauptmann,hauptmann,ein,ART,ein,12864,,
gdc,kscv.0,48043,48289,Hauptmann,hauptmann,guter,ADJA,gut,12864,,
gdc,kscv.0,48043,48289,Hauptmann,hauptmann,Mensch,NN,mensch,12864,,
gdc,kscv.0,48043,48289,Hauptmann,hauptmann,",","$,",--,12864,,
gdc,kscv.0,48043,48289,Hauptmann,hauptmann,ein,ART,ein,12864,,
gdc,kscv.0,48043,48289,Hauptmann,hauptmann,guter,ADJA,gut,12864,,
gdc,kscv.0,48043,48289,Hauptmann,hauptmann,Mensch,NN,mensch,12864,,
gdc,kscv.0,48043,48289,Hauptmann,hauptmann,.,$.,--,12864,,
gdc,kscv.0,48043,48289,Hauptmann,hauptmann,Aber,KON,aber,12864,,
gdc,kscv.0,48043,48289,Hauptmann,hauptmann,du,PPER,du,12864,,
gdc,kscv.0,48043,48289,Hauptmann,hauptmann,denkst,VVFIN,denken,12864,,
gdc,kscv.0,48043,48289,Hauptmann,hauptmann,zuviel,PIS,zuviel,12864,,
gdc,kscv.0,48043,48289,Hauptmann,hauptmann,",","$,",--,12864,,
gdc,kscv.0,48043,48289,Hauptmann,hauptmann,das,PDS,der,12864,,
gdc,kscv.0,48043,48289,Hauptmann,hauptmann,zehrt,VVFIN,zehren,12864,,
gdc,kscv.0,48043,48289,Hauptmann,hauptmann,",","$,",--,12864,,
gdc,kscv.0,48043,48289,Hauptmann,hauptmann,du,PPER,du,12864,,
gdc,kscv.0,48043,48289,Hauptmann,hauptmann,siehst,VVFIN,sehen,12864,,
gdc,kscv.0,48043,48289,Hauptmann,hauptmann,immer,ADV,immer,12864,,
gdc,kscv.0,48043,48289,Hauptmann,hauptmann,so,ADV,so,12864,,
gdc,kscv.0,48043,48289,Hauptmann,hauptmann,verhetzt,ADJD,verhetzt,12864,,
gdc,kscv.0,48043,48289,Hauptmann,hauptmann,aus,PTKVZ,aus,12864,,
gdc,kscv.0,48043,48289,Hauptmann,hauptmann,.,$.,--,12864,,
gdc,kscv.0,48043,48289,Hauptmann,hauptmann,Der,ART,der,12864,,
gdc,kscv.0,48043,48289,Hauptmann,hauptmann,Diskurs,NN,diskurs,12864,,
gdc,kscv.0,48043,48289,Hauptmann,hauptmann,hat,VAFIN,haben,12864,,
gdc,kscv.0,48043,48289,Hauptmann,hauptmann,mich,PPER,mich,12864,hauptmann,(24)
gdc,kscv.0,48043,48289,Hauptmann,hauptmann,ganz,ADV,ganz,12864,,
gdc,kscv.0,48043,48289,Hauptmann,hauptmann,angegriffen,VVPP,angreifen,12864,,
gdc,kscv.0,48043,48289,Hauptmann,hauptmann,.,$.,--,12864,,
gdc,kscv.0,48043,48289,Hauptmann,hauptmann,Geh,XY,geh,12864,,
gdc,kscv.0,48043,48289,Hauptmann,hauptmann,',$(,--,12864,,
gdc,kscv.0,48043,48289,Hauptmann,hauptmann,jezt,VVFIN,jezt,12864,,
gdc,kscv.0,48043,48289,Hauptmann,hauptmann,und,KON,und,12864,,
gdc,kscv.0,48043,48289,Hauptmann,hauptmann,renn,VVFIN,renn,12864,,
gdc,kscv.0,48043,48289,Hauptmann,hauptmann,nicht,PTKNEG,nicht,12864,,
gdc,kscv.0,48043,48289,Hauptmann,hauptmann,so,ADV,so,12864,,
gdc,kscv.0,48043,48289,Hauptmann,hauptmann,;,$.,--,12864,,
gdc,kscv.0,48043,48289,Hauptmann,hauptmann,langsam,ADJD,langsam,12864,,
gdc,kscv.0,48043,48289,Hauptmann,hauptmann,hübsch,ADJD,hübsch,12864,,
gdc,kscv.0,48043,48289,Hauptmann,hauptmann,langsam,ADJD,langsam,12864,,
gdc,kscv.0,48043,48289,Hauptmann,hauptmann,die,ART,der,12864,,
gdc,kscv.0,48043,48289,Hauptmann,hauptmann,Straße,NN,straße,12864,,
gdc,kscv.0,48043,48289,Hauptmann,hauptmann,hinunter,PTKVZ,hinunter,12864,,
gdc,kscv.0,48043,48289,Hauptmann,hauptmann,.,$.,--,12864,,
gdc,kscv.0,48334,48355,Tambourmajor,tambourmajor,Marie,NE,marie,12864,marie,(2)
gdc,kscv.0,48334,48355,Tambourmajor,tambourmajor,"!",$.,--,12864,,
gdc,kscv.0,48360,48526,Marie,marie,Geh,XY,geh,12864,,
gdc,kscv.0,48360,48526,Marie,marie,',$(,--,12864,,
gdc,kscv.0,48360,48526,Marie,marie,einmal,ADV,einmal,12864,,
gdc,kscv.0,48360,48526,Marie,marie,vor,APPR,vor,12864,,
gdc,kscv.0,48360,48526,Marie,marie,dich,PPER,dich,12864,,
gdc,kscv.0,48360,48526,Marie,marie,hin,PTKVZ,hin,12864,,
gdc,kscv.0,48360,48526,Marie,marie,.,$.,--,12864,,
gdc,kscv.0,48360,48526,Marie,marie,–,XY,–,12864,,
gdc,kscv.0,48360,48526,Marie,marie,Ueber,NE,ueber,12864,,
gdc,kscv.0,48360,48526,Marie,marie,die,ART,der,12864,,
gdc,kscv.0,48360,48526,Marie,marie,Brust,NN,brust,12864,,
gdc,kscv.0,48360,48526,Marie,marie,wie,KOKOM,wie,12864,,
gdc,kscv.0,48360,48526,Marie,marie,ein,ART,ein,12864,,
gdc,kscv.0,48360,48526,Marie,marie,Rind,NN,rind,12864,,
gdc,kscv.0,48360,48526,Marie,marie,und,KON,und,12864,,
gdc,kscv.0,48360,48526,Marie,marie,ein,ART,ein,12864,,
gdc,kscv.0,48360,48526,Marie,marie,Bart,NN,bart,12864,,
gdc,kscv.0,48360,48526,Marie,marie,wie,KOKOM,wie,12864,,
gdc,kscv.0,48360,48526,Marie,marie,ein,ART,ein,12864,,
gdc,kscv.0,48360,48526,Marie,marie,Löw,NN,löw,12864,,
gdc,kscv.0,48360,48526,Marie,marie,–,$(,–,12864,,
gdc,kscv.0,48360,48526,Marie,marie,So,ADV,so,12864,,
gdc,kscv.0,48360,48526,Marie,marie,ist,VAFIN,sein,12864,,
gdc,kscv.0,48360,48526,Marie,marie,keiner,PIS,keiner,12864,,
gdc,kscv.0,48360,48526,Marie,marie,–,$(,–,12864,,
gdc,kscv.0,48360,48526,Marie,marie,Ich,PPER,ich,12864,marie,(2)
gdc,kscv.0,48360,48526,Marie,marie,bin,VAFIN,sein,12864,,
gdc,kscv.0,48360,48526,Marie,marie,stolz,ADJD,stolz,12864,,
gdc,kscv.0,48360,48526,Marie,marie,vor,APPR,vor,12864,,
gdc,kscv.0,48360,48526,Marie,marie,allen,PIAT,aller,12864,,
gdc,kscv.0,48360,48526,Marie,marie,Weibern,NN,weiber,12864,,
gdc,kscv.0,48360,48526,Marie,marie,.,$.,--,12864,,
gdc,kscv.0,48531,48690,Tambourmajor,tambourmajor,Wenn,KOUS,wenn,12864,,
gdc,kscv.0,48531,48690,Tambourmajor,tambourmajor,ich,PPER,ich,12864,tambourmajor,(3)
gdc,kscv.0,48531,48690,Tambourmajor,tambourmajor,am,APPRART,an,12864,,
gdc,kscv.0,48531,48690,Tambourmajor,tambourmajor,Sonntag,NN,sonntag,12864,,
gdc,kscv.0,48531,48690,Tambourmajor,tambourmajor,erst,ADV,erst,12864,,
gdc,kscv.0,48531,48690,Tambourmajor,tambourmajor,den,ART,der,12864,,
gdc,kscv.0,48531,48690,Tambourmajor,tambourmajor,großen,ADJA,groß,12864,,
gdc,kscv.0,48531,48690,Tambourmajor,tambourmajor,Federbusch,NN,federbusch,12864,,
gdc,kscv.0,48531,48690,Tambourmajor,tambourmajor,hab,PTKVZ,hab,12864,,
gdc,kscv.0,48531,48690,Tambourmajor,tambourmajor,',$(,--,12864,,
gdc,kscv.0,48531,48690,Tambourmajor,tambourmajor,und,KON,und,12864,,
gdc,kscv.0,48531,48690,Tambourmajor,tambourmajor,die,ART,der,12864,,
gdc,kscv.0,48531,48690,Tambourmajor,tambourmajor,weiße,ADJA,weiß,12864,,
gdc,kscv.0,48531,48690,Tambourmajor,tambourmajor,Handschuh,NN,handschuh,12864,,
gdc,kscv.0,48531,48690,Tambourmajor,tambourmajor,",","$,",--,12864,,
gdc,kscv.0,48531,48690,Tambourmajor,tambourmajor,Donnerwetter,NN,donnerwetter,12864,,
gdc,kscv.0,48531,48690,Tambourmajor,tambourmajor,",","$,",--,12864,,
gdc,kscv.0,48531,48690,Tambourmajor,tambourmajor,Marie,NN,marie,12864,marie,(2)
gdc,kscv.0,48531,48690,Tambourmajor,tambourmajor,",","$,",--,12864,,
gdc,kscv.0,48531,48690,Tambourmajor,tambourmajor,der,ART,der,12864,,
gdc,kscv.0,48531,48690,Tambourmajor,tambourmajor,Prinz,NN,prinz,12864,,
gdc,kscv.0,48531,48690,Tambourmajor,tambourmajor,sagt,VVFIN,sagen,12864,,
gdc,kscv.0,48531,48690,Tambourmajor,tambourmajor,immer,ADV,immer,12864,,
gdc,kscv.0,48531,48690,Tambourmajor,tambourmajor,:,$.,--,12864,,
gdc,kscv.0,48531,48690,Tambourmajor,tambourmajor,Mensch,NN,mensch,12864,,
gdc,kscv.0,48531,48690,Tambourmajor,tambourmajor,",","$,",--,12864,,
gdc,kscv.0,48531,48690,Tambourmajor,tambourmajor,Er,PPER,er,12864,,
gdc,kscv.0,48531,48690,Tambourmajor,tambourmajor,ist,VAFIN,sein,12864,,
gdc,kscv.0,48531,48690,Tambourmajor,tambourmajor,ein,ART,ein,12864,,
gdc,kscv.0,48531,48690,Tambourmajor,tambourmajor,Kerl,NN,kerl,12864,,
gdc,kscv.0,48531,48690,Tambourmajor,tambourmajor,.,$.,--,12864,,
gdc,kscv.0,48695,48745,Marie,marie,Ach,ITJ,ach,12864,,
gdc,kscv.0,48695,48745,Marie,marie,was,PWS,was,12864,,
gdc,kscv.0,48695,48745,Marie,marie,"!",$.,--,12864,,
gdc,kscv.0,48695,48745,Marie,marie,Mann,NN,mann,12864,,
gdc,kscv.0,48695,48745,Marie,marie,"!",$.,--,12864,,
gdc,kscv.0,48750,48877,Tambourmajor,tambourmajor,Und,KON,und,12864,,
gdc,kscv.0,48750,48877,Tambourmajor,tambourmajor,du,PPER,du,12864,,
gdc,kscv.0,48750,48877,Tambourmajor,tambourmajor,bist,VAFIN,sein,12864,,
gdc,kscv.0,48750,48877,Tambourmajor,tambourmajor,auch,ADV,auch,12864,,
gdc,kscv.0,48750,48877,Tambourmajor,tambourmajor,ein,ART,ein,12864,,
gdc,kscv.0,48750,48877,Tambourmajor,tambourmajor,Weibsbild,NN,weibsbild,12864,,
gdc,kscv.0,48750,48877,Tambourmajor,tambourmajor,.,$.,--,12864,,
gdc,kscv.0,48750,48877,Tambourmajor,tambourmajor,Sapperment,NE,sapperment,12864,,
gdc,kscv.0,48750,48877,Tambourmajor,tambourmajor,",","$,",--,12864,,
gdc,kscv.0,48750,48877,Tambourmajor,tambourmajor,wir,PPER,wir,12864,,
gdc,kscv.0,48750,48877,Tambourmajor,tambourmajor,wollen,VMFIN,wollen,12864,,
gdc,kscv.0,48750,48877,Tambourmajor,tambourmajor,eine,ART,ein,12864,,
gdc,kscv.0,48750,48877,Tambourmajor,tambourmajor,Zucht,NN,zucht,12864,,
gdc,kscv.0,48750,48877,Tambourmajor,tambourmajor,von,APPR,von,12864,,
gdc,kscv.0,48750,48877,Tambourmajor,tambourmajor,Tambour-Majors,NN,tambour-major,12864,,
gdc,kscv.0,48750,48877,Tambourmajor,tambourmajor,anlegen,VVINF,anlegen,12864,,
gdc,kscv.0,48750,48877,Tambourmajor,tambourmajor,.,$.,--,12864,,
gdc,kscv.0,48750,48877,Tambourmajor,tambourmajor,He,XY,--,12864,,
gdc,kscv.0,48750,48877,Tambourmajor,tambourmajor,?,$.,--,12864,,
gdc,kscv.0,48882,48908,Marie,marie,Laß,KOUS,lassen,12864,,
gdc,kscv.0,48882,48908,Marie,marie,mich,PPER,mich,12864,marie,(2)
gdc,kscv.0,48882,48908,Marie,marie,"!",$.,--,12864,,
gdc,kscv.0,48913,48939,Tambourmajor,tambourmajor,Wild,ADJD,wild,12864,,
gdc,kscv.0,48913,48939,Tambourmajor,tambourmajor,Thier,NN,thier,12864,,
gdc,kscv.0,48913,48939,Tambourmajor,tambourmajor,.,$.,--,12864,,
gdc,kscv.0,48944,48971,Marie,marie,Rühr,ADV,rühr,12864,,
gdc,kscv.0,48944,48971,Marie,marie,mich,PPER,mich,12864,marie,(2)
gdc,kscv.0,48944,48971,Marie,marie,an,PTKVZ,an,12864,,
gdc,kscv.0,48944,48971,Marie,marie,"!",$.,--,12864,,
gdc,kscv.0,48976,49026,Tambourmajor,tambourmajor,Sieht,VVFIN,sehen,12864,,
gdc,kscv.0,48976,49026,Tambourmajor,tambourmajor,dir,PPER,dir,12864,,
gdc,kscv.0,48976,49026,Tambourmajor,tambourmajor,der,ART,der,12864,,
gdc,kscv.0,48976,49026,Tambourmajor,tambourmajor,Teufel,NN,teufel,12864,,
gdc,kscv.0,48976,49026,Tambourmajor,tambourmajor,aus,APPR,aus,12864,,
gdc,kscv.0,48976,49026,Tambourmajor,tambourmajor,den,ART,der,12864,,
gdc,kscv.0,48976,49026,Tambourmajor,tambourmajor,Augen,NN,auge,12864,,
gdc,kscv.0,48976,49026,Tambourmajor,tambourmajor,?,$.,--,12864,,
gdc,kscv.0,49031,49068,Marie,marie,Meintwegen,NN,meintwegen,12864,,
gdc,kscv.0,49031,49068,Marie,marie,.,$.,--,12864,,
gdc,kscv.0,49031,49068,Marie,marie,Es,PPER,es,12864,,
gdc,kscv.0,49031,49068,Marie,marie,ist,VAFIN,sein,12864,,
gdc,kscv.0,49031,49068,Marie,marie,Alles,PIS,alle,12864,,
gdc,kscv.0,49031,49068,Marie,marie,eins,PIS,eins,12864,,
gdc,kscv.0,49031,49068,Marie,marie,.,$.,--,12864,,
gdc,kscv.0,49106,49256,Woyzeck,woyzeck,Hm,XY,hm,12864,,
gdc,kscv.0,49106,49256,Woyzeck,woyzeck,"!",$.,--,12864,,
gdc,kscv.0,49106,49256,Woyzeck,woyzeck,Ich,PPER,ich,12864,woyzeck,(1)
gdc,kscv.0,49106,49256,Woyzeck,woyzeck,seh,VVFIN,seh,12864,,
gdc,kscv.0,49106,49256,Woyzeck,woyzeck,nichts,PIS,nichts,12864,,
gdc,kscv.0,49106,49256,Woyzeck,woyzeck,",","$,",--,12864,,
gdc,kscv.0,49106,49256,Woyzeck,woyzeck,ich,PPER,ich,12864,woyzeck,(1)
gdc,kscv.0,49106,49256,Woyzeck,woyzeck,seh,VVFIN,seh,12864,,
gdc,kscv.0,49106,49256,Woyzeck,woyzeck,nichts,PIS,nichts,12864,,
gdc,kscv.0,49106,49256,Woyzeck,woyzeck,.,$.,--,12864,,
gdc,kscv.0,49106,49256,Woyzeck,woyzeck,O,ITJ,O,12864,,
gdc,kscv.0,49106,49256,Woyzeck,woyzeck,",","$,",--,12864,,
gdc,kscv.0,49106,49256,Woyzeck,woyzeck,man,PIS,man,12864,,
gdc,kscv.0,49106,49256,Woyzeck,woyzeck,müßt,VMFIN,müssen,12864,,
gdc,kscv.0,49106,49256,Woyzeck,woyzeck,',$(,--,12864,,
gdc,kscv.0,49106,49256,Woyzeck,woyzeck,s,PPER,--,12864,,
gdc,kscv.0,49106,49256,Woyzeck,woyzeck,sehen,VVINF,sehen,12864,,
gdc,kscv.0,49106,49256,Woyzeck,woyzeck,",","$,",--,12864,,
gdc,kscv.0,49106,49256,Woyzeck,woyzeck,man,PIS,man,12864,,
gdc,kscv.0,49106,49256,Woyzeck,woyzeck,müßt,VMFIN,müssen,12864,,
gdc,kscv.0,49106,49256,Woyzeck,woyzeck,',$(,--,12864,,
gdc,kscv.0,49106,49256,Woyzeck,woyzeck,s,PPER,--,12864,,
gdc,kscv.0,49106,49256,Woyzeck,woyzeck,greifen,VVINF,greifen,12864,,
gdc,kscv.0,49106,49256,Woyzeck,woyzeck,könne,VMFIN,können,12864,,
gdc,kscv.0,49106,49256,Woyzeck,woyzeck,mit,APPR,mit,12864,,
gdc,kscv.0,49106,49256,Woyzeck,woyzeck,Fäusten,NN,fäust,12864,,
gdc,kscv.0,49106,49256,Woyzeck,woyzeck,.,$.,--,12864,,
gdc,kscv.0,49261,49326,Marie,marie,Was,PWS,was,12864,,
gdc,kscv.0,49261,49326,Marie,marie,hast,VAFIN,haben,12864,,
gdc,kscv.0,49261,49326,Marie,marie,du,PPER,du,12864,,
gdc,kscv.0,49261,49326,Marie,marie,Franz,NE,franz,12864,,
gdc,kscv.0,49261,49326,Marie,marie,?,$.,--,12864,,
gdc,kscv.0,49261,49326,Marie,marie,Du,PPER,du,12864,,
gdc,kscv.0,49261,49326,Marie,marie,bist,VAFIN,sein,12864,,
gdc,kscv.0,49261,49326,Marie,marie,hirnwüthig,ADJD,hirnwüthig,12864,,
gdc,kscv.0,49261,49326,Marie,marie,Franz,NE,franz,12864,,
gdc,kscv.0,49261,49326,Marie,marie,.,$.,--,12864,,
gdc,kscv.0,49331,49572,Woyzeck,woyzeck,Eine,ART,ein,12864,,
gdc,kscv.0,49331,49572,Woyzeck,woyzeck,Sünde,NN,sünde,12864,,
gdc,kscv.0,49331,49572,Woyzeck,woyzeck,so,ADV,so,12864,,
gdc,kscv.0,49331,49572,Woyzeck,woyzeck,dick,ADJD,dick,12864,,
gdc,kscv.0,49331,49572,Woyzeck,woyzeck,und,KON,und,12864,,
gdc,kscv.0,49331,49572,Woyzeck,woyzeck,so,ADV,so,12864,,
gdc,kscv.0,49331,49572,Woyzeck,woyzeck,breit,ADJD,breit,12864,,
gdc,kscv.0,49331,49572,Woyzeck,woyzeck,.,$.,--,12864,,
gdc,kscv.0,49331,49572,Woyzeck,woyzeck,Es,PPER,es,12864,,
gdc,kscv.0,49331,49572,Woyzeck,woyzeck,stinkt,VVFIN,stinken,12864,,
gdc,kscv.0,49331,49572,Woyzeck,woyzeck,daß,KOUS,daß,12864,,
gdc,kscv.0,49331,49572,Woyzeck,woyzeck,man,PIS,man,12864,,
gdc,kscv.0,49331,49572,Woyzeck,woyzeck,die,ART,der,12864,,
gdc,kscv.0,49331,49572,Woyzeck,woyzeck,Engelchen,NN,engelchen,12864,,
gdc,kscv.0,49331,49572,Woyzeck,woyzeck,zum,APPRART,zu,12864,,
gdc,kscv.0,49331,49572,Woyzeck,woyzeck,Himmel,NN,himmel,12864,,
gdc,kscv.0,49331,49572,Woyzeck,woyzeck,hinaus,APZR,hinaus,12864,,
gdc,kscv.0,49331,49572,Woyzeck,woyzeck,rauche,NN,rauchen,12864,,
gdc,kscv.0,49331,49572,Woyzeck,woyzeck,könnt,VVFIN,können,12864,,
gdc,kscv.0,49331,49572,Woyzeck,woyzeck,.,$.,--,12864,,
gdc,kscv.0,49331,49572,Woyzeck,woyzeck,Du,PPER,du,12864,,
gdc,kscv.0,49331,49572,Woyzeck,woyzeck,hast,VVFIN,haben,12864,,
gdc,kscv.0,49331,49572,Woyzeck,woyzeck,ein,ART,ein,12864,,
gdc,kscv.0,49331,49572,Woyzeck,woyzeck,rothe,ADJA,roth,12864,,
gdc,kscv.0,49331,49572,Woyzeck,woyzeck,Mund,NN,mund,12864,,
gdc,kscv.0,49331,49572,Woyzeck,woyzeck,",","$,",--,12864,,
gdc,kscv.0,49331,49572,Woyzeck,woyzeck,Marie,NN,marie,12864,marie,(2)
gdc,kscv.0,49331,49572,Woyzeck,woyzeck,.,$.,--,12864,,
gdc,kscv.0,49331,49572,Woyzeck,woyzeck,Keine,PIAT,kein,12864,,
gdc,kscv.0,49331,49572,Woyzeck,woyzeck,Blase,NN,blase,12864,,
gdc,kscv.0,49331,49572,Woyzeck,woyzeck,drauf,PROAV,drauf,12864,,
gdc,kscv.0,49331,49572,Woyzeck,woyzeck,?,$.,--,12864,,
gdc,kscv.0,49331,49572,Woyzeck,woyzeck,Adieu,NE,adieu,12864,,
gdc,kscv.0,49331,49572,Woyzeck,woyzeck,",","$,",--,12864,,
gdc,kscv.0,49331,49572,Woyzeck,woyzeck,Marie,NN,marie,12864,marie,(2)
gdc,kscv.0,49331,49572,Woyzeck,woyzeck,",","$,",--,12864,,
gdc,kscv.0,49331,49572,Woyzeck,woyzeck,du,PPER,du,12864,,
gdc,kscv.0,49331,49572,Woyzeck,woyzeck,bist,VAFIN,sein,12864,,
gdc,kscv.0,49331,49572,Woyzeck,woyzeck,schön,ADJD,schön,12864,,
gdc,kscv.0,49331,49572,Woyzeck,woyzeck,wie,KOKOM,wie,12864,,
gdc,kscv.0,49331,49572,Woyzeck,woyzeck,die,ART,der,12864,,
gdc,kscv.0,49331,49572,Woyzeck,woyzeck,Sünde,NN,sünde,12864,,
gdc,kscv.0,49331,49572,Woyzeck,woyzeck,–,NN,–,12864,,
gdc,kscv.0,49331,49572,Woyzeck,woyzeck,.,$.,--,12864,,
gdc,kscv.0,49331,49572,Woyzeck,woyzeck,Kann,VMFIN,können,12864,,
gdc,kscv.0,49331,49572,Woyzeck,woyzeck,die,ART,der,12864,,
gdc,kscv.0,49331,49572,Woyzeck,woyzeck,Todsünde,NN,todsünde,12864,,
gdc,kscv.0,49331,49572,Woyzeck,woyzeck,so,ADV,so,12864,,
gdc,kscv.0,49331,49572,Woyzeck,woyzeck,schön,ADJD,schön,12864,,
gdc,kscv.0,49331,49572,Woyzeck,woyzeck,seyn,CARD,seyn,12864,,
gdc,kscv.0,49331,49572,Woyzeck,woyzeck,?,$.,--,12864,,
gdc,kscv.0,49578,49612,Marie,marie,Franz,NE,franz,12864,,
gdc,kscv.0,49578,49612,Marie,marie,",","$,",--,12864,,
gdc,kscv.0,49578,49612,Marie,marie,du,PPER,du,12864,,
gdc,kscv.0,49578,49612,Marie,marie,red,VVFIN,red,12864,,
gdc,kscv.0,49578,49612,Marie,marie,',$(,--,12864,,
gdc,kscv.0,49578,49612,Marie,marie,st,ADV,--,12864,,
gdc,kscv.0,49578,49612,Marie,marie,im,APPRART,in,12864,,
gdc,kscv.0,49578,49612,Marie,marie,Fieber,NN,fieber,12864,,
gdc,kscv.0,49578,49612,Marie,marie,.,$.,--,12864,,
gdc,kscv.0,49617,49671,Woyzeck,woyzeck,Teufel,NE,teufel,12864,,
gdc,kscv.0,49617,49671,Woyzeck,woyzeck,"!",$.,--,12864,,
gdc,kscv.0,49617,49671,Woyzeck,woyzeck,–,XY,–,12864,,
gdc,kscv.0,49617,49671,Woyzeck,woyzeck,Hat,VAFIN,haben,12864,,
gdc,kscv.0,49617,49671,Woyzeck,woyzeck,er,PPER,er,12864,,
gdc,kscv.0,49617,49671,Woyzeck,woyzeck,da,ADV,da,12864,,
gdc,kscv.0,49617,49671,Woyzeck,woyzeck,gestande,VVPP,gestand,12864,,
gdc,kscv.0,49617,49671,Woyzeck,woyzeck,",","$,",--,12864,,
gdc,kscv.0,49617,49671,Woyzeck,woyzeck,so,ADV,so,12864,,
gdc,kscv.0,49617,49671,Woyzeck,woyzeck,",","$,",--,12864,,
gdc,kscv.0,49617,49671,Woyzeck,woyzeck,so,ADV,so,12864,,
gdc,kscv.0,49617,49671,Woyzeck,woyzeck,?,$.,--,12864,,
gdc,kscv.0,49676,49786,Marie,marie,Dieweil,KOUS,dieweil,12864,,
gdc,kscv.0,49676,49786,Marie,marie,der,ART,der,12864,,
gdc,kscv.0,49676,49786,Marie,marie,Tag,NN,tag,12864,,
gdc,kscv.0,49676,49786,Marie,marie,lang,ADJD,lang,12864,,
gdc,kscv.0,49676,49786,Marie,marie,und,KON,und,12864,,
gdc,kscv.0,49676,49786,Marie,marie,die,ART,der,12864,,
gdc,kscv.0,49676,49786,Marie,marie,Welt,NN,welt,12864,,
gdc,kscv.0,49676,49786,Marie,marie,alt,ADJD,alt,12864,,
gdc,kscv.0,49676,49786,Marie,marie,ist,VAFIN,sein,12864,,
gdc,kscv.0,49676,49786,Marie,marie,",","$,",--,12864,,
gdc,kscv.0,49676,49786,Marie,marie,könn,VMFIN,könn,12864,,
gdc,kscv.0,49676,49786,Marie,marie,',$(,--,12864,,
gdc,kscv.0,49676,49786,Marie,marie,viel,PIAT,viel,12864,,
gdc,kscv.0,49676,49786,Marie,marie,Mensche,NN,mensch,12864,,
gdc,kscv.0,49676,49786,Marie,marie,an,APPR,an,12864,,
gdc,kscv.0,49676,49786,Marie,marie,eim,ART,ei,12864,,
gdc,kscv.0,49676,49786,Marie,marie,Plaz,NN,plaz,12864,,
gdc,kscv.0,49676,49786,Marie,marie,stehn,VVFIN,stehn,12864,,
gdc,kscv.0,49676,49786,Marie,marie,",","$,",--,12864,,
gdc,kscv.0,49676,49786,Marie,marie,einer,PIS,ein,12864,,
gdc,kscv.0,49676,49786,Marie,marie,nach,APPR,nach,12864,,
gdc,kscv.0,49676,49786,Marie,marie,dem,ART,der,12864,,
gdc,kscv.0,49676,49786,Marie,marie,andern,VVINF,anderer,12864,,
gdc,kscv.0,49676,49786,Marie,marie,.,$.,--,12864,,
gdc,kscv.0,49791,49819,Woyzeck,woyzeck,Ich,PPER,ich,12864,woyzeck,(1)
gdc,kscv.0,49791,49819,Woyzeck,woyzeck,hab,VAFIN,hab,12864,,
gdc,kscv.0,49791,49819,Woyzeck,woyzeck,ihn,PPER,ihn,12864,,
gdc,kscv.0,49791,49819,Woyzeck,woyzeck,gesehn,VVPP,gesehn,12864,,
gdc,kscv.0,49791,49819,Woyzeck,woyzeck,.,$.,--,12864,,
gdc,kscv.0,49824,49916,Marie,marie,Man,PIS,man,12864,,
gdc,kscv.0,49824,49916,Marie,marie,kann,VMFIN,können,12864,,
gdc,kscv.0,49824,49916,Marie,marie,viel,PIS,viel,12864,,
gdc,kscv.0,49824,49916,Marie,marie,sehn,VVINF,sehn,12864,,
gdc,kscv.0,49824,49916,Marie,marie,",","$,",--,12864,,
gdc,kscv.0,49824,49916,Marie,marie,wenn,KOUS,wenn,12864,,
gdc,kscv.0,49824,49916,Marie,marie,man,PIS,man,12864,,
gdc,kscv.0,49824,49916,Marie,marie,2,CARD,2,12864,,
gdc,kscv.0,49824,49916,Marie,marie,Auge,NN,auge,12864,,
gdc,kscv.0,49824,49916,Marie,marie,hat,VAFIN,haben,12864,,
gdc,kscv.0,49824,49916,Marie,marie,und,KON,und,12864,,
gdc,kscv.0,49824,49916,Marie,marie,man,PIS,man,12864,,
gdc,kscv.0,49824,49916,Marie,marie,nicht,PTKNEG,nicht,12864,,
gdc,kscv.0,49824,49916,Marie,marie,blind,ADJD,blind,12864,,
gdc,kscv.0,49824,49916,Marie,marie,ist,VAFIN,sein,12864,,
gdc,kscv.0,49824,49916,Marie,marie,und,KON,und,12864,,
gdc,kscv.0,49824,49916,Marie,marie,die,ART,der,12864,,
gdc,kscv.0,49824,49916,Marie,marie,Sonn,NN,sonn,12864,,
gdc,kscv.0,49824,49916,Marie,marie,scheint,VVFIN,scheinen,12864,,
gdc,kscv.0,49824,49916,Marie,marie,.,$.,--,12864,,
gdc,kscv.0,49921,49947,Woyzeck,woyzeck,Mit,APPR,mit,12864,,
gdc,kscv.0,49921,49947,Woyzeck,woyzeck,dießen,VMFIN,dassen,12864,,
gdc,kscv.0,49921,49947,Woyzeck,woyzeck,Augen,NN,auge,12864,,
gdc,kscv.0,49921,49947,Woyzeck,woyzeck,"!",$.,--,12864,,
gdc,kscv.0,49952,49978,Marie,marie,Und,KON,und,12864,,
gdc,kscv.0,49952,49978,Marie,marie,wenn,KOUS,wenn,12864,,
gdc,kscv.0,49952,49978,Marie,marie,auch,ADV,auch,12864,,
gdc,kscv.0,49952,49978,Marie,marie,.,$.,--,12864,,
gdc,kscv.0,50022,50072,Doctor,doctor,Was,PWS,was,12864,,
gdc,kscv.0,50022,50072,Doctor,doctor,erleb,VVFIN,erleb,12864,,
gdc,kscv.0,50022,50072,Doctor,doctor,',$(,--,12864,,
gdc,kscv.0,50022,50072,Doctor,doctor,ich,PPER,ich,12864,doctor,(23)
gdc,kscv.0,50022,50072,Doctor,doctor,Woyzeck,NN,woyzeck,12864,woyzeck,(1)
gdc,kscv.0,50022,50072,Doctor,doctor,?,$.,--,12864,,
gdc,kscv.0,50022,50072,Doctor,doctor,Ein,ART,ein,12864,,
gdc,kscv.0,50022,50072,Doctor,doctor,Mann,NN,mann,12864,,
gdc,kscv.0,50022,50072,Doctor,doctor,von,APPR,von,12864,,
gdc,kscv.0,50022,50072,Doctor,doctor,Wort,NN,wort,12864,,
gdc,kscv.0,50022,50072,Doctor,doctor,.,$.,--,12864,,
gdc,kscv.0,50077,50107,Woyzeck,woyzeck,Was,PWS,was,12864,,
gdc,kscv.0,50077,50107,Woyzeck,woyzeck,denn,ADV,denn,12864,,
gdc,kscv.0,50077,50107,Woyzeck,woyzeck,Herr,NN,herr,12864,herr,(18)
gdc,kscv.0,50077,50107,Woyzeck,woyzeck,Doctor,NN,doctor,12864,doctor,(23)
gdc,kscv.0,50077,50107,Woyzeck,woyzeck,?,$.,--,12864,,
gdc,kscv.0,50112,50301,Doctor,doctor,Ich,PPER,ich,12864,doctor,(23)
gdc,kscv.0,50112,50301,Doctor,doctor,hab,VVFIN,hab,12864,,
gdc,kscv.0,50112,50301,Doctor,doctor,',$(,--,12864,,
gdc,kscv.0,50112,50301,Doctor,doctor,s,PPER,--,12864,,
gdc,kscv.0,50112,50301,Doctor,doctor,gesehn,PIAT,gesehn,12864,,
gdc,kscv.0,50112,50301,Doctor,doctor,Woyzeck,NN,woyzeck,12864,woyzeck,(1)
gdc,kscv.0,50112,50301,Doctor,doctor,;,$.,--,12864,,
gdc,kscv.0,50112,50301,Doctor,doctor,Er,PPER,er,12864,,
gdc,kscv.0,50112,50301,Doctor,doctor,hat,VAFIN,haben,12864,,
gdc,kscv.0,50112,50301,Doctor,doctor,auf,APPR,auf,12864,,
gdc,kscv.0,50112,50301,Doctor,doctor,die,ART,der,12864,,
gdc,kscv.0,50112,50301,Doctor,doctor,Straß,NN,straß,12864,,
gdc,kscv.0,50112,50301,Doctor,doctor,gepißt,VVPP,gepessen,12864,,
gdc,kscv.0,50112,50301,Doctor,doctor,",","$,",--,12864,,
gdc,kscv.0,50112,50301,Doctor,doctor,an,APPR,an,12864,,
gdc,kscv.0,50112,50301,Doctor,doctor,die,ART,der,12864,,
gdc,kscv.0,50112,50301,Doctor,doctor,Wand,NN,wand,12864,,
gdc,kscv.0,50112,50301,Doctor,doctor,gepißt,VVPP,gepessen,12864,,
gdc,kscv.0,50112,50301,Doctor,doctor,wie,KOKOM,wie,12864,,
gdc,kscv.0,50112,50301,Doctor,doctor,ein,ART,ein,12864,,
gdc,kscv.0,50112,50301,Doctor,doctor,Hund,NN,hund,12864,,
gdc,kscv.0,50112,50301,Doctor,doctor,.,$.,--,12864,,
gdc,kscv.0,50112,50301,Doctor,doctor,Und,KON,und,12864,,
gdc,kscv.0,50112,50301,Doctor,doctor,doch,ADV,doch,12864,,
gdc,kscv.0,50112,50301,Doctor,doctor,2,CARD,2,12864,,
gdc,kscv.0,50112,50301,Doctor,doctor,Groschen,NN,groschen,12864,,
gdc,kscv.0,50112,50301,Doctor,doctor,täglich,ADJD,täglich,12864,,
gdc,kscv.0,50112,50301,Doctor,doctor,.,$.,--,12864,,
gdc,kscv.0,50112,50301,Doctor,doctor,Woyzeck,PWAV,woyzeck,12864,woyzeck,(1)
gdc,kscv.0,50112,50301,Doctor,doctor,das,PDS,der,12864,,
gdc,kscv.0,50112,50301,Doctor,doctor,ist,VAFIN,sein,12864,,
gdc,kscv.0,50112,50301,Doctor,doctor,schlecht,ADJD,schlecht,12864,,
gdc,kscv.0,50112,50301,Doctor,doctor,.,$.,--,12864,,
gdc,kscv.0,50112,50301,Doctor,doctor,Die,ART,der,12864,,
gdc,kscv.0,50112,50301,Doctor,doctor,Welt,NN,welt,12864,,
gdc,kscv.0,50112,50301,Doctor,doctor,wird,VAFIN,werden,12864,,
gdc,kscv.0,50112,50301,Doctor,doctor,schlecht,ADJD,schlecht,12864,,
gdc,kscv.0,50112,50301,Doctor,doctor,",","$,",--,12864,,
gdc,kscv.0,50112,50301,Doctor,doctor,sehr,ADV,sehr,12864,,
gdc,kscv.0,50112,50301,Doctor,doctor,schlecht,ADJD,schlecht,12864,,
gdc,kscv.0,50112,50301,Doctor,doctor,.,$.,--,12864,,
gdc,kscv.0,50306,50360,Woyzeck,woyzeck,Aber,KON,aber,12864,,
gdc,kscv.0,50306,50360,Woyzeck,woyzeck,Herr,NN,herr,12864,herr,(18)
gdc,kscv.0,50306,50360,Woyzeck,woyzeck,Doctor,NE,doctor,12864,doctor,(23)
gdc,kscv.0,50306,50360,Woyzeck,woyzeck,",","$,",--,12864,,
gdc,kscv.0,50306,50360,Woyzeck,woyzeck,wenn,KOUS,wenn,12864,,
gdc,kscv.0,50306,50360,Woyzeck,woyzeck,einem,PIS,einer,12864,,
gdc,kscv.0,50306,50360,Woyzeck,woyzeck,die,ART,der,12864,,
gdc,kscv.0,50306,50360,Woyzeck,woyzeck,Natur,NN,natur,12864,,
gdc,kscv.0,50306,50360,Woyzeck,woyzeck,kommt,VVFIN,kommen,12864,,
gdc,kscv.0,50306,50360,Woyzeck,woyzeck,.,$.,--,12864,,
gdc,kscv.0,50365,50963,Doctor,doctor,Die,ART,der,12864,,
gdc,kscv.0,50365,50963,Doctor,doctor,Natur,NN,natur,12864,,
gdc,kscv.0,50365,50963,Doctor,doctor,kommt,VVFIN,kommen,12864,,
gdc,kscv.0,50365,50963,Doctor,doctor,",","$,",--,12864,,
gdc,kscv.0,50365,50963,Doctor,doctor,die,ART,der,12864,,
gdc,kscv.0,50365,50963,Doctor,doctor,Natur,NN,natur,12864,,
gdc,kscv.0,50365,50963,Doctor,doctor,kommt,VVFIN,kommen,12864,,
gdc,kscv.0,50365,50963,Doctor,doctor,"!",$.,--,12864,,
gdc,kscv.0,50365,50963,Doctor,doctor,Die,ART,der,12864,,
gdc,kscv.0,50365,50963,Doctor,doctor,Natur,NN,natur,12864,,
gdc,kscv.0,50365,50963,Doctor,doctor,"!",$.,--,12864,,
gdc,kscv.0,50365,50963,Doctor,doctor,Hab,XY,hab,12864,,
gdc,kscv.0,50365,50963,Doctor,doctor,',$(,--,12864,,
gdc,kscv.0,50365,50963,Doctor,doctor,ich,PPER,ich,12864,doctor,(23)
gdc,kscv.0,50365,50963,Doctor,doctor,nicht,PTKNEG,nicht,12864,,
gdc,kscv.0,50365,50963,Doctor,doctor,nachgewiesen,VVPP,nachweisen,12864,,
gdc,kscv.0,50365,50963,Doctor,doctor,",","$,",--,12864,,
gdc,kscv.0,50365,50963,Doctor,doctor,daß,KOUS,daß,12864,,
gdc,kscv.0,50365,50963,Doctor,doctor,der,ART,der,12864,,
gdc,kscv.0,50365,50963,Doctor,doctor,musculus,NE,musculus,12864,,
gdc,kscv.0,50365,50963,Doctor,doctor,constrictor,NE,constrictor,12864,,
gdc,kscv.0,50365,50963,Doctor,doctor,vesicae,VVFIN,vesicae,12864,,
gdc,kscv.0,50365,50963,Doctor,doctor,dem,ART,der,12864,,
gdc,kscv.0,50365,50963,Doctor,doctor,Willen,NN,wille,12864,,
gdc,kscv.0,50365,50963,Doctor,doctor,unterworfen,VVPP,unterwerfen,12864,,
gdc,kscv.0,50365,50963,Doctor,doctor,ist,VAFIN,sein,12864,,
gdc,kscv.0,50365,50963,Doctor,doctor,?,$.,--,12864,,
gdc,kscv.0,50365,50963,Doctor,doctor,Die,ART,der,12864,,
gdc,kscv.0,50365,50963,Doctor,doctor,Natur,NN,natur,12864,,
gdc,kscv.0,50365,50963,Doctor,doctor,"!",$.,--,12864,,
gdc,kscv.0,50365,50963,Doctor,doctor,Woyzeck,NE,woyzeck,12864,woyzeck,(1)
gdc,kscv.0,50365,50963,Doctor,doctor,",","$,",--,12864,,
gdc,kscv.0,50365,50963,Doctor,doctor,der,ART,der,12864,,
gdc,kscv.0,50365,50963,Doctor,doctor,Mensch,NN,mensch,12864,,
gdc,kscv.0,50365,50963,Doctor,doctor,ist,VAFIN,sein,12864,,
gdc,kscv.0,50365,50963,Doctor,doctor,frei,ADJD,frei,12864,,
gdc,kscv.0,50365,50963,Doctor,doctor,",","$,",--,12864,,
gdc,kscv.0,50365,50963,Doctor,doctor,in,APPR,in,12864,,
gdc,kscv.0,50365,50963,Doctor,doctor,dem,ART,der,12864,,
gdc,kscv.0,50365,50963,Doctor,doctor,Menschen,NN,mensch,12864,,
gdc,kscv.0,50365,50963,Doctor,doctor,verklärt,VVFIN,verklären,12864,,
gdc,kscv.0,50365,50963,Doctor,doctor,sich,PRF,sich,12864,,
gdc,kscv.0,50365,50963,Doctor,doctor,die,ART,der,12864,,
gdc,kscv.0,50365,50963,Doctor,doctor,Individualität,NN,individualität,12864,,
gdc,kscv.0,50365,50963,Doctor,doctor,zur,APPRART,zu,12864,,
gdc,kscv.0,50365,50963,Doctor,doctor,Freiheit,NN,freiheit,12864,,
gdc,kscv.0,50365,50963,Doctor,doctor,.,$.,--,12864,,
gdc,kscv.0,50365,50963,Doctor,doctor,Den,NE,der,12864,,
gdc,kscv.0,50365,50963,Doctor,doctor,Harn,NE,harn,12864,,
gdc,kscv.0,50365,50963,Doctor,doctor,nicht,PTKNEG,nicht,12864,,
gdc,kscv.0,50365,50963,Doctor,doctor,halten,VVINF,halten,12864,,
gdc,kscv.0,50365,50963,Doctor,doctor,können,VMFIN,können,12864,,
gdc,kscv.0,50365,50963,Doctor,doctor,"!",$.,--,12864,,
gdc,kscv.0,50365,50963,Doctor,doctor,Hat,VAFIN,haben,12864,,
gdc,kscv.0,50365,50963,Doctor,doctor,Er,PPER,er,12864,,
gdc,kscv.0,50365,50963,Doctor,doctor,schon,ADV,schon,12864,,
gdc,kscv.0,50365,50963,Doctor,doctor,seine,PPOSAT,sein,12864,,
gdc,kscv.0,50365,50963,Doctor,doctor,Erbsen,NN,erbse,12864,,
gdc,kscv.0,50365,50963,Doctor,doctor,gegessen,VVPP,gegessen,12864,,
gdc,kscv.0,50365,50963,Doctor,doctor,",","$,",--,12864,,
gdc,kscv.0,50365,50963,Doctor,doctor,Woyzeck,NN,woyzeck,12864,woyzeck,(1)
gdc,kscv.0,50365,50963,Doctor,doctor,?,$.,--,12864,,
gdc,kscv.0,50365,50963,Doctor,doctor,–,XY,–,12864,,
gdc,kscv.0,50365,50963,Doctor,doctor,Es,PPER,es,12864,,
gdc,kscv.0,50365,50963,Doctor,doctor,giebt,VVFIN,gieben,12864,,
gdc,kscv.0,50365,50963,Doctor,doctor,eine,ART,ein,12864,,
gdc,kscv.0,50365,50963,Doctor,doctor,Revolution,NN,revolution,12864,,
gdc,kscv.0,50365,50963,Doctor,doctor,in,APPR,in,12864,,
gdc,kscv.0,50365,50963,Doctor,doctor,der,ART,der,12864,,
gdc,kscv.0,50365,50963,Doctor,doctor,Wissenschaft,NN,wissenschaft,12864,,
gdc,kscv.0,50365,50963,Doctor,doctor,",","$,",--,12864,,
gdc,kscv.0,50365,50963,Doctor,doctor,ich,PPER,ich,12864,doctor,(23)
gdc,kscv.0,50365,50963,Doctor,doctor,sprenge,VVFIN,sprengen,12864,,
gdc,kscv.0,50365,50963,Doctor,doctor,sie,PPER,sie,12864,,
gdc,kscv.0,50365,50963,Doctor,doctor,in,APPR,in,12864,,
gdc,kscv.0,50365,50963,Doctor,doctor,die,ART,der,12864,,
gdc,kscv.0,50365,50963,Doctor,doctor,Luft,NN,luft,12864,,
gdc,kscv.0,50365,50963,Doctor,doctor,.,$.,--,12864,,
gdc,kscv.0,50365,50963,Doctor,doctor,Harnstoff,NN,harnstoff,12864,,
gdc,kscv.0,50365,50963,Doctor,doctor,0,CARD,0,12864,,
gdc,kscv.0,50365,50963,Doctor,doctor,",","$,",--,12864,,
gdc,kscv.0,50365,50963,Doctor,doctor,10,CARD,10,12864,,
gdc,kscv.0,50365,50963,Doctor,doctor,",","$,",--,12864,,
gdc,kscv.0,50365,50963,Doctor,doctor,salzsaures,ADJA,salzsaur,12864,,
gdc,kscv.0,50365,50963,Doctor,doctor,Ammonium,NN,ammonium,12864,,
gdc,kscv.0,50365,50963,Doctor,doctor,",","$,",--,12864,,
gdc,kscv.0,50365,50963,Doctor,doctor,Hyperoxydul,NN,hyperoxydul,12864,,
gdc,kscv.0,50365,50963,Doctor,doctor,.,$.,--,12864,,
gdc,kscv.0,50365,50963,Doctor,doctor,Woyzeck,PWAV,woyzeck,12864,woyzeck,(1)
gdc,kscv.0,50365,50963,Doctor,doctor,muß,VMFIN,müssen,12864,,
gdc,kscv.0,50365,50963,Doctor,doctor,Er,PPER,er,12864,,
gdc,kscv.0,50365,50963,Doctor,doctor,nicht,PTKNEG,nicht,12864,,
gdc,kscv.0,50365,50963,Doctor,doctor,wieder,ADV,wieder,12864,,
gdc,kscv.0,50365,50963,Doctor,doctor,pissen,VVINF,pissen,12864,,
gdc,kscv.0,50365,50963,Doctor,doctor,?,$.,--,12864,,
gdc,kscv.0,50365,50963,Doctor,doctor,geh,XY,geh,12864,,
gdc,kscv.0,50365,50963,Doctor,doctor,',$(,--,12864,,
gdc,kscv.0,50365,50963,Doctor,doctor,Er,PPER,er,12864,,
gdc,kscv.0,50365,50963,Doctor,doctor,eimal,ADV,eimal,12864,,
gdc,kscv.0,50365,50963,Doctor,doctor,hinein,PTKVZ,hinein,12864,,
gdc,kscv.0,50365,50963,Doctor,doctor,und,KON,und,12864,,
gdc,kscv.0,50365,50963,Doctor,doctor,probir,VVFIN,probir,12864,,
gdc,kscv.0,50365,50963,Doctor,doctor,Er,PPER,er,12864,,
gdc,kscv.0,50365,50963,Doctor,doctor,',$(,--,12864,,
gdc,kscv.0,50365,50963,Doctor,doctor,s,PPER,--,12864,,
gdc,kscv.0,50365,50963,Doctor,doctor,.,$.,--,12864,,
gdc,kscv.0,50968,51002,Woyzeck,woyzeck,Ich,PPER,ich,12864,woyzeck,(1)
gdc,kscv.0,50968,51002,Woyzeck,woyzeck,kann,VMFIN,können,12864,,
gdc,kscv.0,50968,51002,Woyzeck,woyzeck,nit,APPR,nit,12864,,
gdc,kscv.0,50968,51002,Woyzeck,woyzeck,Herr,NN,herr,12864,herr,(18)
gdc,kscv.0,50968,51002,Woyzeck,woyzeck,Doctor,NN,doctor,12864,doctor,(23)
gdc,kscv.0,50968,51002,Woyzeck,woyzeck,.,$.,--,12864,,
gdc,kscv.0,51007,51632,Doctor,doctor,Aber,KON,aber,12864,,
gdc,kscv.0,51007,51632,Doctor,doctor,an,APPR,an,12864,,
gdc,kscv.0,51007,51632,Doctor,doctor,die,ART,der,12864,,
gdc,kscv.0,51007,51632,Doctor,doctor,Wand,NN,wand,12864,,
gdc,kscv.0,51007,51632,Doctor,doctor,pissen,VVINF,pissen,12864,,
gdc,kscv.0,51007,51632,Doctor,doctor,"!",$.,--,12864,,
gdc,kscv.0,51007,51632,Doctor,doctor,Ich,PPER,ich,12864,doctor,(23)
gdc,kscv.0,51007,51632,Doctor,doctor,hab,VVFIN,hab,12864,,
gdc,kscv.0,51007,51632,Doctor,doctor,',$(,--,12864,,
gdc,kscv.0,51007,51632,Doctor,doctor,s,PPER,--,12864,,
gdc,kscv.0,51007,51632,Doctor,doctor,schriftlich,ADJD,schriftlich,12864,,
gdc,kscv.0,51007,51632,Doctor,doctor,",","$,",--,12864,,
gdc,kscv.0,51007,51632,Doctor,doctor,den,ART,der,12864,,
gdc,kscv.0,51007,51632,Doctor,doctor,Akkord,NN,akkord,12864,,
gdc,kscv.0,51007,51632,Doctor,doctor,in,APPR,in,12864,,
gdc,kscv.0,51007,51632,Doctor,doctor,der,ART,der,12864,,
gdc,kscv.0,51007,51632,Doctor,doctor,Hand,NN,hand,12864,,
gdc,kscv.0,51007,51632,Doctor,doctor,.,$.,--,12864,,
gdc,kscv.0,51007,51632,Doctor,doctor,Ich,PPER,ich,12864,doctor,(23)
gdc,kscv.0,51007,51632,Doctor,doctor,hab,VVFIN,hab,12864,,
gdc,kscv.0,51007,51632,Doctor,doctor,',$(,--,12864,,
gdc,kscv.0,51007,51632,Doctor,doctor,s,PPER,--,12864,,
gdc,kscv.0,51007,51632,Doctor,doctor,gesehn,PTKVZ,gesehn,12864,,
gdc,kscv.0,51007,51632,Doctor,doctor,",","$,",--,12864,,
gdc,kscv.0,51007,51632,Doctor,doctor,mit,APPR,mit,12864,,
gdc,kscv.0,51007,51632,Doctor,doctor,dießen,ADJA,dassen,12864,,
gdc,kscv.0,51007,51632,Doctor,doctor,Augen,NN,auge,12864,,
gdc,kscv.0,51007,51632,Doctor,doctor,gesehn,VVPP,gesehn,12864,,
gdc,kscv.0,51007,51632,Doctor,doctor,",","$,",--,12864,,
gdc,kscv.0,51007,51632,Doctor,doctor,ich,PPER,ich,12864,doctor,(23)
gdc,kscv.0,51007,51632,Doctor,doctor,steckt,VVFIN,stecken,12864,,
gdc,kscv.0,51007,51632,Doctor,doctor,grade,FM,grade,12864,,
gdc,kscv.0,51007,51632,Doctor,doctor,die,ART,der,12864,,
gdc,kscv.0,51007,51632,Doctor,doctor,Nase,NN,nase,12864,,
gdc,kscv.0,51007,51632,Doctor,doctor,zum,APPRART,zu,12864,,
gdc,kscv.0,51007,51632,Doctor,doctor,Fenster,NN,fenster,12864,,
gdc,kscv.0,51007,51632,Doctor,doctor,hinaus,PTKVZ,hinaus,12864,,
gdc,kscv.0,51007,51632,Doctor,doctor,und,KON,und,12864,,
gdc,kscv.0,51007,51632,Doctor,doctor,ließ,VVFIN,lassen,12864,,
gdc,kscv.0,51007,51632,Doctor,doctor,die,ART,der,12864,,
gdc,kscv.0,51007,51632,Doctor,doctor,Sonnstrahlen,NN,sonnstrahl,12864,,
gdc,kscv.0,51007,51632,Doctor,doctor,hineinfallen,VVINF,hineinfallen,12864,,
gdc,kscv.0,51007,51632,Doctor,doctor,",","$,",--,12864,,
gdc,kscv.0,51007,51632,Doctor,doctor,um,KOUI,um,12864,,
gdc,kscv.0,51007,51632,Doctor,doctor,das,ART,der,12864,,
gdc,kscv.0,51007,51632,Doctor,doctor,Niesen,NN,niesen,12864,,
gdc,kscv.0,51007,51632,Doctor,doctor,zu,PTKZU,zu,12864,,
gdc,kscv.0,51007,51632,Doctor,doctor,beobachten,VVINF,beobachten,12864,,
gdc,kscv.0,51007,51632,Doctor,doctor,.,$.,--,12864,,
gdc,kscv.0,51007,51632,Doctor,doctor,Nein,PPOSAT,nein,12864,,
gdc,kscv.0,51007,51632,Doctor,doctor,Woyzeck,NN,woyzeck,12864,woyzeck,(1)
gdc,kscv.0,51007,51632,Doctor,doctor,",","$,",--,12864,,
gdc,kscv.0,51007,51632,Doctor,doctor,ich,PPER,ich,12864,doctor,(23)
gdc,kscv.0,51007,51632,Doctor,doctor,ärgre,VVFIN,ärgren,12864,,
gdc,kscv.0,51007,51632,Doctor,doctor,mich,PRF,mich,12864,doctor,(23)
gdc,kscv.0,51007,51632,Doctor,doctor,nicht,PTKNEG,nicht,12864,,
gdc,kscv.0,51007,51632,Doctor,doctor,",","$,",--,12864,,
gdc,kscv.0,51007,51632,Doctor,doctor,Ärger,NN,ärger,12864,,
gdc,kscv.0,51007,51632,Doctor,doctor,ist,VAFIN,sein,12864,,
gdc,kscv.0,51007,51632,Doctor,doctor,ungesund,ADJD,ungesund,12864,,
gdc,kscv.0,51007,51632,Doctor,doctor,",","$,",--,12864,,
gdc,kscv.0,51007,51632,Doctor,doctor,ist,VAFIN,sein,12864,,
gdc,kscv.0,51007,51632,Doctor,doctor,unwissenschaftlich,ADJD,unwissenschaftlich,12864,,
gdc,kscv.0,51007,51632,Doctor,doctor,.,$.,--,12864,,
gdc,kscv.0,51007,51632,Doctor,doctor,Ich,PPER,ich,12864,doctor,(23)
gdc,kscv.0,51007,51632,Doctor,doctor,bin,VAFIN,sein,12864,,
gdc,kscv.0,51007,51632,Doctor,doctor,ruhig,ADJD,ruhig,12864,,
gdc,kscv.0,51007,51632,Doctor,doctor,ganz,ADV,ganz,12864,,
gdc,kscv.0,51007,51632,Doctor,doctor,ruhig,ADJD,ruhig,12864,,
gdc,kscv.0,51007,51632,Doctor,doctor,",","$,",--,12864,,
gdc,kscv.0,51007,51632,Doctor,doctor,mein,PPOSAT,mein,12864,doctor,(23)
gdc,kscv.0,51007,51632,Doctor,doctor,Puls,NN,puls,12864,,
gdc,kscv.0,51007,51632,Doctor,doctor,hat,VAFIN,haben,12864,,
gdc,kscv.0,51007,51632,Doctor,doctor,seine,PPOSAT,sein,12864,,
gdc,kscv.0,51007,51632,Doctor,doctor,gewöhnlichen,ADJA,gewöhnlich,12864,,
gdc,kscv.0,51007,51632,Doctor,doctor,60,CARD,60,12864,,
gdc,kscv.0,51007,51632,Doctor,doctor,und,KON,und,12864,,
gdc,kscv.0,51007,51632,Doctor,doctor,ich,PPER,ich,12864,doctor,(23)
gdc,kscv.0,51007,51632,Doctor,doctor,sag,VVFIN,sag,12864,,
gdc,kscv.0,51007,51632,Doctor,doctor,',$(,--,12864,,
gdc,kscv.0,51007,51632,Doctor,doctor,s,PPER,--,12864,,
gdc,kscv.0,51007,51632,Doctor,doctor,Ihm,PPER,ihm,12864,,
gdc,kscv.0,51007,51632,Doctor,doctor,mit,APPR,mit,12864,,
gdc,kscv.0,51007,51632,Doctor,doctor,der,ART,der,12864,,
gdc,kscv.0,51007,51632,Doctor,doctor,größten,ADJA,groß,12864,,
gdc,kscv.0,51007,51632,Doctor,doctor,Kaltblütigkeit,NN,kaltblütigkeit,12864,,
gdc,kscv.0,51007,51632,Doctor,doctor,.,$.,--,12864,,
gdc,kscv.0,51007,51632,Doctor,doctor,Behüte,NN,behüte,12864,,
gdc,kscv.0,51007,51632,Doctor,doctor,wer,PWS,wer,12864,,
gdc,kscv.0,51007,51632,Doctor,doctor,wird,VAFIN,werden,12864,,
gdc,kscv.0,51007,51632,Doctor,doctor,sich,PRF,sich,12864,,
gdc,kscv.0,51007,51632,Doctor,doctor,über,APPR,über,12864,,
gdc,kscv.0,51007,51632,Doctor,doctor,einen,ART,ein,12864,,
gdc,kscv.0,51007,51632,Doctor,doctor,Menschen,NN,mensch,12864,,
gdc,kscv.0,51007,51632,Doctor,doctor,ärgern,VVFIN,ärgern,12864,,
gdc,kscv.0,51007,51632,Doctor,doctor,",","$,",--,12864,,
gdc,kscv.0,51007,51632,Doctor,doctor,ein,ART,ein,12864,,
gdc,kscv.0,51007,51632,Doctor,doctor,Menschen,NN,mensch,12864,,
gdc,kscv.0,51007,51632,Doctor,doctor,"!",$.,--,12864,,
gdc,kscv.0,51007,51632,Doctor,doctor,Wenn,KOUS,wenn,12864,,
gdc,kscv.0,51007,51632,Doctor,doctor,es,PPER,es,12864,,
gdc,kscv.0,51007,51632,Doctor,doctor,noch,ADV,noch,12864,,
gdc,kscv.0,51007,51632,Doctor,doctor,ein,ART,ein,12864,,
gdc,kscv.0,51007,51632,Doctor,doctor,proteus,FM,proteus,12864,,
gdc,kscv.0,51007,51632,Doctor,doctor,wäre,FM,sein,12864,,
gdc,kscv.0,51007,51632,Doctor,doctor,",","$,",--,12864,,
gdc,kscv.0,51007,51632,Doctor,doctor,der,ART,der,12864,,
gdc,kscv.0,51007,51632,Doctor,doctor,einem,PIS,ein,12864,,
gdc,kscv.0,51007,51632,Doctor,doctor,krepirt,VVFIN,krepiren,12864,,
gdc,kscv.0,51007,51632,Doctor,doctor,"!",$.,--,12864,,
gdc,kscv.0,51007,51632,Doctor,doctor,Aber,KON,aber,12864,,
gdc,kscv.0,51007,51632,Doctor,doctor,Er,PPER,er,12864,,
gdc,kscv.0,51007,51632,Doctor,doctor,hätte,VAFIN,haben,12864,,
gdc,kscv.0,51007,51632,Doctor,doctor,doch,ADV,doch,12864,,
gdc,kscv.0,51007,51632,Doctor,doctor,nicht,PTKNEG,nicht,12864,,
gdc,kscv.0,51007,51632,Doctor,doctor,an,APPR,an,12864,,
gdc,kscv.0,51007,51632,Doctor,doctor,die,ART,der,12864,,
gdc,kscv.0,51007,51632,Doctor,doctor,Wand,NN,wand,12864,,
gdc,kscv.0,51007,51632,Doctor,doctor,pissen,VVINF,pissen,12864,,
gdc,kscv.0,51007,51632,Doctor,doctor,sollen,VMFIN,sollen,12864,,
gdc,kscv.0,51007,51632,Doctor,doctor,–,XY,–,12864,,
gdc,kscv.0,51637,51869,Woyzeck,woyzeck,Sehn,CARD,sehn,12864,,
gdc,kscv.0,51637,51869,Woyzeck,woyzeck,Sie,PPER,sie,12864,,
gdc,kscv.0,51637,51869,Woyzeck,woyzeck,Herr,NN,herr,12864,herr,(18)
gdc,kscv.0,51637,51869,Woyzeck,woyzeck,Doctor,NE,doctor,12864,doctor,(23)
gdc,kscv.0,51637,51869,Woyzeck,woyzeck,",","$,",--,12864,,
gdc,kscv.0,51637,51869,Woyzeck,woyzeck,manchmal,ADV,manchmal,12864,,
gdc,kscv.0,51637,51869,Woyzeck,woyzeck,hat,VAFIN,haben,12864,,
gdc,kscv.0,51637,51869,Woyzeck,woyzeck,einer,PIS,ein,12864,,
gdc,kscv.0,51637,51869,Woyzeck,woyzeck,so,ADV,so,12864,,
gdc,kscv.0,51637,51869,Woyzeck,woyzeck,n,XY,--,12864,,
gdc,kscv.0,51637,51869,Woyzeck,woyzeck,',$(,--,12864,,
gdc,kscv.0,51637,51869,Woyzeck,woyzeck,en,FM,--,12864,,
gdc,kscv.0,51637,51869,Woyzeck,woyzeck,Character,FM,character,12864,,
gdc,kscv.0,51637,51869,Woyzeck,woyzeck,",","$,",--,12864,,
gdc,kscv.0,51637,51869,Woyzeck,woyzeck,so,ADV,so,12864,,
gdc,kscv.0,51637,51869,Woyzeck,woyzeck,n,XY,--,12864,,
gdc,kscv.0,51637,51869,Woyzeck,woyzeck,',$(,--,12864,,
gdc,kscv.0,51637,51869,Woyzeck,woyzeck,e,ADJA,E,12864,,
gdc,kscv.0,51637,51869,Woyzeck,woyzeck,Structur,NN,structur,12864,,
gdc,kscv.0,51637,51869,Woyzeck,woyzeck,.,$.,--,12864,,
gdc,kscv.0,51637,51869,Woyzeck,woyzeck,–,XY,–,12864,,
gdc,kscv.0,51637,51869,Woyzeck,woyzeck,Aber,KON,aber,12864,,
gdc,kscv.0,51637,51869,Woyzeck,woyzeck,mit,APPR,mit,12864,,
gdc,kscv.0,51637,51869,Woyzeck,woyzeck,der,ART,der,12864,,
gdc,kscv.0,51637,51869,Woyzeck,woyzeck,Natur,NN,natur,12864,,
gdc,kscv.0,51637,51869,Woyzeck,woyzeck,ist,VAFIN,sein,12864,,
gdc,kscv.0,51637,51869,Woyzeck,woyzeck,',$(,--,12864,,
gdc,kscv.0,51637,51869,Woyzeck,woyzeck,s,PPER,--,12864,,
gdc,kscv.0,51637,51869,Woyzeck,woyzeck,was,PIS,was,12864,,
gdc,kscv.0,51637,51869,Woyzeck,woyzeck,anders,ADV,anders,12864,,
gdc,kscv.0,51637,51869,Woyzeck,woyzeck,",","$,",--,12864,,
gdc,kscv.0,51637,51869,Woyzeck,woyzeck,sehn,CARD,sehn,12864,,
gdc,kscv.0,51637,51869,Woyzeck,woyzeck,Sie,PPER,sie,12864,,
gdc,kscv.0,51637,51869,Woyzeck,woyzeck,mit,APPR,mit,12864,,
gdc,kscv.0,51637,51869,Woyzeck,woyzeck,der,ART,der,12864,,
gdc,kscv.0,51637,51869,Woyzeck,woyzeck,Natur,NN,natur,12864,,
gdc,kscv.0,51637,51869,Woyzeck,woyzeck,das,PDS,der,12864,,
gdc,kscv.0,51637,51869,Woyzeck,woyzeck,ist,VAFIN,sein,12864,,
gdc,kscv.0,51637,51869,Woyzeck,woyzeck,so,ADV,so,12864,,
gdc,kscv.0,51637,51869,Woyzeck,woyzeck,was,PIS,was,12864,,
gdc,kscv.0,51637,51869,Woyzeck,woyzeck,",","$,",--,12864,,
gdc,kscv.0,51637,51869,Woyzeck,woyzeck,wie,PWAV,wie,12864,,
gdc,kscv.0,51637,51869,Woyzeck,woyzeck,soll,VMFIN,sollen,12864,,
gdc,kscv.0,51637,51869,Woyzeck,woyzeck,ich,PPER,ich,12864,woyzeck,(1)
gdc,kscv.0,51637,51869,Woyzeck,woyzeck,doch,ADV,doch,12864,,
gdc,kscv.0,51637,51869,Woyzeck,woyzeck,sagen,VVINF,sagen,12864,,
gdc,kscv.0,51637,51869,Woyzeck,woyzeck,",","$,",--,12864,,
gdc,kscv.0,51637,51869,Woyzeck,woyzeck,zum,APPRART,zu,12864,,
gdc,kscv.0,51637,51869,Woyzeck,woyzeck,Beispiel,NN,beispiel,12864,,
gdc,kscv.0,51637,51869,Woyzeck,woyzeck,.,$.,--,12864,,
gdc,kscv.0,51637,51869,Woyzeck,woyzeck,.,$.,--,12864,,
gdc,kscv.0,51637,51869,Woyzeck,woyzeck,.,$.,--,12864,,
gdc,kscv.0,51874,51914,Doctor,doctor,Woyzeck,NE,woyzeck,12864,woyzeck,(1)
gdc,kscv.0,51874,51914,Doctor,doctor,",","$,",--,12864,,
gdc,kscv.0,51874,51914,Doctor,doctor,Er,PPER,er,12864,,
gdc,kscv.0,51874,51914,Doctor,doctor,philosophirt,NN,philosophirt,12864,,
gdc,kscv.0,51874,51914,Doctor,doctor,wieder,ADV,wieder,12864,,
gdc,kscv.0,51874,51914,Doctor,doctor,.,$.,--,12864,,
gdc,kscv.0,51919,52126,Woyzeck,woyzeck,Herr,NN,herr,12864,herr,(18)
gdc,kscv.0,51919,52126,Woyzeck,woyzeck,Doctor,NE,doctor,12864,doctor,(23)
gdc,kscv.0,51919,52126,Woyzeck,woyzeck,haben,VAFIN,haben,12864,,
gdc,kscv.0,51919,52126,Woyzeck,woyzeck,Sie,PPER,sie,12864,,
gdc,kscv.0,51919,52126,Woyzeck,woyzeck,schon,ADV,schon,12864,,
gdc,kscv.0,51919,52126,Woyzeck,woyzeck,was,PIS,was,12864,,
gdc,kscv.0,51919,52126,Woyzeck,woyzeck,von,APPR,von,12864,,
gdc,kscv.0,51919,52126,Woyzeck,woyzeck,der,ART,der,12864,,
gdc,kscv.0,51919,52126,Woyzeck,woyzeck,doppelten,ADJA,doppelt,12864,,
gdc,kscv.0,51919,52126,Woyzeck,woyzeck,Natur,NN,natur,12864,,
gdc,kscv.0,51919,52126,Woyzeck,woyzeck,gesehn,VVPP,gesehn,12864,,
gdc,kscv.0,51919,52126,Woyzeck,woyzeck,?,$.,--,12864,,
gdc,kscv.0,51919,52126,Woyzeck,woyzeck,Wenn,KOUS,wenn,12864,,
gdc,kscv.0,51919,52126,Woyzeck,woyzeck,die,ART,der,12864,,
gdc,kscv.0,51919,52126,Woyzeck,woyzeck,Sonn,NN,sonn,12864,,
gdc,kscv.0,51919,52126,Woyzeck,woyzeck,in,APPR,in,12864,,
gdc,kscv.0,51919,52126,Woyzeck,woyzeck,Mittag,NE,mittag,12864,,
gdc,kscv.0,51919,52126,Woyzeck,woyzeck,steht,VVFIN,stehen,12864,,
gdc,kscv.0,51919,52126,Woyzeck,woyzeck,und,KON,und,12864,,
gdc,kscv.0,51919,52126,Woyzeck,woyzeck,es,PPER,es,12864,,
gdc,kscv.0,51919,52126,Woyzeck,woyzeck,ist,VAFIN,sein,12864,,
gdc,kscv.0,51919,52126,Woyzeck,woyzeck,als,KOKOM,als,12864,,
gdc,kscv.0,51919,52126,Woyzeck,woyzeck,ging,VVFIN,gehen,12864,,
gdc,kscv.0,51919,52126,Woyzeck,woyzeck,die,ART,der,12864,,
gdc,kscv.0,51919,52126,Woyzeck,woyzeck,Welt,NN,welt,12864,,
gdc,kscv.0,51919,52126,Woyzeck,woyzeck,in,APPR,in,12864,,
gdc,kscv.0,51919,52126,Woyzeck,woyzeck,Feuer,NN,feuer,12864,,
gdc,kscv.0,51919,52126,Woyzeck,woyzeck,auf,PTKVZ,auf,12864,,
gdc,kscv.0,51919,52126,Woyzeck,woyzeck,hat,VAFIN,haben,12864,,
gdc,kscv.0,51919,52126,Woyzeck,woyzeck,schon,ADV,schon,12864,,
gdc,kscv.0,51919,52126,Woyzeck,woyzeck,eine,ART,ein,12864,,
gdc,kscv.0,51919,52126,Woyzeck,woyzeck,fürchterliche,ADJA,fürchterlich,12864,,
gdc,kscv.0,51919,52126,Woyzeck,woyzeck,Stimme,NN,stimme,12864,,
gdc,kscv.0,51919,52126,Woyzeck,woyzeck,zu,APPR,zu,12864,,
gdc,kscv.0,51919,52126,Woyzeck,woyzeck,mir,PPER,sich,12864,woyzeck,(1)
gdc,kscv.0,51919,52126,Woyzeck,woyzeck,geredt,ADJD,geredt,12864,,
gdc,kscv.0,51919,52126,Woyzeck,woyzeck,"!",$.,--,12864,,
gdc,kscv.0,52131,52170,Doctor,doctor,Woyzeck,NE,woyzeck,12864,woyzeck,(1)
gdc,kscv.0,52131,52170,Doctor,doctor,",","$,",--,12864,,
gdc,kscv.0,52131,52170,Doctor,doctor,Er,PPER,er,12864,,
gdc,kscv.0,52131,52170,Doctor,doctor,hat,VAFIN,haben,12864,,
gdc,kscv.0,52131,52170,Doctor,doctor,eine,ART,ein,12864,,
gdc,kscv.0,52131,52170,Doctor,doctor,aberratio,NN,aberratio,12864,,
gdc,kscv.0,52131,52170,Doctor,doctor,.,$.,--,12864,,
gdc,kscv.0,52175,52352,Woyzeck,woyzeck,Die,ART,der,12864,,
gdc,kscv.0,52175,52352,Woyzeck,woyzeck,Schwämme,ADJA,schwämm,12864,,
gdc,kscv.0,52175,52352,Woyzeck,woyzeck,Herr,NN,herr,12864,herr,(18)
gdc,kscv.0,52175,52352,Woyzeck,woyzeck,Doctor,NE,doctor,12864,doctor,(23)
gdc,kscv.0,52175,52352,Woyzeck,woyzeck,.,$.,--,12864,,
gdc,kscv.0,52175,52352,Woyzeck,woyzeck,Da,KOUS,da,12864,,
gdc,kscv.0,52175,52352,Woyzeck,woyzeck,",","$,",--,12864,,
gdc,kscv.0,52175,52352,Woyzeck,woyzeck,da,ADV,da,12864,,
gdc,kscv.0,52175,52352,Woyzeck,woyzeck,steckts,VVFIN,steckts,12864,,
gdc,kscv.0,52175,52352,Woyzeck,woyzeck,.,$.,--,12864,,
gdc,kscv.0,52175,52352,Woyzeck,woyzeck,Haben,VAFIN,haben,12864,,
gdc,kscv.0,52175,52352,Woyzeck,woyzeck,Sie,PPER,sie,12864,,
gdc,kscv.0,52175,52352,Woyzeck,woyzeck,schon,ADV,schon,12864,,
gdc,kscv.0,52175,52352,Woyzeck,woyzeck,gesehn,ADJD,gesehn,12864,,
gdc,kscv.0,52175,52352,Woyzeck,woyzeck,in,APPR,in,12864,,
gdc,kscv.0,52175,52352,Woyzeck,woyzeck,was,PWS,was,12864,,
gdc,kscv.0,52175,52352,Woyzeck,woyzeck,für,APPR,für,12864,,
gdc,kscv.0,52175,52352,Woyzeck,woyzeck,Figuren,NN,figur,12864,,
gdc,kscv.0,52175,52352,Woyzeck,woyzeck,die,ART,der,12864,,
gdc,kscv.0,52175,52352,Woyzeck,woyzeck,Schwämme,NN,schwamm,12864,,
gdc,kscv.0,52175,52352,Woyzeck,woyzeck,auf,APPR,auf,12864,,
gdc,kscv.0,52175,52352,Woyzeck,woyzeck,dem,ART,der,12864,,
gdc,kscv.0,52175,52352,Woyzeck,woyzeck,Boden,NN,boden,12864,,
gdc,kscv.0,52175,52352,Woyzeck,woyzeck,wachsen,VVINF,wachsen,12864,,
gdc,kscv.0,52175,52352,Woyzeck,woyzeck,?,$.,--,12864,,
gdc,kscv.0,52175,52352,Woyzeck,woyzeck,Wer,PWS,wer,12864,,
gdc,kscv.0,52175,52352,Woyzeck,woyzeck,das,PDS,der,12864,,
gdc,kscv.0,52175,52352,Woyzeck,woyzeck,lesen,VVINF,lesen,12864,,
gdc,kscv.0,52175,52352,Woyzeck,woyzeck,könnt,VVFIN,können,12864,,
gdc,kscv.0,52175,52352,Woyzeck,woyzeck,.,$.,--,12864,,
gdc,kscv.0,52357,52607,Doctor,doctor,Woyzeck,PWAV,woyzeck,12864,woyzeck,(1)
gdc,kscv.0,52357,52607,Doctor,doctor,Er,PPER,er,12864,,
gdc,kscv.0,52357,52607,Doctor,doctor,hat,VAFIN,haben,12864,,
gdc,kscv.0,52357,52607,Doctor,doctor,die,ART,der,12864,,
gdc,kscv.0,52357,52607,Doctor,doctor,schönste,ADJA,schön,12864,,
gdc,kscv.0,52357,52607,Doctor,doctor,aberratio,NN,aberratio,12864,,
gdc,kscv.0,52357,52607,Doctor,doctor,mentalis,NE,mentalis,12864,,
gdc,kscv.0,52357,52607,Doctor,doctor,partialis,NE,partialis,12864,,
gdc,kscv.0,52357,52607,Doctor,doctor,",","$,",--,12864,,
gdc,kscv.0,52357,52607,Doctor,doctor,die,ART,der,12864,,
gdc,kscv.0,52357,52607,Doctor,doctor,zweite,ADJA,zweiter,12864,,
gdc,kscv.0,52357,52607,Doctor,doctor,Species,NN,species,12864,,
gdc,kscv.0,52357,52607,Doctor,doctor,",","$,",--,12864,,
gdc,kscv.0,52357,52607,Doctor,doctor,sehr,ADV,sehr,12864,,
gdc,kscv.0,52357,52607,Doctor,doctor,schön,ADJD,schön,12864,,
gdc,kscv.0,52357,52607,Doctor,doctor,ausgeprägt,VVPP,ausprägen,12864,,
gdc,kscv.0,52357,52607,Doctor,doctor,.,$.,--,12864,,
gdc,kscv.0,52357,52607,Doctor,doctor,Woyzeck,PWAV,woyzeck,12864,woyzeck,(1)
gdc,kscv.0,52357,52607,Doctor,doctor,Er,PPER,er,12864,,
gdc,kscv.0,52357,52607,Doctor,doctor,kriegt,VVFIN,kriegen,12864,,
gdc,kscv.0,52357,52607,Doctor,doctor,Zulage,NN,zulage,12864,,
gdc,kscv.0,52357,52607,Doctor,doctor,.,$.,--,12864,,
gdc,kscv.0,52357,52607,Doctor,doctor,Zweite,ADJA,zweiter,12864,,
gdc,kscv.0,52357,52607,Doctor,doctor,Species,NN,species,12864,,
gdc,kscv.0,52357,52607,Doctor,doctor,",","$,",--,12864,,
gdc,kscv.0,52357,52607,Doctor,doctor,fixe,ADJA,fix,12864,,
gdc,kscv.0,52357,52607,Doctor,doctor,Idee,NN,idee,12864,,
gdc,kscv.0,52357,52607,Doctor,doctor,",","$,",--,12864,,
gdc,kscv.0,52357,52607,Doctor,doctor,mit,APPR,mit,12864,,
gdc,kscv.0,52357,52607,Doctor,doctor,allgemein,ADJD,allgemein,12864,,
gdc,kscv.0,52357,52607,Doctor,doctor,vernünftigem,ADJA,vernünftig,12864,,
gdc,kscv.0,52357,52607,Doctor,doctor,Zustand,NN,zustand,12864,,
gdc,kscv.0,52357,52607,Doctor,doctor,",","$,",--,12864,,
gdc,kscv.0,52357,52607,Doctor,doctor,Er,PPER,er,12864,,
gdc,kscv.0,52357,52607,Doctor,doctor,thut,VVFIN,thut,12864,,
gdc,kscv.0,52357,52607,Doctor,doctor,noch,ADV,noch,12864,,
gdc,kscv.0,52357,52607,Doctor,doctor,Alles,PIS,alle,12864,,
gdc,kscv.0,52357,52607,Doctor,doctor,wie,KOKOM,wie,12864,,
gdc,kscv.0,52357,52607,Doctor,doctor,sonst,ADV,sonst,12864,,
gdc,kscv.0,52357,52607,Doctor,doctor,",","$,",--,12864,,
gdc,kscv.0,52357,52607,Doctor,doctor,rasirt,VVFIN,rasiren,12864,,
gdc,kscv.0,52357,52607,Doctor,doctor,sein,PPOSAT,sein,12864,,
gdc,kscv.0,52357,52607,Doctor,doctor,Hauptmann,NN,hauptmann,12864,hauptmann,(24)
gdc,kscv.0,52357,52607,Doctor,doctor,?,$.,--,12864,,
gdc,kscv.0,52612,52630,Woyzeck,woyzeck,Ja,PTKANT,ja,12864,,
gdc,kscv.0,52612,52630,Woyzeck,woyzeck,",","$,",--,12864,,
gdc,kscv.0,52612,52630,Woyzeck,woyzeck,wohl,ADV,wohl,12864,,
gdc,kscv.0,52612,52630,Woyzeck,woyzeck,.,$.,--,12864,,
gdc,kscv.0,52635,52657,Doctor,doctor,Ißt,ADJD,ißt,12864,,
gdc,kscv.0,52635,52657,Doctor,doctor,sei,VAFIN,sein,12864,,
gdc,kscv.0,52635,52657,Doctor,doctor,Erbse,NN,erbse,12864,,
gdc,kscv.0,52635,52657,Doctor,doctor,?,$.,--,12864,,
gdc,kscv.0,52662,52741,Woyzeck,woyzeck,Immer,ADV,immer,12864,,
gdc,kscv.0,52662,52741,Woyzeck,woyzeck,ordentlich,ADJD,ordentlich,12864,,
gdc,kscv.0,52662,52741,Woyzeck,woyzeck,Herr,NN,herr,12864,herr,(18)
gdc,kscv.0,52662,52741,Woyzeck,woyzeck,Doctor,NN,doctor,12864,doctor,(23)
gdc,kscv.0,52662,52741,Woyzeck,woyzeck,.,$.,--,12864,,
gdc,kscv.0,52662,52741,Woyzeck,woyzeck,Das,ART,der,12864,,
gdc,kscv.0,52662,52741,Woyzeck,woyzeck,Geld,NN,geld,12864,,
gdc,kscv.0,52662,52741,Woyzeck,woyzeck,für,APPR,für,12864,,
gdc,kscv.0,52662,52741,Woyzeck,woyzeck,die,ART,der,12864,,
gdc,kscv.0,52662,52741,Woyzeck,woyzeck,Menage,NN,menage,12864,,
gdc,kscv.0,52662,52741,Woyzeck,woyzeck,kriegt,VVFIN,kriegen,12864,,
gdc,kscv.0,52662,52741,Woyzeck,woyzeck,mei,APPR,mei,12864,,
gdc,kscv.0,52662,52741,Woyzeck,woyzeck,Frau,NN,frau,12864,,
gdc,kscv.0,52662,52741,Woyzeck,woyzeck,.,$.,--,12864,,
gdc,kscv.0,52746,52770,Doctor,doctor,Thut,NN,thut,12864,,
gdc,kscv.0,52746,52770,Doctor,doctor,sei,VAFIN,sein,12864,,
gdc,kscv.0,52746,52770,Doctor,doctor,Dienst,NN,dienst,12864,,
gdc,kscv.0,52746,52770,Doctor,doctor,?,$.,--,12864,,
gdc,kscv.0,52775,52792,Woyzeck,woyzeck,Ja,PTKANT,ja,12864,,
gdc,kscv.0,52775,52792,Woyzeck,woyzeck,wohl,ADV,wohl,12864,,
gdc,kscv.0,52775,52792,Woyzeck,woyzeck,.,$.,--,12864,,
gdc,kscv.0,52797,52910,Doctor,doctor,Er,PPER,er,12864,,
gdc,kscv.0,52797,52910,Doctor,doctor,ist,VAFIN,sein,12864,,
gdc,kscv.0,52797,52910,Doctor,doctor,ein,ART,ein,12864,,
gdc,kscv.0,52797,52910,Doctor,doctor,interessanter,ADJA,interessant,12864,,
gdc,kscv.0,52797,52910,Doctor,doctor,casus,NN,casus,12864,,
gdc,kscv.0,52797,52910,Doctor,doctor,.,$.,--,12864,,
gdc,kscv.0,52797,52910,Doctor,doctor,Subject,NE,subject,12864,,
gdc,kscv.0,52797,52910,Doctor,doctor,Woyzeck,NE,woyzeck,12864,woyzeck,(1)
gdc,kscv.0,52797,52910,Doctor,doctor,Er,PPER,er,12864,,
gdc,kscv.0,52797,52910,Doctor,doctor,kriegt,VVFIN,kriegen,12864,,
gdc,kscv.0,52797,52910,Doctor,doctor,Zulag,NN,zulag,12864,,
gdc,kscv.0,52797,52910,Doctor,doctor,.,$.,--,12864,,
gdc,kscv.0,52797,52910,Doctor,doctor,Halt,VVIMP,halt,12864,,
gdc,kscv.0,52797,52910,Doctor,doctor,Er,PPER,er,12864,,
gdc,kscv.0,52797,52910,Doctor,doctor,sich,PRF,sich,12864,,
gdc,kscv.0,52797,52910,Doctor,doctor,brav,ADJD,brav,12864,,
gdc,kscv.0,52797,52910,Doctor,doctor,.,$.,--,12864,,
gdc,kscv.0,52797,52910,Doctor,doctor,Zeig,ADJD,zeig,12864,,
gdc,kscv.0,52797,52910,Doctor,doctor,Er,PPER,er,12864,,
gdc,kscv.0,52797,52910,Doctor,doctor,sei,VAFIN,sein,12864,,
gdc,kscv.0,52797,52910,Doctor,doctor,Puls,NE,puls,12864,,
gdc,kscv.0,52797,52910,Doctor,doctor,"!",$.,--,12864,,
gdc,kscv.0,52797,52910,Doctor,doctor,Ja,PTKANT,ja,12864,,
gdc,kscv.0,52797,52910,Doctor,doctor,.,$.,--,12864,,
gdc,kscv.0,52952,53542,Hauptmann,hauptmann,Herr,NN,herr,12864,herr,(18)
gdc,kscv.0,52952,53542,Hauptmann,hauptmann,Doctor,NE,doctor,12864,doctor,(23)
gdc,kscv.0,52952,53542,Hauptmann,hauptmann,",","$,",--,12864,,
gdc,kscv.0,52952,53542,Hauptmann,hauptmann,die,ART,der,12864,,
gdc,kscv.0,52952,53542,Hauptmann,hauptmann,Pferde,NN,pferd,12864,,
gdc,kscv.0,52952,53542,Hauptmann,hauptmann,machen,VVFIN,machen,12864,,
gdc,kscv.0,52952,53542,Hauptmann,hauptmann,mir,PPER,sich,12864,hauptmann,(24)
gdc,kscv.0,52952,53542,Hauptmann,hauptmann,ganz,ADV,ganz,12864,,
gdc,kscv.0,52952,53542,Hauptmann,hauptmann,Angst,NN,angst,12864,,
gdc,kscv.0,52952,53542,Hauptmann,hauptmann,;,$.,--,12864,,
gdc,kscv.0,52952,53542,Hauptmann,hauptmann,wenn,KOUS,wenn,12864,,
gdc,kscv.0,52952,53542,Hauptmann,hauptmann,ich,PPER,ich,12864,hauptmann,(24)
gdc,kscv.0,52952,53542,Hauptmann,hauptmann,denke,VVFIN,denken,12864,,
gdc,kscv.0,52952,53542,Hauptmann,hauptmann,",","$,",--,12864,,
gdc,kscv.0,52952,53542,Hauptmann,hauptmann,daß,KOUS,daß,12864,,
gdc,kscv.0,52952,53542,Hauptmann,hauptmann,die,ART,der,12864,,
gdc,kscv.0,52952,53542,Hauptmann,hauptmann,armen,ADJA,arm,12864,,
gdc,kscv.0,52952,53542,Hauptmann,hauptmann,Bestien,NN,bestie,12864,,
gdc,kscv.0,52952,53542,Hauptmann,hauptmann,zu,APPR,zu,12864,,
gdc,kscv.0,52952,53542,Hauptmann,hauptmann,Fuß,NN,fuß,12864,,
gdc,kscv.0,52952,53542,Hauptmann,hauptmann,gehn,CARD,gehn,12864,,
gdc,kscv.0,52952,53542,Hauptmann,hauptmann,müssen,VMFIN,müssen,12864,,
gdc,kscv.0,52952,53542,Hauptmann,hauptmann,.,$.,--,12864,,
gdc,kscv.0,52952,53542,Hauptmann,hauptmann,Rennen,VVFIN,rennen,12864,,
gdc,kscv.0,52952,53542,Hauptmann,hauptmann,Sie,PPER,sie,12864,,
gdc,kscv.0,52952,53542,Hauptmann,hauptmann,nicht,PTKNEG,nicht,12864,,
gdc,kscv.0,52952,53542,Hauptmann,hauptmann,so,ADV,so,12864,,
gdc,kscv.0,52952,53542,Hauptmann,hauptmann,.,$.,--,12864,,
gdc,kscv.0,52952,53542,Hauptmann,hauptmann,Rudern,VVFIN,rudern,12864,,
gdc,kscv.0,52952,53542,Hauptmann,hauptmann,Sie,PPER,sie,12864,,
gdc,kscv.0,52952,53542,Hauptmann,hauptmann,mit,APPR,mit,12864,,
gdc,kscv.0,52952,53542,Hauptmann,hauptmann,Ihrem,PPOSAT,ihr,12864,,
gdc,kscv.0,52952,53542,Hauptmann,hauptmann,Stock,NN,stock,12864,,
gdc,kscv.0,52952,53542,Hauptmann,hauptmann,nicht,PTKNEG,nicht,12864,,
gdc,kscv.0,52952,53542,Hauptmann,hauptmann,so,ADV,so,12864,,
gdc,kscv.0,52952,53542,Hauptmann,hauptmann,in,APPR,in,12864,,
gdc,kscv.0,52952,53542,Hauptmann,hauptmann,der,ART,der,12864,,
gdc,kscv.0,52952,53542,Hauptmann,hauptmann,Luft,NN,luft,12864,,
gdc,kscv.0,52952,53542,Hauptmann,hauptmann,.,$.,--,12864,,
gdc,kscv.0,52952,53542,Hauptmann,hauptmann,Sie,PPER,sie,12864,,
gdc,kscv.0,52952,53542,Hauptmann,hauptmann,hetzen,VVFIN,hetzen,12864,,
gdc,kscv.0,52952,53542,Hauptmann,hauptmann,sich,PRF,sich,12864,,
gdc,kscv.0,52952,53542,Hauptmann,hauptmann,ja,ADV,ja,12864,,
gdc,kscv.0,52952,53542,Hauptmann,hauptmann,hinter,APPR,hinter,12864,,
gdc,kscv.0,52952,53542,Hauptmann,hauptmann,dem,ART,der,12864,,
gdc,kscv.0,52952,53542,Hauptmann,hauptmann,Tod,NN,tod,12864,,
gdc,kscv.0,52952,53542,Hauptmann,hauptmann,drein,PTKVZ,drein,12864,,
gdc,kscv.0,52952,53542,Hauptmann,hauptmann,.,$.,--,12864,,
gdc,kscv.0,52952,53542,Hauptmann,hauptmann,Ein,ART,ein,12864,,
gdc,kscv.0,52952,53542,Hauptmann,hauptmann,guter,ADJA,gut,12864,,
gdc,kscv.0,52952,53542,Hauptmann,hauptmann,Mensch,NN,mensch,12864,,
gdc,kscv.0,52952,53542,Hauptmann,hauptmann,",","$,",--,12864,,
gdc,kscv.0,52952,53542,Hauptmann,hauptmann,der,PRELS,der,12864,,
gdc,kscv.0,52952,53542,Hauptmann,hauptmann,sein,PPOSAT,sein,12864,,
gdc,kscv.0,52952,53542,Hauptmann,hauptmann,gutes,ADJA,gut,12864,,
gdc,kscv.0,52952,53542,Hauptmann,hauptmann,Gewissen,NN,gewissen,12864,,
gdc,kscv.0,52952,53542,Hauptmann,hauptmann,hat,VAFIN,haben,12864,,
gdc,kscv.0,52952,53542,Hauptmann,hauptmann,",","$,",--,12864,,
gdc,kscv.0,52952,53542,Hauptmann,hauptmann,geht,VVFIN,gehen,12864,,
gdc,kscv.0,52952,53542,Hauptmann,hauptmann,nicht,PTKNEG,nicht,12864,,
gdc,kscv.0,52952,53542,Hauptmann,hauptmann,so,ADV,so,12864,,
gdc,kscv.0,52952,53542,Hauptmann,hauptmann,schnell,ADJD,schnell,12864,,
gdc,kscv.0,52952,53542,Hauptmann,hauptmann,.,$.,--,12864,,
gdc,kscv.0,52952,53542,Hauptmann,hauptmann,Ein,ART,ein,12864,,
gdc,kscv.0,52952,53542,Hauptmann,hauptmann,guter,ADJA,gut,12864,,
gdc,kscv.0,52952,53542,Hauptmann,hauptmann,Mensch,NN,mensch,12864,,
gdc,kscv.0,52952,53542,Hauptmann,hauptmann,.,$.,--,12864,,
gdc,kscv.0,52952,53542,Hauptmann,hauptmann,Herr,NN,herr,12864,herr,(18)
gdc,kscv.0,52952,53542,Hauptmann,hauptmann,Doctor,NE,doctor,12864,doctor,(23)
gdc,kscv.0,52952,53542,Hauptmann,hauptmann,erlauben,VVFIN,erlauben,12864,,
gdc,kscv.0,52952,53542,Hauptmann,hauptmann,Sie,PPER,sie,12864,,
gdc,kscv.0,52952,53542,Hauptmann,hauptmann,",","$,",--,12864,,
gdc,kscv.0,52952,53542,Hauptmann,hauptmann,daß,KOUS,daß,12864,,
gdc,kscv.0,52952,53542,Hauptmann,hauptmann,ich,PPER,ich,12864,hauptmann,(24)
gdc,kscv.0,52952,53542,Hauptmann,hauptmann,ein,ART,ein,12864,,
gdc,kscv.0,52952,53542,Hauptmann,hauptmann,Menschenleben,NN,menschenleben,12864,,
gdc,kscv.0,52952,53542,Hauptmann,hauptmann,rette,VVFIN,retten,12864,,
gdc,kscv.0,52952,53542,Hauptmann,hauptmann,",","$,",--,12864,,
gdc,kscv.0,52952,53542,Hauptmann,hauptmann,Sie,PPER,sie,12864,,
gdc,kscv.0,52952,53542,Hauptmann,hauptmann,schießen,VVFIN,schießen,12864,,
gdc,kscv.0,52952,53542,Hauptmann,hauptmann,[,XY,[,12864,,
gdc,kscv.0,52952,53542,Hauptmann,hauptmann,Satz,NN,satz,12864,,
gdc,kscv.0,52952,53542,Hauptmann,hauptmann,bricht,VVFIN,brechen,12864,,
gdc,kscv.0,52952,53542,Hauptmann,hauptmann,ab,PTKVZ,ab,12864,,
gdc,kscv.0,52952,53542,Hauptmann,hauptmann,.,$.,--,12864,,
gdc,kscv.0,52952,53542,Hauptmann,hauptmann,],XY,],12864,,
gdc,kscv.0,52952,53542,Hauptmann,hauptmann,Herr,NN,herr,12864,herr,(18)
gdc,kscv.0,52952,53542,Hauptmann,hauptmann,Doctor,NE,doctor,12864,doctor,(23)
gdc,kscv.0,52952,53542,Hauptmann,hauptmann,",","$,",--,12864,,
gdc,kscv.0,52952,53542,Hauptmann,hauptmann,ich,PPER,ich,12864,hauptmann,(24)
gdc,kscv.0,52952,53542,Hauptmann,hauptmann,bin,VAFIN,sein,12864,,
gdc,kscv.0,52952,53542,Hauptmann,hauptmann,so,ADV,so,12864,,
gdc,kscv.0,52952,53542,Hauptmann,hauptmann,schwermüthig,ADJD,schwermüthig,12864,,
gdc,kscv.0,52952,53542,Hauptmann,hauptmann,",","$,",--,12864,,
gdc,kscv.0,52952,53542,Hauptmann,hauptmann,ich,PPER,ich,12864,hauptmann,(24)
gdc,kscv.0,52952,53542,Hauptmann,hauptmann,habe,VAFIN,haben,12864,,
gdc,kscv.0,52952,53542,Hauptmann,hauptmann,so,ADV,so,12864,,
gdc,kscv.0,52952,53542,Hauptmann,hauptmann,was,PIAT,was,12864,,
gdc,kscv.0,52952,53542,Hauptmann,hauptmann,Schwärmerisches,NN,schwärmerisch,12864,,
gdc,kscv.0,52952,53542,Hauptmann,hauptmann,",","$,",--,12864,,
gdc,kscv.0,52952,53542,Hauptmann,hauptmann,ich,PPER,ich,12864,hauptmann,(24)
gdc,kscv.0,52952,53542,Hauptmann,hauptmann,muß,VMFIN,müssen,12864,,
gdc,kscv.0,52952,53542,Hauptmann,hauptmann,immer,ADV,immer,12864,,
gdc,kscv.0,52952,53542,Hauptmann,hauptmann,weinen,VVINF,weinen,12864,,
gdc,kscv.0,52952,53542,Hauptmann,hauptmann,",","$,",--,12864,,
gdc,kscv.0,52952,53542,Hauptmann,hauptmann,wenn,KOUS,wenn,12864,,
gdc,kscv.0,52952,53542,Hauptmann,hauptmann,ich,PPER,ich,12864,hauptmann,(24)
gdc,kscv.0,52952,53542,Hauptmann,hauptmann,meinen,VVFIN,mein,12864,,
gdc,kscv.0,52952,53542,Hauptmann,hauptmann,Rock,NE,Rock,12864,,
gdc,kscv.0,52952,53542,Hauptmann,hauptmann,an,APPR,an,12864,,
gdc,kscv.0,52952,53542,Hauptmann,hauptmann,der,ART,der,12864,,
gdc,kscv.0,52952,53542,Hauptmann,hauptmann,Wand,NN,wand,12864,,
gdc,kscv.0,52952,53542,Hauptmann,hauptmann,hängen,VVINF,hängen,12864,,
gdc,kscv.0,52952,53542,Hauptmann,hauptmann,sehe,VVFIN,sehen,12864,,
gdc,kscv.0,52952,53542,Hauptmann,hauptmann,",","$,",--,12864,,
gdc,kscv.0,52952,53542,Hauptmann,hauptmann,da,ADV,da,12864,,
gdc,kscv.0,52952,53542,Hauptmann,hauptmann,hängt,VVFIN,hängen,12864,,
gdc,kscv.0,52952,53542,Hauptmann,hauptmann,er,PPER,er,12864,,
gdc,kscv.0,52952,53542,Hauptmann,hauptmann,.,$.,--,12864,,
gdc,kscv.0,53547,54128,Doctor,doctor,Hm,XY,hm,12864,,
gdc,kscv.0,53547,54128,Doctor,doctor,"!",$.,--,12864,,
gdc,kscv.0,53547,54128,Doctor,doctor,aufgedunsen,VVPP,aufgedunsen,12864,,
gdc,kscv.0,53547,54128,Doctor,doctor,",","$,",--,12864,,
gdc,kscv.0,53547,54128,Doctor,doctor,fett,VVFIN,fett,12864,,
gdc,kscv.0,53547,54128,Doctor,doctor,",","$,",--,12864,,
gdc,kscv.0,53547,54128,Doctor,doctor,dicker,ADJA,dick,12864,,
gdc,kscv.0,53547,54128,Doctor,doctor,Hals,NN,hals,12864,,
gdc,kscv.0,53547,54128,Doctor,doctor,",","$,",--,12864,,
gdc,kscv.0,53547,54128,Doctor,doctor,apoplectische,ADJA,apoplectisch,12864,,
gdc,kscv.0,53547,54128,Doctor,doctor,Constitution,NN,constitution,12864,,
gdc,kscv.0,53547,54128,Doctor,doctor,.,$.,--,12864,,
gdc,kscv.0,53547,54128,Doctor,doctor,Ja,PTKANT,ja,12864,,
gdc,kscv.0,53547,54128,Doctor,doctor,Herr,NN,herr,12864,herr,(18)
gdc,kscv.0,53547,54128,Doctor,doctor,Hauptmann,NN,hauptmann,12864,hauptmann,(24)
gdc,kscv.0,53547,54128,Doctor,doctor,Sie,PPER,sie,12864,,
gdc,kscv.0,53547,54128,Doctor,doctor,können,VMFIN,können,12864,,
gdc,kscv.0,53547,54128,Doctor,doctor,eine,ART,ein,12864,,
gdc,kscv.0,53547,54128,Doctor,doctor,apoplexia,FM,apoplexia,12864,,
gdc,kscv.0,53547,54128,Doctor,doctor,cerebralis,FM,cerebralis,12864,,
gdc,kscv.0,53547,54128,Doctor,doctor,kriegen,VVFIN,kriegen,12864,,
gdc,kscv.0,53547,54128,Doctor,doctor,",","$,",--,12864,,
gdc,kscv.0,53547,54128,Doctor,doctor,Sie,PPER,sie,12864,,
gdc,kscv.0,53547,54128,Doctor,doctor,können,VMFIN,können,12864,,
gdc,kscv.0,53547,54128,Doctor,doctor,sie,PPER,sie,12864,,
gdc,kscv.0,53547,54128,Doctor,doctor,aber,ADV,aber,12864,,
gdc,kscv.0,53547,54128,Doctor,doctor,vielleicht,ADV,vielleicht,12864,,
gdc,kscv.0,53547,54128,Doctor,doctor,auch,ADV,auch,12864,,
gdc,kscv.0,53547,54128,Doctor,doctor,nur,ADV,nur,12864,,
gdc,kscv.0,53547,54128,Doctor,doctor,auf,APPR,auf,12864,,
gdc,kscv.0,53547,54128,Doctor,doctor,der,ART,der,12864,,
gdc,kscv.0,53547,54128,Doctor,doctor,einen,ADJA,ein,12864,,
gdc,kscv.0,53547,54128,Doctor,doctor,Seite,NN,seite,12864,,
gdc,kscv.0,53547,54128,Doctor,doctor,bekommen,VVFIN,bekommen,12864,,
gdc,kscv.0,53547,54128,Doctor,doctor,",","$,",--,12864,,
gdc,kscv.0,53547,54128,Doctor,doctor,und,KON,und,12864,,
gdc,kscv.0,53547,54128,Doctor,doctor,dann,ADV,dann,12864,,
gdc,kscv.0,53547,54128,Doctor,doctor,auf,APPR,auf,12864,,
gdc,kscv.0,53547,54128,Doctor,doctor,der,ART,der,12864,,
gdc,kscv.0,53547,54128,Doctor,doctor,einen,PIS,ein,12864,,
gdc,kscv.0,53547,54128,Doctor,doctor,gelähmt,ADJD,gelähmt,12864,,
gdc,kscv.0,53547,54128,Doctor,doctor,seyn,ADJD,seyn,12864,,
gdc,kscv.0,53547,54128,Doctor,doctor,",","$,",--,12864,,
gdc,kscv.0,53547,54128,Doctor,doctor,oder,KON,oder,12864,,
gdc,kscv.0,53547,54128,Doctor,doctor,aber,ADV,aber,12864,,
gdc,kscv.0,53547,54128,Doctor,doctor,Sie,PPER,sie,12864,,
gdc,kscv.0,53547,54128,Doctor,doctor,können,VMFIN,können,12864,,
gdc,kscv.0,53547,54128,Doctor,doctor,im,APPRART,in,12864,,
gdc,kscv.0,53547,54128,Doctor,doctor,besten,ADJA,gut,12864,,
gdc,kscv.0,53547,54128,Doctor,doctor,Fall,NN,fall,12864,,
gdc,kscv.0,53547,54128,Doctor,doctor,geistig,ADJD,geistig,12864,,
gdc,kscv.0,53547,54128,Doctor,doctor,gelähmt,VVPP,lähmen,12864,,
gdc,kscv.0,53547,54128,Doctor,doctor,werden,VAINF,werden,12864,,
gdc,kscv.0,53547,54128,Doctor,doctor,und,KON,und,12864,,
gdc,kscv.0,53547,54128,Doctor,doctor,nur,ADV,nur,12864,,
gdc,kscv.0,53547,54128,Doctor,doctor,fort,NN,fort,12864,,
gdc,kscv.0,53547,54128,Doctor,doctor,vegetiren,VVINF,vegetiren,12864,,
gdc,kscv.0,53547,54128,Doctor,doctor,",","$,",--,12864,,
gdc,kscv.0,53547,54128,Doctor,doctor,das,PDS,der,12864,,
gdc,kscv.0,53547,54128,Doctor,doctor,sind,VAFIN,sein,12864,,
gdc,kscv.0,53547,54128,Doctor,doctor,so,ADV,so,12864,,
gdc,kscv.0,53547,54128,Doctor,doctor,ohngefähr,ADJD,ohngefähr,12864,,
gdc,kscv.0,53547,54128,Doctor,doctor,Ihre,PPOSAT,ihr,12864,,
gdc,kscv.0,53547,54128,Doctor,doctor,Aussichten,NN,aussicht,12864,,
gdc,kscv.0,53547,54128,Doctor,doctor,auf,APPR,auf,12864,,
gdc,kscv.0,53547,54128,Doctor,doctor,die,ART,der,12864,,
gdc,kscv.0,53547,54128,Doctor,doctor,nächsten,ADJA,nächster,12864,,
gdc,kscv.0,53547,54128,Doctor,doctor,4,CARD,4,12864,,
gdc,kscv.0,53547,54128,Doctor,doctor,Wochen,NN,woche,12864,,
gdc,kscv.0,53547,54128,Doctor,doctor,.,$.,--,12864,,
gdc,kscv.0,53547,54128,Doctor,doctor,Übrigens,ADV,übrigens,12864,,
gdc,kscv.0,53547,54128,Doctor,doctor,kann,VMFIN,können,12864,,
gdc,kscv.0,53547,54128,Doctor,doctor,ich,PPER,ich,12864,doctor,(23)
gdc,kscv.0,53547,54128,Doctor,doctor,Sie,PPER,sie,12864,,
gdc,kscv.0,53547,54128,Doctor,doctor,versichern,VVINF,versichern,12864,,
gdc,kscv.0,53547,54128,Doctor,doctor,",","$,",--,12864,,
gdc,kscv.0,53547,54128,Doctor,doctor,daß,KOUS,daß,12864,,
gdc,kscv.0,53547,54128,Doctor,doctor,Sie,PPER,sie,12864,,
gdc,kscv.0,53547,54128,Doctor,doctor,einen,ART,ein,12864,,
gdc,kscv.0,53547,54128,Doctor,doctor,von,APPR,von,12864,,
gdc,kscv.0,53547,54128,Doctor,doctor,den,ART,der,12864,,
gdc,kscv.0,53547,54128,Doctor,doctor,interessanten,ADJA,interessant,12864,,
gdc,kscv.0,53547,54128,Doctor,doctor,Fällen,NN,fall,12864,,
gdc,kscv.0,53547,54128,Doctor,doctor,abgeben,VVINF,abgeben,12864,,
gdc,kscv.0,53547,54128,Doctor,doctor,und,KON,und,12864,,
gdc,kscv.0,53547,54128,Doctor,doctor,wenn,KOUS,wenn,12864,,
gdc,kscv.0,53547,54128,Doctor,doctor,Gott,NN,gott,12864,,
gdc,kscv.0,53547,54128,Doctor,doctor,will,VMFIN,wollen,12864,,
gdc,kscv.0,53547,54128,Doctor,doctor,",","$,",--,12864,,
gdc,kscv.0,53547,54128,Doctor,doctor,daß,KOUS,daß,12864,,
gdc,kscv.0,53547,54128,Doctor,doctor,Ihre,PPOSAT,ihr,12864,,
gdc,kscv.0,53547,54128,Doctor,doctor,Zunge,NN,zunge,12864,,
gdc,kscv.0,53547,54128,Doctor,doctor,zum,APPRART,zu,12864,,
gdc,kscv.0,53547,54128,Doctor,doctor,Theil,NN,theil,12864,,
gdc,kscv.0,53547,54128,Doctor,doctor,gelähmt,VVPP,lähmen,12864,,
gdc,kscv.0,53547,54128,Doctor,doctor,wird,VAFIN,werden,12864,,
gdc,kscv.0,53547,54128,Doctor,doctor,",","$,",--,12864,,
gdc,kscv.0,53547,54128,Doctor,doctor,so,ADV,so,12864,,
gdc,kscv.0,53547,54128,Doctor,doctor,machen,VVFIN,machen,12864,,
gdc,kscv.0,53547,54128,Doctor,doctor,wir,PPER,wir,12864,,
gdc,kscv.0,53547,54128,Doctor,doctor,die,ART,der,12864,,
gdc,kscv.0,53547,54128,Doctor,doctor,unsterblichsten,ADJA,unsterblich,12864,,
gdc,kscv.0,53547,54128,Doctor,doctor,Experimente,NN,experiment,12864,,
gdc,kscv.0,53547,54128,Doctor,doctor,.,$.,--,12864,,
gdc,kscv.0,54133,54394,Hauptmann,hauptmann,Herr,NN,herr,12864,herr,(18)
gdc,kscv.0,54133,54394,Hauptmann,hauptmann,Doctor,NE,doctor,12864,doctor,(23)
gdc,kscv.0,54133,54394,Hauptmann,hauptmann,erschrecken,VVFIN,erschrecken,12864,,
gdc,kscv.0,54133,54394,Hauptmann,hauptmann,Sie,PPER,sie,12864,,
gdc,kscv.0,54133,54394,Hauptmann,hauptmann,mich,PPER,mich,12864,hauptmann,(24)
gdc,kscv.0,54133,54394,Hauptmann,hauptmann,nicht,PTKNEG,nicht,12864,,
gdc,kscv.0,54133,54394,Hauptmann,hauptmann,",","$,",--,12864,,
gdc,kscv.0,54133,54394,Hauptmann,hauptmann,es,PPER,es,12864,,
gdc,kscv.0,54133,54394,Hauptmann,hauptmann,sind,VAFIN,sein,12864,,
gdc,kscv.0,54133,54394,Hauptmann,hauptmann,schon,ADV,schon,12864,,
gdc,kscv.0,54133,54394,Hauptmann,hauptmann,Leute,NN,leute,12864,,
gdc,kscv.0,54133,54394,Hauptmann,hauptmann,am,APPRART,an,12864,,
gdc,kscv.0,54133,54394,Hauptmann,hauptmann,Schreck,NN,schreck,12864,,
gdc,kscv.0,54133,54394,Hauptmann,hauptmann,gestorben,VVPP,sterben,12864,,
gdc,kscv.0,54133,54394,Hauptmann,hauptmann,",","$,",--,12864,,
gdc,kscv.0,54133,54394,Hauptmann,hauptmann,am,APPRART,an,12864,,
gdc,kscv.0,54133,54394,Hauptmann,hauptmann,bloßen,ADJA,bloß,12864,,
gdc,kscv.0,54133,54394,Hauptmann,hauptmann,hellen,ADJA,hell,12864,,
gdc,kscv.0,54133,54394,Hauptmann,hauptmann,Schreck,NN,schreck,12864,,
gdc,kscv.0,54133,54394,Hauptmann,hauptmann,.,$.,--,12864,,
gdc,kscv.0,54133,54394,Hauptmann,hauptmann,–,XY,–,12864,,
gdc,kscv.0,54133,54394,Hauptmann,hauptmann,Ich,PPER,ich,12864,hauptmann,(24)
gdc,kscv.0,54133,54394,Hauptmann,hauptmann,seh,VVFIN,seh,12864,,
gdc,kscv.0,54133,54394,Hauptmann,hauptmann,schon,ADV,schon,12864,,
gdc,kscv.0,54133,54394,Hauptmann,hauptmann,die,ART,der,12864,,
gdc,kscv.0,54133,54394,Hauptmann,hauptmann,Leute,NN,leute,12864,,
gdc,kscv.0,54133,54394,Hauptmann,hauptmann,mit,APPR,mit,12864,,
gdc,kscv.0,54133,54394,Hauptmann,hauptmann,den,ART,der,12864,,
gdc,kscv.0,54133,54394,Hauptmann,hauptmann,Citronen,NN,citron,12864,,
gdc,kscv.0,54133,54394,Hauptmann,hauptmann,in,APPR,in,12864,,
gdc,kscv.0,54133,54394,Hauptmann,hauptmann,den,ART,der,12864,,
gdc,kscv.0,54133,54394,Hauptmann,hauptmann,Händen,NN,hand,12864,,
gdc,kscv.0,54133,54394,Hauptmann,hauptmann,",","$,",--,12864,,
gdc,kscv.0,54133,54394,Hauptmann,hauptmann,aber,KON,aber,12864,,
gdc,kscv.0,54133,54394,Hauptmann,hauptmann,sie,PPER,sie,12864,,
gdc,kscv.0,54133,54394,Hauptmann,hauptmann,werden,VAFIN,werden,12864,,
gdc,kscv.0,54133,54394,Hauptmann,hauptmann,sagen,VVINF,sagen,12864,,
gdc,kscv.0,54133,54394,Hauptmann,hauptmann,",","$,",--,12864,,
gdc,kscv.0,54133,54394,Hauptmann,hauptmann,er,PPER,er,12864,,
gdc,kscv.0,54133,54394,Hauptmann,hauptmann,war,VAFIN,sein,12864,,
gdc,kscv.0,54133,54394,Hauptmann,hauptmann,ein,ART,ein,12864,,
gdc,kscv.0,54133,54394,Hauptmann,hauptmann,guter,ADJA,gut,12864,,
gdc,kscv.0,54133,54394,Hauptmann,hauptmann,Mensch,NN,mensch,12864,,
gdc,kscv.0,54133,54394,Hauptmann,hauptmann,",","$,",--,12864,,
gdc,kscv.0,54133,54394,Hauptmann,hauptmann,ein,ART,ein,12864,,
gdc,kscv.0,54133,54394,Hauptmann,hauptmann,guter,ADJA,gut,12864,,
gdc,kscv.0,54133,54394,Hauptmann,hauptmann,Mensch,NN,mensch,12864,,
gdc,kscv.0,54133,54394,Hauptmann,hauptmann,–,CARD,–,12864,,
gdc,kscv.0,54133,54394,Hauptmann,hauptmann,Teufel,NN,teufel,12864,,
gdc,kscv.0,54133,54394,Hauptmann,hauptmann,Sargnagel,NE,sargnagel,12864,,
gdc,kscv.0,54133,54394,Hauptmann,hauptmann,.,$.,--,12864,,
gdc,kscv.0,54399,54473,Doctor,doctor,Was,PWS,was,12864,,
gdc,kscv.0,54399,54473,Doctor,doctor,ist,VAFIN,sein,12864,,
gdc,kscv.0,54399,54473,Doctor,doctor,das,ART,der,12864,,
gdc,kscv.0,54399,54473,Doctor,doctor,Herr,NN,herr,12864,herr,(18)
gdc,kscv.0,54399,54473,Doctor,doctor,Hauptmann,NN,hauptmann,12864,hauptmann,(24)
gdc,kscv.0,54399,54473,Doctor,doctor,?,$.,--,12864,,
gdc,kscv.0,54399,54473,Doctor,doctor,Das,PDS,der,12864,,
gdc,kscv.0,54399,54473,Doctor,doctor,ist,VAFIN,sein,12864,,
gdc,kscv.0,54399,54473,Doctor,doctor,Hohlkopf,NE,hohlkopf,12864,,
gdc,kscv.0,54399,54473,Doctor,doctor,"!",$.,--,12864,,
gdc,kscv.0,54478,54547,Hauptmann,hauptmann,Was,PWS,was,12864,,
gdc,kscv.0,54478,54547,Hauptmann,hauptmann,ist,VAFIN,sein,12864,,
gdc,kscv.0,54478,54547,Hauptmann,hauptmann,das,ART,der,12864,,
gdc,kscv.0,54478,54547,Hauptmann,hauptmann,Herr,NN,herr,12864,herr,(18)
gdc,kscv.0,54478,54547,Hauptmann,hauptmann,Doctor,NE,doctor,12864,doctor,(23)
gdc,kscv.0,54478,54547,Hauptmann,hauptmann,?,$.,--,12864,,
gdc,kscv.0,54478,54547,Hauptmann,hauptmann,Das,PDS,der,12864,,
gdc,kscv.0,54478,54547,Hauptmann,hauptmann,ist,VAFIN,sein,12864,,
gdc,kscv.0,54478,54547,Hauptmann,hauptmann,Einfalt,NN,einfalt,12864,,
gdc,kscv.0,54478,54547,Hauptmann,hauptmann,.,$.,--,12864,,
gdc,kscv.0,54552,54609,Doctor,doctor,Ich,PPER,ich,12864,doctor,(23)
gdc,kscv.0,54552,54609,Doctor,doctor,empfehle,VVFIN,empfehlen,12864,,
gdc,kscv.0,54552,54609,Doctor,doctor,mich,PRF,mich,12864,doctor,(23)
gdc,kscv.0,54552,54609,Doctor,doctor,",","$,",--,12864,,
gdc,kscv.0,54552,54609,Doctor,doctor,geehrtester,ADJA,geehrtest,12864,,
gdc,kscv.0,54552,54609,Doctor,doctor,Herr,NN,herr,12864,herr,(18)
gdc,kscv.0,54552,54609,Doctor,doctor,Exercirzagel,NE,exercirzagel,12864,,
gdc,kscv.0,54552,54609,Doctor,doctor,.,$.,--,12864,,
gdc,kscv.0,54614,54660,Hauptmann,hauptmann,Gleichfalls,ADV,gleichfall,12864,,
gdc,kscv.0,54614,54660,Hauptmann,hauptmann,",","$,",--,12864,,
gdc,kscv.0,54614,54660,Hauptmann,hauptmann,bester,ADJA,gut,12864,,
gdc,kscv.0,54614,54660,Hauptmann,hauptmann,Herr,NN,herr,12864,herr,(18)
gdc,kscv.0,54614,54660,Hauptmann,hauptmann,Sargnagel,NE,sargnagel,12864,,
gdc,kscv.0,54614,54660,Hauptmann,hauptmann,.,$.,--,12864,,
gdc,kscv.0,54717,54829,Andres,andres,Frau,NN,frau,12864,,
gdc,kscv.0,54717,54829,Andres,andres,Wirthin,NE,wirthin,12864,,
gdc,kscv.0,54717,54829,Andres,andres,hat,VAFIN,haben,12864,,
gdc,kscv.0,54717,54829,Andres,andres,n,XY,--,12864,,
gdc,kscv.0,54717,54829,Andres,andres,',$(,--,12864,,
gdc,kscv.0,54717,54829,Andres,andres,e,ADJA,E,12864,,
gdc,kscv.0,54717,54829,Andres,andres,brave,ADJA,brave,12864,,
gdc,kscv.0,54717,54829,Andres,andres,Magd,NN,magd,12864,,
gdc,kscv.0,54717,54829,Andres,andres,",","$,",--,12864,,
gdc,kscv.0,54717,54829,Andres,andres,Sie,PPER,sie,12864,,
gdc,kscv.0,54717,54829,Andres,andres,sizt,VVFIN,sizen,12864,,
gdc,kscv.0,54717,54829,Andres,andres,im,APPRART,in,12864,,
gdc,kscv.0,54717,54829,Andres,andres,Garten,NN,garten,12864,,
gdc,kscv.0,54717,54829,Andres,andres,Tag,NN,tag,12864,,
gdc,kscv.0,54717,54829,Andres,andres,und,KON,und,12864,,
gdc,kscv.0,54717,54829,Andres,andres,Nacht,NN,nacht,12864,,
gdc,kscv.0,54717,54829,Andres,andres,",","$,",--,12864,,
gdc,kscv.0,54717,54829,Andres,andres,Sie,PPER,sie,12864,,
gdc,kscv.0,54717,54829,Andres,andres,sizt,VVFIN,sizen,12864,,
gdc,kscv.0,54717,54829,Andres,andres,in,APPR,in,12864,,
gdc,kscv.0,54717,54829,Andres,andres,ihrem,PPOSAT,ihr,12864,,
gdc,kscv.0,54717,54829,Andres,andres,Garten,NN,garten,12864,,
gdc,kscv.0,54717,54829,Andres,andres,.,$.,--,12864,,
gdc,kscv.0,54717,54829,Andres,andres,.,$.,--,12864,,
gdc,kscv.0,54717,54829,Andres,andres,.,$.,--,12864,,
gdc,kscv.0,54835,54851,Woyzeck,woyzeck,Andres,NE,andres,12864,andres,(4)
gdc,kscv.0,54835,54851,Woyzeck,woyzeck,"!",$.,--,12864,,
gdc,kscv.0,54857,54868,Andres,andres,Nu,XY,nu,12864,,
gdc,kscv.0,54857,54868,Andres,andres,?,$.,--,12864,,
gdc,kscv.0,54873,54895,Woyzeck,woyzeck,Schön,NE,schön,12864,,
gdc,kscv.0,54873,54895,Woyzeck,woyzeck,Wetter,NE,wetter,12864,,
gdc,kscv.0,54873,54895,Woyzeck,woyzeck,.,$.,--,12864,,
gdc,kscv.0,54900,55013,Andres,andres,Sonntagsonnwetter,NN,sonntagsonnwetter,12864,,
gdc,kscv.0,54900,55013,Andres,andres,.,$.,--,12864,,
gdc,kscv.0,54900,55013,Andres,andres,Musik,NN,musik,12864,,
gdc,kscv.0,54900,55013,Andres,andres,vor,APPR,vor,12864,,
gdc,kscv.0,54900,55013,Andres,andres,der,ART,der,12864,,
gdc,kscv.0,54900,55013,Andres,andres,Stadt,NN,stadt,12864,,
gdc,kscv.0,54900,55013,Andres,andres,.,$.,--,12864,,
gdc,kscv.0,54900,55013,Andres,andres,Vorhin,ADV,vorhin,12864,,
gdc,kscv.0,54900,55013,Andres,andres,sind,VAFIN,sein,12864,,
gdc,kscv.0,54900,55013,Andres,andres,die,ART,der,12864,,
gdc,kscv.0,54900,55013,Andres,andres,Weibsbilder,NN,weibsbild,12864,,
gdc,kscv.0,54900,55013,Andres,andres,hinaus,APZR,hinaus,12864,,
gdc,kscv.0,54900,55013,Andres,andres,",","$,",--,12864,,
gdc,kscv.0,54900,55013,Andres,andres,die,ART,der,12864,,
gdc,kscv.0,54900,55013,Andres,andres,Mensche,NN,mensch,12864,,
gdc,kscv.0,54900,55013,Andres,andres,dampfe,VVFIN,dampfen,12864,,
gdc,kscv.0,54900,55013,Andres,andres,",","$,",--,12864,,
gdc,kscv.0,54900,55013,Andres,andres,das,PDS,der,12864,,
gdc,kscv.0,54900,55013,Andres,andres,geht,VVFIN,gehen,12864,,
gdc,kscv.0,54900,55013,Andres,andres,.,$.,--,12864,,
gdc,kscv.0,55018,55059,Woyzeck,woyzeck,Tanz,NN,tanz,12864,,
gdc,kscv.0,55018,55059,Woyzeck,woyzeck,",","$,",--,12864,,
gdc,kscv.0,55018,55059,Woyzeck,woyzeck,Andres,NE,andres,12864,andres,(4)
gdc,kscv.0,55018,55059,Woyzeck,woyzeck,",","$,",--,12864,,
gdc,kscv.0,55018,55059,Woyzeck,woyzeck,sie,PPER,sie,12864,,
gdc,kscv.0,55018,55059,Woyzeck,woyzeck,tanze,VVFIN,tanzen,12864,,
gdc,kscv.0,55018,55059,Woyzeck,woyzeck,.,$.,--,12864,,
gdc,kscv.0,55064,55097,Andres,andres,Im,APPRART,in,12864,,
gdc,kscv.0,55064,55097,Andres,andres,Rössel,NE,rössel,12864,,
gdc,kscv.0,55064,55097,Andres,andres,und,KON,und,12864,,
gdc,kscv.0,55064,55097,Andres,andres,im,APPRART,in,12864,,
gdc,kscv.0,55064,55097,Andres,andres,Sternen,NN,stern,12864,,
gdc,kscv.0,55064,55097,Andres,andres,.,$.,--,12864,,
gdc,kscv.0,55102,55122,Woyzeck,woyzeck,Tanz,NN,tanz,12864,,
gdc,kscv.0,55102,55122,Woyzeck,woyzeck,",","$,",--,12864,,
gdc,kscv.0,55102,55122,Woyzeck,woyzeck,Tanz,NN,tanz,12864,,
gdc,kscv.0,55102,55122,Woyzeck,woyzeck,.,$.,--,12864,,
gdc,kscv.0,55127,55243,Andres,andres,Meintwege,NN,meintweg,12864,,
gdc,kscv.0,55127,55243,Andres,andres,.,$.,--,12864,,
gdc,kscv.0,55127,55243,Andres,andres,Sie,PPER,sie,12864,,
gdc,kscv.0,55127,55243,Andres,andres,sitzt,VVFIN,sitzen,12864,,
gdc,kscv.0,55127,55243,Andres,andres,in,APPR,in,12864,,
gdc,kscv.0,55127,55243,Andres,andres,ihrem,PPOSAT,ihr,12864,,
gdc,kscv.0,55127,55243,Andres,andres,Garten,NN,garten,12864,,
gdc,kscv.0,55127,55243,Andres,andres,",","$,",--,12864,,
gdc,kscv.0,55127,55243,Andres,andres,Bis,APPR,bis,12864,,
gdc,kscv.0,55127,55243,Andres,andres,daß,KOUS,daß,12864,,
gdc,kscv.0,55127,55243,Andres,andres,das,ART,der,12864,,
gdc,kscv.0,55127,55243,Andres,andres,Glöcklein,NN,glöcklein,12864,,
gdc,kscv.0,55127,55243,Andres,andres,zwölfe,NN,zwölfe,12864,,
gdc,kscv.0,55127,55243,Andres,andres,schlägt,VVFIN,schlagen,12864,,
gdc,kscv.0,55127,55243,Andres,andres,",","$,",--,12864,,
gdc,kscv.0,55127,55243,Andres,andres,Und,KON,und,12864,,
gdc,kscv.0,55127,55243,Andres,andres,paßt,VVFIN,passen,12864,,
gdc,kscv.0,55127,55243,Andres,andres,auf,APPR,auf,12864,,
gdc,kscv.0,55127,55243,Andres,andres,die,ART,der,12864,,
gdc,kscv.0,55127,55243,Andres,andres,Solda-aten,NN,solda-at,12864,,
gdc,kscv.0,55127,55243,Andres,andres,.,$.,--,12864,,
gdc,kscv.0,55249,55282,Woyzeck,woyzeck,Andres,NE,andres,12864,andres,(4)
gdc,kscv.0,55249,55282,Woyzeck,woyzeck,",","$,",--,12864,,
gdc,kscv.0,55249,55282,Woyzeck,woyzeck,ich,PPER,ich,12864,woyzeck,(1)
gdc,kscv.0,55249,55282,Woyzeck,woyzeck,hab,VAFIN,hab,12864,,
gdc,kscv.0,55249,55282,Woyzeck,woyzeck,kei,PIAT,kei,12864,,
gdc,kscv.0,55249,55282,Woyzeck,woyzeck,Ruh,NN,ruh,12864,,
gdc,kscv.0,55249,55282,Woyzeck,woyzeck,.,$.,--,12864,,
gdc,kscv.0,55287,55300,Andres,andres,Narr,NE,narr,12864,,
gdc,kscv.0,55287,55300,Andres,andres,"!",$.,--,12864,,
gdc,kscv.0,55305,55416,Woyzeck,woyzeck,Ich,PPER,ich,12864,woyzeck,(1)
gdc,kscv.0,55305,55416,Woyzeck,woyzeck,muß,VMFIN,müssen,12864,,
gdc,kscv.0,55305,55416,Woyzeck,woyzeck,hinaus,APZR,hinaus,12864,,
gdc,kscv.0,55305,55416,Woyzeck,woyzeck,.,$.,--,12864,,
gdc,kscv.0,55305,55416,Woyzeck,woyzeck,Es,PPER,es,12864,,
gdc,kscv.0,55305,55416,Woyzeck,woyzeck,dreht,VVFIN,drehen,12864,,
gdc,kscv.0,55305,55416,Woyzeck,woyzeck,sich,PRF,sich,12864,,
gdc,kscv.0,55305,55416,Woyzeck,woyzeck,mir,PPER,sich,12864,woyzeck,(1)
gdc,kscv.0,55305,55416,Woyzeck,woyzeck,vor,APPR,vor,12864,,
gdc,kscv.0,55305,55416,Woyzeck,woyzeck,den,ART,der,12864,,
gdc,kscv.0,55305,55416,Woyzeck,woyzeck,Augen,NN,auge,12864,,
gdc,kscv.0,55305,55416,Woyzeck,woyzeck,.,$.,--,12864,,
gdc,kscv.0,55305,55416,Woyzeck,woyzeck,Tanz,NN,tanz,12864,,
gdc,kscv.0,55305,55416,Woyzeck,woyzeck,.,$.,--,12864,,
gdc,kscv.0,55305,55416,Woyzeck,woyzeck,Tanz,NN,tanz,12864,,
gdc,kscv.0,55305,55416,Woyzeck,woyzeck,.,$.,--,12864,,
gdc,kscv.0,55305,55416,Woyzeck,woyzeck,Was,PWS,was,12864,,
gdc,kscv.0,55305,55416,Woyzeck,woyzeck,sie,PPER,sie,12864,,
gdc,kscv.0,55305,55416,Woyzeck,woyzeck,heiße,VVFIN,heißen,12864,,
gdc,kscv.0,55305,55416,Woyzeck,woyzeck,Händ,NN,händ,12864,,
gdc,kscv.0,55305,55416,Woyzeck,woyzeck,habe,VAFIN,haben,12864,,
gdc,kscv.0,55305,55416,Woyzeck,woyzeck,.,$.,--,12864,,
gdc,kscv.0,55305,55416,Woyzeck,woyzeck,Verdammt,VVFIN,verdammen,12864,,
gdc,kscv.0,55305,55416,Woyzeck,woyzeck,Andres,NE,andres,12864,andres,(4)
gdc,kscv.0,55305,55416,Woyzeck,woyzeck,"!",$.,--,12864,,
gdc,kscv.0,55421,55443,Andres,andres,Was,PWS,was,12864,,
gdc,kscv.0,55421,55443,Andres,andres,willst,VMFIN,wollen,12864,,
gdc,kscv.0,55421,55443,Andres,andres,du,PPER,du,12864,,
gdc,kscv.0,55421,55443,Andres,andres,?,$.,--,12864,,
gdc,kscv.0,55448,55470,Woyzeck,woyzeck,Ich,PPER,ich,12864,woyzeck,(1)
gdc,kscv.0,55448,55470,Woyzeck,woyzeck,muß,VMFIN,müssen,12864,,
gdc,kscv.0,55448,55470,Woyzeck,woyzeck,fort,PTKVZ,fort,12864,,
gdc,kscv.0,55448,55470,Woyzeck,woyzeck,.,$.,--,12864,,
gdc,kscv.0,55475,55498,Andres,andres,Mit,APPR,mit,12864,,
gdc,kscv.0,55475,55498,Andres,andres,dem,ART,der,12864,,
gdc,kscv.0,55475,55498,Andres,andres,Mensch,NN,mensch,12864,,
gdc,kscv.0,55475,55498,Andres,andres,.,$.,--,12864,,
gdc,kscv.0,55503,55550,Woyzeck,woyzeck,Ich,PPER,ich,12864,woyzeck,(1)
gdc,kscv.0,55503,55550,Woyzeck,woyzeck,muß,VMFIN,müssen,12864,,
gdc,kscv.0,55503,55550,Woyzeck,woyzeck,hinaus,APZR,hinaus,12864,,
gdc,kscv.0,55503,55550,Woyzeck,woyzeck,",","$,",--,12864,,
gdc,kscv.0,55503,55550,Woyzeck,woyzeck,s,PPER,--,12864,,
gdc,kscv.0,55503,55550,Woyzeck,woyzeck,',$(,--,12864,,
gdc,kscv.0,55503,55550,Woyzeck,woyzeck,ist,VAFIN,sein,12864,,
gdc,kscv.0,55503,55550,Woyzeck,woyzeck,so,ADV,so,12864,,
gdc,kscv.0,55503,55550,Woyzeck,woyzeck,heiß,ADJD,heiß,12864,,
gdc,kscv.0,55503,55550,Woyzeck,woyzeck,da,ADV,da,12864,,
gdc,kscv.0,55503,55550,Woyzeck,woyzeck,hie,ADV,hie,12864,,
gdc,kscv.0,55503,55550,Woyzeck,woyzeck,.,$.,--,12864,,
gdc,kscv.0,55640,55745,Erster Handwerksbursch,erster_handwerksbursch,Ich,PPER,ich,12864,erster_handwerksbursch,(20)
gdc,kscv.0,55640,55745,Erster Handwerksbursch,erster_handwerksbursch,hab,VVFIN,hab,12864,,
gdc,kscv.0,55640,55745,Erster Handwerksbursch,erster_handwerksbursch,ein,ART,ein,12864,,
gdc,kscv.0,55640,55745,Erster Handwerksbursch,erster_handwerksbursch,Hemdlein,NN,hemdlein,12864,,
gdc,kscv.0,55640,55745,Erster Handwerksbursch,erster_handwerksbursch,an,APPR,an,12864,,
gdc,kscv.0,55640,55745,Erster Handwerksbursch,erster_handwerksbursch,das,PDS,der,12864,,
gdc,kscv.0,55640,55745,Erster Handwerksbursch,erster_handwerksbursch,ist,VAFIN,sein,12864,,
gdc,kscv.0,55640,55745,Erster Handwerksbursch,erster_handwerksbursch,nicht,PTKNEG,nicht,12864,,
gdc,kscv.0,55640,55745,Erster Handwerksbursch,erster_handwerksbursch,mein,ADJD,mein,12864,,
gdc,kscv.0,55640,55745,Erster Handwerksbursch,erster_handwerksbursch,",","$,",--,12864,,
gdc,kscv.0,55640,55745,Erster Handwerksbursch,erster_handwerksbursch,Meine,PPOSAT,mein,12864,erster_handwerksbursch,(20)
gdc,kscv.0,55640,55745,Erster Handwerksbursch,erster_handwerksbursch,Seele,NN,seele,12864,,
gdc,kscv.0,55640,55745,Erster Handwerksbursch,erster_handwerksbursch,stinkt,VVFIN,stinken,12864,,
gdc,kscv.0,55640,55745,Erster Handwerksbursch,erster_handwerksbursch,nach,APPR,nach,12864,,
gdc,kscv.0,55640,55745,Erster Handwerksbursch,erster_handwerksbursch,Branndewein,NN,branndewein,12864,,
gdc,kscv.0,55640,55745,Erster Handwerksbursch,erster_handwerksbursch,.,$.,--,12864,,
gdc,kscv.0,55640,55745,Erster Handwerksbursch,erster_handwerksbursch,.,$.,--,12864,,
gdc,kscv.0,55640,55745,Erster Handwerksbursch,erster_handwerksbursch,.,$.,--,12864,,
gdc,kscv.0,55751,55966,Zweiter Handwerksbursch,zweiter_handwerksbursch,Bruder,NN,bruder,12864,,
gdc,kscv.0,55751,55966,Zweiter Handwerksbursch,zweiter_handwerksbursch,",","$,",--,12864,,
gdc,kscv.0,55751,55966,Zweiter Handwerksbursch,zweiter_handwerksbursch,soll,VMFIN,sollen,12864,,
gdc,kscv.0,55751,55966,Zweiter Handwerksbursch,zweiter_handwerksbursch,ich,PPER,ich,12864,zweiter_handwerksbursch,(21)
gdc,kscv.0,55751,55966,Zweiter Handwerksbursch,zweiter_handwerksbursch,dir,PPER,dir,12864,,
gdc,kscv.0,55751,55966,Zweiter Handwerksbursch,zweiter_handwerksbursch,aus,APPR,aus,12864,,
gdc,kscv.0,55751,55966,Zweiter Handwerksbursch,zweiter_handwerksbursch,Freundschaft,NN,freundschaft,12864,,
gdc,kscv.0,55751,55966,Zweiter Handwerksbursch,zweiter_handwerksbursch,ein,ART,ein,12864,,
gdc,kscv.0,55751,55966,Zweiter Handwerksbursch,zweiter_handwerksbursch,Loch,NN,loch,12864,,
gdc,kscv.0,55751,55966,Zweiter Handwerksbursch,zweiter_handwerksbursch,in,APPR,in,12864,,
gdc,kscv.0,55751,55966,Zweiter Handwerksbursch,zweiter_handwerksbursch,die,ART,der,12864,,
gdc,kscv.0,55751,55966,Zweiter Handwerksbursch,zweiter_handwerksbursch,Natur,NN,natur,12864,,
gdc,kscv.0,55751,55966,Zweiter Handwerksbursch,zweiter_handwerksbursch,machen,VVINF,machen,12864,,
gdc,kscv.0,55751,55966,Zweiter Handwerksbursch,zweiter_handwerksbursch,?,$.,--,12864,,
gdc,kscv.0,55751,55966,Zweiter Handwerksbursch,zweiter_handwerksbursch,Vorwärts,ADV,vorwärts,12864,,
gdc,kscv.0,55751,55966,Zweiter Handwerksbursch,zweiter_handwerksbursch,"!",$.,--,12864,,
gdc,kscv.0,55751,55966,Zweiter Handwerksbursch,zweiter_handwerksbursch,Ich,PPER,ich,12864,zweiter_handwerksbursch,(21)
gdc,kscv.0,55751,55966,Zweiter Handwerksbursch,zweiter_handwerksbursch,will,VMFIN,wollen,12864,,
gdc,kscv.0,55751,55966,Zweiter Handwerksbursch,zweiter_handwerksbursch,ein,ART,ein,12864,,
gdc,kscv.0,55751,55966,Zweiter Handwerksbursch,zweiter_handwerksbursch,Loch,NN,loch,12864,,
gdc,kscv.0,55751,55966,Zweiter Handwerksbursch,zweiter_handwerksbursch,in,APPR,in,12864,,
gdc,kscv.0,55751,55966,Zweiter Handwerksbursch,zweiter_handwerksbursch,die,ART,der,12864,,
gdc,kscv.0,55751,55966,Zweiter Handwerksbursch,zweiter_handwerksbursch,Natur,NN,natur,12864,,
gdc,kscv.0,55751,55966,Zweiter Handwerksbursch,zweiter_handwerksbursch,machen,VVINF,machen,12864,,
gdc,kscv.0,55751,55966,Zweiter Handwerksbursch,zweiter_handwerksbursch,.,$.,--,12864,,
gdc,kscv.0,55751,55966,Zweiter Handwerksbursch,zweiter_handwerksbursch,Ich,PPER,ich,12864,zweiter_handwerksbursch,(21)
gdc,kscv.0,55751,55966,Zweiter Handwerksbursch,zweiter_handwerksbursch,bin,VAFIN,sein,12864,,
gdc,kscv.0,55751,55966,Zweiter Handwerksbursch,zweiter_handwerksbursch,auch,ADV,auch,12864,,
gdc,kscv.0,55751,55966,Zweiter Handwerksbursch,zweiter_handwerksbursch,ein,ART,ein,12864,,
gdc,kscv.0,55751,55966,Zweiter Handwerksbursch,zweiter_handwerksbursch,Kerl,NN,kerl,12864,,
gdc,kscv.0,55751,55966,Zweiter Handwerksbursch,zweiter_handwerksbursch,",","$,",--,12864,,
gdc,kscv.0,55751,55966,Zweiter Handwerksbursch,zweiter_handwerksbursch,du,PPER,du,12864,,
gdc,kscv.0,55751,55966,Zweiter Handwerksbursch,zweiter_handwerksbursch,weißt,VVFIN,weißen,12864,,
gdc,kscv.0,55751,55966,Zweiter Handwerksbursch,zweiter_handwerksbursch,",","$,",--,12864,,
gdc,kscv.0,55751,55966,Zweiter Handwerksbursch,zweiter_handwerksbursch,ich,PPER,ich,12864,zweiter_handwerksbursch,(21)
gdc,kscv.0,55751,55966,Zweiter Handwerksbursch,zweiter_handwerksbursch,will,VMFIN,wollen,12864,,
gdc,kscv.0,55751,55966,Zweiter Handwerksbursch,zweiter_handwerksbursch,ihm,PPER,ihm,12864,,
gdc,kscv.0,55751,55966,Zweiter Handwerksbursch,zweiter_handwerksbursch,alle,PIS,aller,12864,,
gdc,kscv.0,55751,55966,Zweiter Handwerksbursch,zweiter_handwerksbursch,Flöh,NN,flöh,12864,,
gdc,kscv.0,55751,55966,Zweiter Handwerksbursch,zweiter_handwerksbursch,am,APPRART,an,12864,,
gdc,kscv.0,55751,55966,Zweiter Handwerksbursch,zweiter_handwerksbursch,Leib,NN,leib,12864,,
gdc,kscv.0,55751,55966,Zweiter Handwerksbursch,zweiter_handwerksbursch,todt,ADJD,todt,12864,,
gdc,kscv.0,55751,55966,Zweiter Handwerksbursch,zweiter_handwerksbursch,schlagen,VVINF,schlagen,12864,,
gdc,kscv.0,55751,55966,Zweiter Handwerksbursch,zweiter_handwerksbursch,.,$.,--,12864,,
gdc,kscv.0,55971,56255,Erster Handwerksbursch,erster_handwerksbursch,Meine,PPOSAT,mein,12864,erster_handwerksbursch,(20)
gdc,kscv.0,55971,56255,Erster Handwerksbursch,erster_handwerksbursch,Seele,NN,seele,12864,,
gdc,kscv.0,55971,56255,Erster Handwerksbursch,erster_handwerksbursch,",","$,",--,12864,,
gdc,kscv.0,55971,56255,Erster Handwerksbursch,erster_handwerksbursch,mei,APPR,mei,12864,,
gdc,kscv.0,55971,56255,Erster Handwerksbursch,erster_handwerksbursch,Seele,NN,seele,12864,,
gdc,kscv.0,55971,56255,Erster Handwerksbursch,erster_handwerksbursch,stinkt,VVFIN,stinken,12864,,
gdc,kscv.0,55971,56255,Erster Handwerksbursch,erster_handwerksbursch,nach,APPR,nach,12864,,
gdc,kscv.0,55971,56255,Erster Handwerksbursch,erster_handwerksbursch,Brandewein,NE,brandewein,12864,,
gdc,kscv.0,55971,56255,Erster Handwerksbursch,erster_handwerksbursch,.,$.,--,12864,,
gdc,kscv.0,55971,56255,Erster Handwerksbursch,erster_handwerksbursch,Selbst,ADV,selbst,12864,,
gdc,kscv.0,55971,56255,Erster Handwerksbursch,erster_handwerksbursch,das,ART,der,12864,,
gdc,kscv.0,55971,56255,Erster Handwerksbursch,erster_handwerksbursch,Geld,NN,geld,12864,,
gdc,kscv.0,55971,56255,Erster Handwerksbursch,erster_handwerksbursch,geht,VVFIN,gehen,12864,,
gdc,kscv.0,55971,56255,Erster Handwerksbursch,erster_handwerksbursch,in,APPR,in,12864,,
gdc,kscv.0,55971,56255,Erster Handwerksbursch,erster_handwerksbursch,Verwesung,NN,verwesung,12864,,
gdc,kscv.0,55971,56255,Erster Handwerksbursch,erster_handwerksbursch,über,PTKVZ,über,12864,,
gdc,kscv.0,55971,56255,Erster Handwerksbursch,erster_handwerksbursch,.,$.,--,12864,,
gdc,kscv.0,55971,56255,Erster Handwerksbursch,erster_handwerksbursch,Vergißmeinich,ADJD,vergißmeinich,12864,,
gdc,kscv.0,55971,56255,Erster Handwerksbursch,erster_handwerksbursch,"!",$.,--,12864,,
gdc,kscv.0,55971,56255,Erster Handwerksbursch,erster_handwerksbursch,Wie,PWAV,wie,12864,,
gdc,kscv.0,55971,56255,Erster Handwerksbursch,erster_handwerksbursch,ist,VAFIN,sein,12864,,
gdc,kscv.0,55971,56255,Erster Handwerksbursch,erster_handwerksbursch,dieße,PDAT,dieß,12864,,
gdc,kscv.0,55971,56255,Erster Handwerksbursch,erster_handwerksbursch,Welt,NN,welt,12864,,
gdc,kscv.0,55971,56255,Erster Handwerksbursch,erster_handwerksbursch,so,ADV,so,12864,,
gdc,kscv.0,55971,56255,Erster Handwerksbursch,erster_handwerksbursch,schön,ADJD,schön,12864,,
gdc,kscv.0,55971,56255,Erster Handwerksbursch,erster_handwerksbursch,.,$.,--,12864,,
gdc,kscv.0,55971,56255,Erster Handwerksbursch,erster_handwerksbursch,Bruder,NN,bruder,12864,,
gdc,kscv.0,55971,56255,Erster Handwerksbursch,erster_handwerksbursch,",","$,",--,12864,,
gdc,kscv.0,55971,56255,Erster Handwerksbursch,erster_handwerksbursch,ich,PPER,ich,12864,erster_handwerksbursch,(20)
gdc,kscv.0,55971,56255,Erster Handwerksbursch,erster_handwerksbursch,muß,VMFIN,müssen,12864,,
gdc,kscv.0,55971,56255,Erster Handwerksbursch,erster_handwerksbursch,ein,ART,ein,12864,,
gdc,kscv.0,55971,56255,Erster Handwerksbursch,erster_handwerksbursch,Regenfaß,NN,regenfaß,12864,,
gdc,kscv.0,55971,56255,Erster Handwerksbursch,erster_handwerksbursch,voll,ADJD,voll,12864,,
gdc,kscv.0,55971,56255,Erster Handwerksbursch,erster_handwerksbursch,greinen,VVINF,grein,12864,,
gdc,kscv.0,55971,56255,Erster Handwerksbursch,erster_handwerksbursch,.,$.,--,12864,,
gdc,kscv.0,55971,56255,Erster Handwerksbursch,erster_handwerksbursch,Ich,PPER,ich,12864,erster_handwerksbursch,(20)
gdc,kscv.0,55971,56255,Erster Handwerksbursch,erster_handwerksbursch,wollt,VMFIN,wollen,12864,,
gdc,kscv.0,55971,56255,Erster Handwerksbursch,erster_handwerksbursch,unse,PPOSAT,unse,12864,,
gdc,kscv.0,55971,56255,Erster Handwerksbursch,erster_handwerksbursch,Nase,NN,nase,12864,,
gdc,kscv.0,55971,56255,Erster Handwerksbursch,erster_handwerksbursch,wärn,ADV,wärn,12864,,
gdc,kscv.0,55971,56255,Erster Handwerksbursch,erster_handwerksbursch,zwei,CARD,zwei,12864,,
gdc,kscv.0,55971,56255,Erster Handwerksbursch,erster_handwerksbursch,Bouteille,NN,bouteille,12864,,
gdc,kscv.0,55971,56255,Erster Handwerksbursch,erster_handwerksbursch,und,KON,und,12864,,
gdc,kscv.0,55971,56255,Erster Handwerksbursch,erster_handwerksbursch,wir,PPER,wir,12864,,
gdc,kscv.0,55971,56255,Erster Handwerksbursch,erster_handwerksbursch,könnte,VMFIN,können,12864,,
gdc,kscv.0,55971,56255,Erster Handwerksbursch,erster_handwerksbursch,sie,PPER,sie,12864,,
gdc,kscv.0,55971,56255,Erster Handwerksbursch,erster_handwerksbursch,uns,PRF,uns,12864,,
gdc,kscv.0,55971,56255,Erster Handwerksbursch,erster_handwerksbursch,einander,PRF,einander,12864,,
gdc,kscv.0,55971,56255,Erster Handwerksbursch,erster_handwerksbursch,in,APPR,in,12864,,
gdc,kscv.0,55971,56255,Erster Handwerksbursch,erster_handwerksbursch,de,NE,de,12864,,
gdc,kscv.0,55971,56255,Erster Handwerksbursch,erster_handwerksbursch,Hals,NE,hals,12864,,
gdc,kscv.0,55971,56255,Erster Handwerksbursch,erster_handwerksbursch,gießen,VVFIN,gießen,12864,,
gdc,kscv.0,55971,56255,Erster Handwerksbursch,erster_handwerksbursch,.,$.,--,12864,,
gdc,kscv.0,56260,56531,Andre im Chor,andre_im_chor,Ein,ART,ein,12864,,
gdc,kscv.0,56260,56531,Andre im Chor,andre_im_chor,Jäger,NN,jäger,12864,,
gdc,kscv.0,56260,56531,Andre im Chor,andre_im_chor,aus,APPR,aus,12864,,
gdc,kscv.0,56260,56531,Andre im Chor,andre_im_chor,der,ART,der,12864,,
gdc,kscv.0,56260,56531,Andre im Chor,andre_im_chor,Pfalz,NE,pfalz,12864,,
gdc,kscv.0,56260,56531,Andre im Chor,andre_im_chor,",","$,",--,12864,,
gdc,kscv.0,56260,56531,Andre im Chor,andre_im_chor,Ritt,NE,ritt,12864,,
gdc,kscv.0,56260,56531,Andre im Chor,andre_im_chor,einst,ADV,einst,12864,,
gdc,kscv.0,56260,56531,Andre im Chor,andre_im_chor,durch,APPR,durch,12864,,
gdc,kscv.0,56260,56531,Andre im Chor,andre_im_chor,ein,ART,ein,12864,,
gdc,kscv.0,56260,56531,Andre im Chor,andre_im_chor,grünen,ADJA,grün,12864,,
gdc,kscv.0,56260,56531,Andre im Chor,andre_im_chor,Wald,NN,wald,12864,,
gdc,kscv.0,56260,56531,Andre im Chor,andre_im_chor,.,$.,--,12864,,
gdc,kscv.0,56260,56531,Andre im Chor,andre_im_chor,Halli,NE,halli,12864,,
gdc,kscv.0,56260,56531,Andre im Chor,andre_im_chor,",","$,",--,12864,,
gdc,kscv.0,56260,56531,Andre im Chor,andre_im_chor,halloh,VVFIN,halloh,12864,,
gdc,kscv.0,56260,56531,Andre im Chor,andre_im_chor,",","$,",--,12864,,
gdc,kscv.0,56260,56531,Andre im Chor,andre_im_chor,gar,ADV,gar,12864,,
gdc,kscv.0,56260,56531,Andre im Chor,andre_im_chor,lustig,ADJD,lustig,12864,,
gdc,kscv.0,56260,56531,Andre im Chor,andre_im_chor,ist,VAFIN,sein,12864,,
gdc,kscv.0,56260,56531,Andre im Chor,andre_im_chor,die,ART,der,12864,,
gdc,kscv.0,56260,56531,Andre im Chor,andre_im_chor,Jägerei,NN,jägerei,12864,,
gdc,kscv.0,56260,56531,Andre im Chor,andre_im_chor,Allhier,NE,allhier,12864,,
gdc,kscv.0,56260,56531,Andre im Chor,andre_im_chor,auf,APPR,auf,12864,,
gdc,kscv.0,56260,56531,Andre im Chor,andre_im_chor,grüner,ADJA,grün,12864,,
gdc,kscv.0,56260,56531,Andre im Chor,andre_im_chor,Heid,NN,heid,12864,,
gdc,kscv.0,56260,56531,Andre im Chor,andre_im_chor,.,$.,--,12864,,
gdc,kscv.0,56260,56531,Andre im Chor,andre_im_chor,Das,ART,der,12864,,
gdc,kscv.0,56260,56531,Andre im Chor,andre_im_chor,Jagen,NN,jagen,12864,,
gdc,kscv.0,56260,56531,Andre im Chor,andre_im_chor,ist,VAFIN,sein,12864,,
gdc,kscv.0,56260,56531,Andre im Chor,andre_im_chor,mei,APPR,mei,12864,,
gdc,kscv.0,56260,56531,Andre im Chor,andre_im_chor,Freud,NE,freud,12864,,
gdc,kscv.0,56260,56531,Andre im Chor,andre_im_chor,.,$.,--,12864,,
gdc,kscv.0,56535,56578,Marie,marie,Immer,ADV,immer,12864,,
gdc,kscv.0,56535,56578,Marie,marie,",","$,",--,12864,,
gdc,kscv.0,56535,56578,Marie,marie,zu,PTKVZ,zu,12864,,
gdc,kscv.0,56535,56578,Marie,marie,",","$,",--,12864,,
gdc,kscv.0,56535,56578,Marie,marie,immer,ADV,immer,12864,,
gdc,kscv.0,56535,56578,Marie,marie,zu,PTKVZ,zu,12864,,
gdc,kscv.0,56535,56578,Marie,marie,.,$.,--,12864,,
gdc,kscv.0,56583,57076,Woyzeck,woyzeck,Immer,ADV,immer,12864,,
gdc,kscv.0,56583,57076,Woyzeck,woyzeck,zu,PTKVZ,zu,12864,,
gdc,kscv.0,56583,57076,Woyzeck,woyzeck,"!",$.,--,12864,,
gdc,kscv.0,56583,57076,Woyzeck,woyzeck,–,XY,–,12864,,
gdc,kscv.0,56583,57076,Woyzeck,woyzeck,immer,ADV,immer,12864,,
gdc,kscv.0,56583,57076,Woyzeck,woyzeck,zu,PTKVZ,zu,12864,,
gdc,kscv.0,56583,57076,Woyzeck,woyzeck,"!",$.,--,12864,,
gdc,kscv.0,56583,57076,Woyzeck,woyzeck,immer,ADV,immer,12864,,
gdc,kscv.0,56583,57076,Woyzeck,woyzeck,zu,APPR,zu,12864,,
gdc,kscv.0,56583,57076,Woyzeck,woyzeck,immer,ADV,immer,12864,,
gdc,kscv.0,56583,57076,Woyzeck,woyzeck,zu,PTKVZ,zu,12864,,
gdc,kscv.0,56583,57076,Woyzeck,woyzeck,",","$,",--,12864,,
gdc,kscv.0,56583,57076,Woyzeck,woyzeck,dreht,VVFIN,drehen,12864,,
gdc,kscv.0,56583,57076,Woyzeck,woyzeck,euch,PPER,euch,12864,,
gdc,kscv.0,56583,57076,Woyzeck,woyzeck,",","$,",--,12864,,
gdc,kscv.0,56583,57076,Woyzeck,woyzeck,wälzt,VVIMP,wälzen,12864,,
gdc,kscv.0,56583,57076,Woyzeck,woyzeck,euch,PPER,euch,12864,,
gdc,kscv.0,56583,57076,Woyzeck,woyzeck,.,$.,--,12864,,
gdc,kscv.0,56583,57076,Woyzeck,woyzeck,Warum,PWAV,warum,12864,,
gdc,kscv.0,56583,57076,Woyzeck,woyzeck,bläßt,VVFIN,blassen,12864,,
gdc,kscv.0,56583,57076,Woyzeck,woyzeck,Gott,NN,gott,12864,,
gdc,kscv.0,56583,57076,Woyzeck,woyzeck,nicht,PTKNEG,nicht,12864,,
gdc,kscv.0,56583,57076,Woyzeck,woyzeck,die,ART,der,12864,,
gdc,kscv.0,56583,57076,Woyzeck,woyzeck,Sonn,NN,sonn,12864,,
gdc,kscv.0,56583,57076,Woyzeck,woyzeck,aus,PTKVZ,aus,12864,,
gdc,kscv.0,56583,57076,Woyzeck,woyzeck,",","$,",--,12864,,
gdc,kscv.0,56583,57076,Woyzeck,woyzeck,daß,KOUS,daß,12864,,
gdc,kscv.0,56583,57076,Woyzeck,woyzeck,Alles,PIS,alle,12864,,
gdc,kscv.0,56583,57076,Woyzeck,woyzeck,in,APPR,in,12864,,
gdc,kscv.0,56583,57076,Woyzeck,woyzeck,Unzucht,NN,unzucht,12864,,
gdc,kscv.0,56583,57076,Woyzeck,woyzeck,sich,PRF,sich,12864,,
gdc,kscv.0,56583,57076,Woyzeck,woyzeck,übernanderwälzt,VVPP,übernanderwälzt,12864,,
gdc,kscv.0,56583,57076,Woyzeck,woyzeck,",","$,",--,12864,,
gdc,kscv.0,56583,57076,Woyzeck,woyzeck,Mann,NN,mann,12864,,
gdc,kscv.0,56583,57076,Woyzeck,woyzeck,und,KON,und,12864,,
gdc,kscv.0,56583,57076,Woyzeck,woyzeck,Weib,NN,weib,12864,,
gdc,kscv.0,56583,57076,Woyzeck,woyzeck,",","$,",--,12864,,
gdc,kscv.0,56583,57076,Woyzeck,woyzeck,Mensch,NN,mensch,12864,,
gdc,kscv.0,56583,57076,Woyzeck,woyzeck,und,KON,und,12864,,
gdc,kscv.0,56583,57076,Woyzeck,woyzeck,Vieh,NN,vieh,12864,,
gdc,kscv.0,56583,57076,Woyzeck,woyzeck,.,$.,--,12864,,
gdc,kscv.0,56583,57076,Woyzeck,woyzeck,Thut,NE,thut,12864,,
gdc,kscv.0,56583,57076,Woyzeck,woyzeck,',$(,--,12864,,
gdc,kscv.0,56583,57076,Woyzeck,woyzeck,s,PPER,--,12864,,
gdc,kscv.0,56583,57076,Woyzeck,woyzeck,am,APPRART,an,12864,,
gdc,kscv.0,56583,57076,Woyzeck,woyzeck,hellen,ADJA,hell,12864,,
gdc,kscv.0,56583,57076,Woyzeck,woyzeck,Tag,NN,tag,12864,,
gdc,kscv.0,56583,57076,Woyzeck,woyzeck,",","$,",--,12864,,
gdc,kscv.0,56583,57076,Woyzeck,woyzeck,thut,ADJD,thut,12864,,
gdc,kscv.0,56583,57076,Woyzeck,woyzeck,',$(,--,12864,,
gdc,kscv.0,56583,57076,Woyzeck,woyzeck,s,PPER,--,12864,,
gdc,kscv.0,56583,57076,Woyzeck,woyzeck,einem,ART,ein,12864,,
gdc,kscv.0,56583,57076,Woyzeck,woyzeck,auf,APPR,auf,12864,,
gdc,kscv.0,56583,57076,Woyzeck,woyzeck,den,ART,der,12864,,
gdc,kscv.0,56583,57076,Woyzeck,woyzeck,Händen,NN,hand,12864,,
gdc,kscv.0,56583,57076,Woyzeck,woyzeck,",","$,",--,12864,,
gdc,kscv.0,56583,57076,Woyzeck,woyzeck,wie,PWAV,wie,12864,,
gdc,kscv.0,56583,57076,Woyzeck,woyzeck,die,ART,der,12864,,
gdc,kscv.0,56583,57076,Woyzeck,woyzeck,Mücken,NN,mücke,12864,,
gdc,kscv.0,56583,57076,Woyzeck,woyzeck,.,$.,--,12864,,
gdc,kscv.0,56583,57076,Woyzeck,woyzeck,–,XY,–,12864,,
gdc,kscv.0,56583,57076,Woyzeck,woyzeck,Weib,NN,weib,12864,,
gdc,kscv.0,56583,57076,Woyzeck,woyzeck,.,$.,--,12864,,
gdc,kscv.0,56583,57076,Woyzeck,woyzeck,–,XY,–,12864,,
gdc,kscv.0,56583,57076,Woyzeck,woyzeck,Das,ART,der,12864,,
gdc,kscv.0,56583,57076,Woyzeck,woyzeck,Weib,NN,weib,12864,,
gdc,kscv.0,56583,57076,Woyzeck,woyzeck,ist,VAFIN,sein,12864,,
gdc,kscv.0,56583,57076,Woyzeck,woyzeck,heiß,ADJD,heiß,12864,,
gdc,kscv.0,56583,57076,Woyzeck,woyzeck,",","$,",--,12864,,
gdc,kscv.0,56583,57076,Woyzeck,woyzeck,heiß,ADJD,heiß,12864,,
gdc,kscv.0,56583,57076,Woyzeck,woyzeck,"!",$.,--,12864,,
gdc,kscv.0,56583,57076,Woyzeck,woyzeck,–,XY,–,12864,,
gdc,kscv.0,56583,57076,Woyzeck,woyzeck,Immer,ADV,immer,12864,,
gdc,kscv.0,56583,57076,Woyzeck,woyzeck,zu,PTKVZ,zu,12864,,
gdc,kscv.0,56583,57076,Woyzeck,woyzeck,",","$,",--,12864,,
gdc,kscv.0,56583,57076,Woyzeck,woyzeck,immer,ADV,immer,12864,,
gdc,kscv.0,56583,57076,Woyzeck,woyzeck,zu,PTKVZ,zu,12864,,
gdc,kscv.0,56583,57076,Woyzeck,woyzeck,.,$.,--,12864,,
gdc,kscv.0,56583,57076,Woyzeck,woyzeck,Der,ART,der,12864,,
gdc,kscv.0,56583,57076,Woyzeck,woyzeck,Kerl,NN,kerl,12864,,
gdc,kscv.0,56583,57076,Woyzeck,woyzeck,"!",$.,--,12864,,
gdc,kscv.0,56583,57076,Woyzeck,woyzeck,Wie,PWAV,wie,12864,,
gdc,kscv.0,56583,57076,Woyzeck,woyzeck,er,PPER,er,12864,,
gdc,kscv.0,56583,57076,Woyzeck,woyzeck,an,APPR,an,12864,,
gdc,kscv.0,56583,57076,Woyzeck,woyzeck,ihr,PPER,ihr,12864,,
gdc,kscv.0,56583,57076,Woyzeck,woyzeck,herumtappt,VVFIN,herumtappen,12864,,
gdc,kscv.0,56583,57076,Woyzeck,woyzeck,",","$,",--,12864,,
gdc,kscv.0,56583,57076,Woyzeck,woyzeck,an,APPR,an,12864,,
gdc,kscv.0,56583,57076,Woyzeck,woyzeck,ihrem,PPOSAT,ihr,12864,,
gdc,kscv.0,56583,57076,Woyzeck,woyzeck,Leib,NN,leib,12864,,
gdc,kscv.0,56583,57076,Woyzeck,woyzeck,",","$,",--,12864,,
gdc,kscv.0,56583,57076,Woyzeck,woyzeck,er,PPER,er,12864,,
gdc,kscv.0,56583,57076,Woyzeck,woyzeck,",","$,",--,12864,,
gdc,kscv.0,56583,57076,Woyzeck,woyzeck,er,PPER,er,12864,,
gdc,kscv.0,56583,57076,Woyzeck,woyzeck,hat,VAFIN,haben,12864,,
gdc,kscv.0,56583,57076,Woyzeck,woyzeck,sie,PPER,sie,12864,,
gdc,kscv.0,56583,57076,Woyzeck,woyzeck,wie,KOKOM,wie,12864,,
gdc,kscv.0,56583,57076,Woyzeck,woyzeck,ich,PPER,ich,12864,woyzeck,(1)
gdc,kscv.0,56583,57076,Woyzeck,woyzeck,zu,APPR,zu,12864,,
gdc,kscv.0,56583,57076,Woyzeck,woyzeck,Anfang,NN,anfang,12864,,
gdc,kscv.0,56583,57076,Woyzeck,woyzeck,"!",$.,--,12864,,
gdc,kscv.0,57081,57884,Erster Handwerksbursch,erster_handwerksbursch,Jedoch,ADV,jedoch,12864,,
gdc,kscv.0,57081,57884,Erster Handwerksbursch,erster_handwerksbursch,wenn,KOUS,wenn,12864,,
gdc,kscv.0,57081,57884,Erster Handwerksbursch,erster_handwerksbursch,ein,ART,ein,12864,,
gdc,kscv.0,57081,57884,Erster Handwerksbursch,erster_handwerksbursch,Wandrer,NN,wandrer,12864,,
gdc,kscv.0,57081,57884,Erster Handwerksbursch,erster_handwerksbursch,",","$,",--,12864,,
gdc,kscv.0,57081,57884,Erster Handwerksbursch,erster_handwerksbursch,der,PRELS,der,12864,,
gdc,kscv.0,57081,57884,Erster Handwerksbursch,erster_handwerksbursch,gelehnt,VVPP,lehnen,12864,,
gdc,kscv.0,57081,57884,Erster Handwerksbursch,erster_handwerksbursch,steht,VVFIN,stehen,12864,,
gdc,kscv.0,57081,57884,Erster Handwerksbursch,erster_handwerksbursch,an,APPR,an,12864,,
gdc,kscv.0,57081,57884,Erster Handwerksbursch,erster_handwerksbursch,dem,ART,der,12864,,
gdc,kscv.0,57081,57884,Erster Handwerksbursch,erster_handwerksbursch,Strom,NN,strom,12864,,
gdc,kscv.0,57081,57884,Erster Handwerksbursch,erster_handwerksbursch,der,ART,der,12864,,
gdc,kscv.0,57081,57884,Erster Handwerksbursch,erster_handwerksbursch,Zeit,NN,zeit,12864,,
gdc,kscv.0,57081,57884,Erster Handwerksbursch,erster_handwerksbursch,oder,KON,oder,12864,,
gdc,kscv.0,57081,57884,Erster Handwerksbursch,erster_handwerksbursch,aber,ADV,aber,12864,,
gdc,kscv.0,57081,57884,Erster Handwerksbursch,erster_handwerksbursch,sich,PRF,sich,12864,,
gdc,kscv.0,57081,57884,Erster Handwerksbursch,erster_handwerksbursch,die,ART,der,12864,,
gdc,kscv.0,57081,57884,Erster Handwerksbursch,erster_handwerksbursch,göttliche,ADJA,göttlich,12864,,
gdc,kscv.0,57081,57884,Erster Handwerksbursch,erster_handwerksbursch,Weisheit,NN,weisheit,12864,,
gdc,kscv.0,57081,57884,Erster Handwerksbursch,erster_handwerksbursch,beantwortet,VVPP,beantworten,12864,,
gdc,kscv.0,57081,57884,Erster Handwerksbursch,erster_handwerksbursch,und,KON,und,12864,,
gdc,kscv.0,57081,57884,Erster Handwerksbursch,erster_handwerksbursch,sich,PRF,sich,12864,,
gdc,kscv.0,57081,57884,Erster Handwerksbursch,erster_handwerksbursch,anredet,VVFIN,anreden,12864,,
gdc,kscv.0,57081,57884,Erster Handwerksbursch,erster_handwerksbursch,:,$.,--,12864,,
gdc,kscv.0,57081,57884,Erster Handwerksbursch,erster_handwerksbursch,Warum,PWAV,warum,12864,,
gdc,kscv.0,57081,57884,Erster Handwerksbursch,erster_handwerksbursch,ist,VAFIN,sein,12864,,
gdc,kscv.0,57081,57884,Erster Handwerksbursch,erster_handwerksbursch,der,ART,der,12864,,
gdc,kscv.0,57081,57884,Erster Handwerksbursch,erster_handwerksbursch,Mensch,NN,mensch,12864,,
gdc,kscv.0,57081,57884,Erster Handwerksbursch,erster_handwerksbursch,?,$.,--,12864,,
gdc,kscv.0,57081,57884,Erster Handwerksbursch,erster_handwerksbursch,Warum,PWAV,warum,12864,,
gdc,kscv.0,57081,57884,Erster Handwerksbursch,erster_handwerksbursch,ist,VAFIN,sein,12864,,
gdc,kscv.0,57081,57884,Erster Handwerksbursch,erster_handwerksbursch,der,ART,der,12864,,
gdc,kscv.0,57081,57884,Erster Handwerksbursch,erster_handwerksbursch,Mensch,NN,mensch,12864,,
gdc,kscv.0,57081,57884,Erster Handwerksbursch,erster_handwerksbursch,?,$.,--,12864,,
gdc,kscv.0,57081,57884,Erster Handwerksbursch,erster_handwerksbursch,–,XY,–,12864,,
gdc,kscv.0,57081,57884,Erster Handwerksbursch,erster_handwerksbursch,Aber,KON,aber,12864,,
gdc,kscv.0,57081,57884,Erster Handwerksbursch,erster_handwerksbursch,wahrlich,ADV,wahrlich,12864,,
gdc,kscv.0,57081,57884,Erster Handwerksbursch,erster_handwerksbursch,ich,PPER,ich,12864,erster_handwerksbursch,(20)
gdc,kscv.0,57081,57884,Erster Handwerksbursch,erster_handwerksbursch,sage,VVFIN,sagen,12864,,
gdc,kscv.0,57081,57884,Erster Handwerksbursch,erster_handwerksbursch,euch,PPER,euch,12864,,
gdc,kscv.0,57081,57884,Erster Handwerksbursch,erster_handwerksbursch,",","$,",--,12864,,
gdc,kscv.0,57081,57884,Erster Handwerksbursch,erster_handwerksbursch,von,APPR,von,12864,,
gdc,kscv.0,57081,57884,Erster Handwerksbursch,erster_handwerksbursch,was,PWS,was,12864,,
gdc,kscv.0,57081,57884,Erster Handwerksbursch,erster_handwerksbursch,hätte,VAFIN,haben,12864,,
gdc,kscv.0,57081,57884,Erster Handwerksbursch,erster_handwerksbursch,der,ART,der,12864,,
gdc,kscv.0,57081,57884,Erster Handwerksbursch,erster_handwerksbursch,Landmann,NN,landmann,12864,,
gdc,kscv.0,57081,57884,Erster Handwerksbursch,erster_handwerksbursch,",","$,",--,12864,,
gdc,kscv.0,57081,57884,Erster Handwerksbursch,erster_handwerksbursch,der,ART,der,12864,,
gdc,kscv.0,57081,57884,Erster Handwerksbursch,erster_handwerksbursch,Weißbinder,NN,weißbinder,12864,,
gdc,kscv.0,57081,57884,Erster Handwerksbursch,erster_handwerksbursch,",","$,",--,12864,,
gdc,kscv.0,57081,57884,Erster Handwerksbursch,erster_handwerksbursch,der,ART,der,12864,,
gdc,kscv.0,57081,57884,Erster Handwerksbursch,erster_handwerksbursch,Schuster,NE,schuster,12864,,
gdc,kscv.0,57081,57884,Erster Handwerksbursch,erster_handwerksbursch,",","$,",--,12864,,
gdc,kscv.0,57081,57884,Erster Handwerksbursch,erster_handwerksbursch,der,ART,der,12864,,
gdc,kscv.0,57081,57884,Erster Handwerksbursch,erster_handwerksbursch,Arzt,NN,arzt,12864,,
gdc,kscv.0,57081,57884,Erster Handwerksbursch,erster_handwerksbursch,leben,VVINF,leben,12864,,
gdc,kscv.0,57081,57884,Erster Handwerksbursch,erster_handwerksbursch,sollen,VMINF,sollen,12864,,
gdc,kscv.0,57081,57884,Erster Handwerksbursch,erster_handwerksbursch,",","$,",--,12864,,
gdc,kscv.0,57081,57884,Erster Handwerksbursch,erster_handwerksbursch,wenn,KOUS,wenn,12864,,
gdc,kscv.0,57081,57884,Erster Handwerksbursch,erster_handwerksbursch,Gott,NN,gott,12864,,
gdc,kscv.0,57081,57884,Erster Handwerksbursch,erster_handwerksbursch,den,ART,der,12864,,
gdc,kscv.0,57081,57884,Erster Handwerksbursch,erster_handwerksbursch,Menschen,NN,mensch,12864,,
gdc,kscv.0,57081,57884,Erster Handwerksbursch,erster_handwerksbursch,nicht,PTKNEG,nicht,12864,,
gdc,kscv.0,57081,57884,Erster Handwerksbursch,erster_handwerksbursch,geschaffen,VVPP,schaffen,12864,,
gdc,kscv.0,57081,57884,Erster Handwerksbursch,erster_handwerksbursch,hätte,VAFIN,haben,12864,,
gdc,kscv.0,57081,57884,Erster Handwerksbursch,erster_handwerksbursch,?,$.,--,12864,,
gdc,kscv.0,57081,57884,Erster Handwerksbursch,erster_handwerksbursch,Von,APPR,von,12864,,
gdc,kscv.0,57081,57884,Erster Handwerksbursch,erster_handwerksbursch,was,PWS,was,12864,,
gdc,kscv.0,57081,57884,Erster Handwerksbursch,erster_handwerksbursch,hätte,VAFIN,haben,12864,,
gdc,kscv.0,57081,57884,Erster Handwerksbursch,erster_handwerksbursch,der,ART,der,12864,,
gdc,kscv.0,57081,57884,Erster Handwerksbursch,erster_handwerksbursch,Schneider,NN,schneider,12864,,
gdc,kscv.0,57081,57884,Erster Handwerksbursch,erster_handwerksbursch,leben,VVINF,leben,12864,,
gdc,kscv.0,57081,57884,Erster Handwerksbursch,erster_handwerksbursch,sollen,VMINF,sollen,12864,,
gdc,kscv.0,57081,57884,Erster Handwerksbursch,erster_handwerksbursch,",","$,",--,12864,,
gdc,kscv.0,57081,57884,Erster Handwerksbursch,erster_handwerksbursch,wenn,KOUS,wenn,12864,,
gdc,kscv.0,57081,57884,Erster Handwerksbursch,erster_handwerksbursch,er,PPER,er,12864,,
gdc,kscv.0,57081,57884,Erster Handwerksbursch,erster_handwerksbursch,dem,ART,der,12864,,
gdc,kscv.0,57081,57884,Erster Handwerksbursch,erster_handwerksbursch,Menschen,NN,mensch,12864,,
gdc,kscv.0,57081,57884,Erster Handwerksbursch,erster_handwerksbursch,nicht,PTKNEG,nicht,12864,,
gdc,kscv.0,57081,57884,Erster Handwerksbursch,erster_handwerksbursch,die,ART,der,12864,,
gdc,kscv.0,57081,57884,Erster Handwerksbursch,erster_handwerksbursch,Empfindung,NN,empfindung,12864,,
gdc,kscv.0,57081,57884,Erster Handwerksbursch,erster_handwerksbursch,der,ART,der,12864,,
gdc,kscv.0,57081,57884,Erster Handwerksbursch,erster_handwerksbursch,Schaam,NN,schaam,12864,,
gdc,kscv.0,57081,57884,Erster Handwerksbursch,erster_handwerksbursch,eingepflanzt,VVPP,einpflanzen,12864,,
gdc,kscv.0,57081,57884,Erster Handwerksbursch,erster_handwerksbursch,",","$,",--,12864,,
gdc,kscv.0,57081,57884,Erster Handwerksbursch,erster_handwerksbursch,von,APPR,von,12864,,
gdc,kscv.0,57081,57884,Erster Handwerksbursch,erster_handwerksbursch,was,PRELS,was,12864,,
gdc,kscv.0,57081,57884,Erster Handwerksbursch,erster_handwerksbursch,der,ART,der,12864,,
gdc,kscv.0,57081,57884,Erster Handwerksbursch,erster_handwerksbursch,Soldat,NN,soldat,12864,,
gdc,kscv.0,57081,57884,Erster Handwerksbursch,erster_handwerksbursch,",","$,",--,12864,,
gdc,kscv.0,57081,57884,Erster Handwerksbursch,erster_handwerksbursch,wenn,KOUS,wenn,12864,,
gdc,kscv.0,57081,57884,Erster Handwerksbursch,erster_handwerksbursch,Er,PPER,er,12864,,
gdc,kscv.0,57081,57884,Erster Handwerksbursch,erster_handwerksbursch,ihn,PPER,ihn,12864,,
gdc,kscv.0,57081,57884,Erster Handwerksbursch,erster_handwerksbursch,nicht,PTKNEG,nicht,12864,,
gdc,kscv.0,57081,57884,Erster Handwerksbursch,erster_handwerksbursch,mit,APPR,mit,12864,,
gdc,kscv.0,57081,57884,Erster Handwerksbursch,erster_handwerksbursch,dem,ART,der,12864,,
gdc,kscv.0,57081,57884,Erster Handwerksbursch,erster_handwerksbursch,Bedürfniß,NN,bedürfniß,12864,,
gdc,kscv.0,57081,57884,Erster Handwerksbursch,erster_handwerksbursch,sich,PRF,sich,12864,,
gdc,kscv.0,57081,57884,Erster Handwerksbursch,erster_handwerksbursch,todtzuschlagen,ADJD,todtschlagen,12864,,
gdc,kscv.0,57081,57884,Erster Handwerksbursch,erster_handwerksbursch,ausgerüstet,VVPP,ausrüsten,12864,,
gdc,kscv.0,57081,57884,Erster Handwerksbursch,erster_handwerksbursch,hätte,VAFIN,haben,12864,,
gdc,kscv.0,57081,57884,Erster Handwerksbursch,erster_handwerksbursch,?,$.,--,12864,,
gdc,kscv.0,57081,57884,Erster Handwerksbursch,erster_handwerksbursch,Darum,PROAV,darum,12864,,
gdc,kscv.0,57081,57884,Erster Handwerksbursch,erster_handwerksbursch,zweifelt,VVFIN,zweifeln,12864,,
gdc,kscv.0,57081,57884,Erster Handwerksbursch,erster_handwerksbursch,nicht,PTKNEG,nicht,12864,,
gdc,kscv.0,57081,57884,Erster Handwerksbursch,erster_handwerksbursch,",","$,",--,12864,,
gdc,kscv.0,57081,57884,Erster Handwerksbursch,erster_handwerksbursch,ja,ADV,ja,12864,,
gdc,kscv.0,57081,57884,Erster Handwerksbursch,erster_handwerksbursch,ja,PTKANT,ja,12864,,
gdc,kscv.0,57081,57884,Erster Handwerksbursch,erster_handwerksbursch,",","$,",--,12864,,
gdc,kscv.0,57081,57884,Erster Handwerksbursch,erster_handwerksbursch,es,PPER,es,12864,,
gdc,kscv.0,57081,57884,Erster Handwerksbursch,erster_handwerksbursch,ist,VAFIN,sein,12864,,
gdc,kscv.0,57081,57884,Erster Handwerksbursch,erster_handwerksbursch,lieblich,ADJD,lieblich,12864,,
gdc,kscv.0,57081,57884,Erster Handwerksbursch,erster_handwerksbursch,und,KON,und,12864,,
gdc,kscv.0,57081,57884,Erster Handwerksbursch,erster_handwerksbursch,fein,ADJD,fein,12864,,
gdc,kscv.0,57081,57884,Erster Handwerksbursch,erster_handwerksbursch,",","$,",--,12864,,
gdc,kscv.0,57081,57884,Erster Handwerksbursch,erster_handwerksbursch,aber,KON,aber,12864,,
gdc,kscv.0,57081,57884,Erster Handwerksbursch,erster_handwerksbursch,Alles,PIAT,alle,12864,,
gdc,kscv.0,57081,57884,Erster Handwerksbursch,erster_handwerksbursch,Irdische,ADJA,irdische,12864,,
gdc,kscv.0,57081,57884,Erster Handwerksbursch,erster_handwerksbursch,ist,VAFIN,sein,12864,,
gdc,kscv.0,57081,57884,Erster Handwerksbursch,erster_handwerksbursch,eitel,ADJD,eitel,12864,,
gdc,kscv.0,57081,57884,Erster Handwerksbursch,erster_handwerksbursch,",","$,",--,12864,,
gdc,kscv.0,57081,57884,Erster Handwerksbursch,erster_handwerksbursch,selbst,ADV,selbst,12864,,
gdc,kscv.0,57081,57884,Erster Handwerksbursch,erster_handwerksbursch,das,ART,der,12864,,
gdc,kscv.0,57081,57884,Erster Handwerksbursch,erster_handwerksbursch,Geld,NN,geld,12864,,
gdc,kscv.0,57081,57884,Erster Handwerksbursch,erster_handwerksbursch,geht,VVFIN,gehen,12864,,
gdc,kscv.0,57081,57884,Erster Handwerksbursch,erster_handwerksbursch,in,APPR,in,12864,,
gdc,kscv.0,57081,57884,Erster Handwerksbursch,erster_handwerksbursch,Verwesung,NN,verwesung,12864,,
gdc,kscv.0,57081,57884,Erster Handwerksbursch,erster_handwerksbursch,über,PTKVZ,über,12864,,
gdc,kscv.0,57081,57884,Erster Handwerksbursch,erster_handwerksbursch,.,$.,--,12864,,
gdc,kscv.0,57081,57884,Erster Handwerksbursch,erster_handwerksbursch,–,XY,–,12864,,
gdc,kscv.0,57081,57884,Erster Handwerksbursch,erster_handwerksbursch,Zum,APPRART,zu,12864,,
gdc,kscv.0,57081,57884,Erster Handwerksbursch,erster_handwerksbursch,Beschluß,NN,beschluß,12864,,
gdc,kscv.0,57081,57884,Erster Handwerksbursch,erster_handwerksbursch,meine,PPOSAT,mein,12864,erster_handwerksbursch,(20)
gdc,kscv.0,57081,57884,Erster Handwerksbursch,erster_handwerksbursch,geliebten,ADJA,geliebt,12864,,
gdc,kscv.0,57081,57884,Erster Handwerksbursch,erster_handwerksbursch,Zuhörer,NN,zuhörer,12864,,
gdc,kscv.0,57081,57884,Erster Handwerksbursch,erster_handwerksbursch,laßt,VVFIN,lassen,12864,,
gdc,kscv.0,57081,57884,Erster Handwerksbursch,erster_handwerksbursch,uns,PPER,uns,12864,,
gdc,kscv.0,57081,57884,Erster Handwerksbursch,erster_handwerksbursch,noch,ADV,noch,12864,,
gdc,kscv.0,57081,57884,Erster Handwerksbursch,erster_handwerksbursch,über,APPR,über,12864,,
gdc,kscv.0,57081,57884,Erster Handwerksbursch,erster_handwerksbursch,',$(,--,12864,,
gdc,kscv.0,57081,57884,Erster Handwerksbursch,erster_handwerksbursch,s,ART,--,12864,,
gdc,kscv.0,57081,57884,Erster Handwerksbursch,erster_handwerksbursch,Kreuz,NN,kreuz,12864,,
gdc,kscv.0,57081,57884,Erster Handwerksbursch,erster_handwerksbursch,pissen,VVINF,pissen,12864,,
gdc,kscv.0,57081,57884,Erster Handwerksbursch,erster_handwerksbursch,",","$,",--,12864,,
gdc,kscv.0,57081,57884,Erster Handwerksbursch,erster_handwerksbursch,damit,KOUS,damit,12864,,
gdc,kscv.0,57081,57884,Erster Handwerksbursch,erster_handwerksbursch,ein,ART,ein,12864,,
gdc,kscv.0,57081,57884,Erster Handwerksbursch,erster_handwerksbursch,Jud,NN,jud,12864,jud,(27)
gdc,kscv.0,57081,57884,Erster Handwerksbursch,erster_handwerksbursch,stirbt,VVFIN,sterben,12864,,
gdc,kscv.0,57081,57884,Erster Handwerksbursch,erster_handwerksbursch,.,$.,--,12864,,
gdc,kscv.0,57921,58203,Woyzeck,woyzeck,Immer,ADV,immer,12864,,
gdc,kscv.0,57921,58203,Woyzeck,woyzeck,zu,PTKVZ,zu,12864,,
gdc,kscv.0,57921,58203,Woyzeck,woyzeck,"!",$.,--,12864,,
gdc,kscv.0,57921,58203,Woyzeck,woyzeck,immer,ADV,immer,12864,,
gdc,kscv.0,57921,58203,Woyzeck,woyzeck,zu,PTKVZ,zu,12864,,
gdc,kscv.0,57921,58203,Woyzeck,woyzeck,"!",$.,--,12864,,
gdc,kscv.0,57921,58203,Woyzeck,woyzeck,Still,PIAT,still,12864,,
gdc,kscv.0,57921,58203,Woyzeck,woyzeck,Musik,NN,musik,12864,,
gdc,kscv.0,57921,58203,Woyzeck,woyzeck,"!",$.,--,12864,,
gdc,kscv.0,57921,58203,Woyzeck,woyzeck,Ha,XY,ha,12864,,
gdc,kscv.0,57921,58203,Woyzeck,woyzeck,was,PWS,was,12864,,
gdc,kscv.0,57921,58203,Woyzeck,woyzeck,",","$,",--,12864,,
gdc,kscv.0,57921,58203,Woyzeck,woyzeck,was,PWS,was,12864,,
gdc,kscv.0,57921,58203,Woyzeck,woyzeck,sagt,VVFIN,sagen,12864,,
gdc,kscv.0,57921,58203,Woyzeck,woyzeck,ihr,PPER,ihr,12864,,
gdc,kscv.0,57921,58203,Woyzeck,woyzeck,?,$.,--,12864,,
gdc,kscv.0,57921,58203,Woyzeck,woyzeck,Lauter,ADJD,lauter,12864,,
gdc,kscv.0,57921,58203,Woyzeck,woyzeck,",","$,",--,12864,,
gdc,kscv.0,57921,58203,Woyzeck,woyzeck,lauter,ADJD,lauter,12864,,
gdc,kscv.0,57921,58203,Woyzeck,woyzeck,",","$,",--,12864,,
gdc,kscv.0,57921,58203,Woyzeck,woyzeck,–,PPER,–,12864,,
gdc,kscv.0,57921,58203,Woyzeck,woyzeck,stich,VVFIN,stich,12864,,
gdc,kscv.0,57921,58203,Woyzeck,woyzeck,",","$,",--,12864,,
gdc,kscv.0,57921,58203,Woyzeck,woyzeck,stich,VVFIN,stich,12864,,
gdc,kscv.0,57921,58203,Woyzeck,woyzeck,die,ART,der,12864,,
gdc,kscv.0,57921,58203,Woyzeck,woyzeck,Zickwolfin,NN,zickwolfin,12864,,
gdc,kscv.0,57921,58203,Woyzeck,woyzeck,todt,NE,todt,12864,,
gdc,kscv.0,57921,58203,Woyzeck,woyzeck,?,$.,--,12864,,
gdc,kscv.0,57921,58203,Woyzeck,woyzeck,stich,ADJD,stich,12864,,
gdc,kscv.0,57921,58203,Woyzeck,woyzeck,",","$,",--,12864,,
gdc,kscv.0,57921,58203,Woyzeck,woyzeck,stich,ADJD,stich,12864,,
gdc,kscv.0,57921,58203,Woyzeck,woyzeck,die,ART,der,12864,,
gdc,kscv.0,57921,58203,Woyzeck,woyzeck,Zickwolfin,NN,zickwolfin,12864,,
gdc,kscv.0,57921,58203,Woyzeck,woyzeck,todt,NE,todt,12864,,
gdc,kscv.0,57921,58203,Woyzeck,woyzeck,.,$.,--,12864,,
gdc,kscv.0,57921,58203,Woyzeck,woyzeck,Soll,VMFIN,sollen,12864,,
gdc,kscv.0,57921,58203,Woyzeck,woyzeck,ich,PPER,ich,12864,woyzeck,(1)
gdc,kscv.0,57921,58203,Woyzeck,woyzeck,?,$.,--,12864,,
gdc,kscv.0,57921,58203,Woyzeck,woyzeck,Muß,VMFIN,müssen,12864,,
gdc,kscv.0,57921,58203,Woyzeck,woyzeck,ich,PPER,ich,12864,woyzeck,(1)
gdc,kscv.0,57921,58203,Woyzeck,woyzeck,?,$.,--,12864,,
gdc,kscv.0,57921,58203,Woyzeck,woyzeck,Hör,XY,hör,12864,,
gdc,kscv.0,57921,58203,Woyzeck,woyzeck,ich,PPER,ich,12864,woyzeck,(1)
gdc,kscv.0,57921,58203,Woyzeck,woyzeck,',$(,--,12864,,
gdc,kscv.0,57921,58203,Woyzeck,woyzeck,s,PPER,--,12864,,
gdc,kscv.0,57921,58203,Woyzeck,woyzeck,da,ADV,da,12864,,
gdc,kscv.0,57921,58203,Woyzeck,woyzeck,auch,ADV,auch,12864,,
gdc,kscv.0,57921,58203,Woyzeck,woyzeck,",","$,",--,12864,,
gdc,kscv.0,57921,58203,Woyzeck,woyzeck,sagt,VVFIN,sagen,12864,,
gdc,kscv.0,57921,58203,Woyzeck,woyzeck,',$(,--,12864,,
gdc,kscv.0,57921,58203,Woyzeck,woyzeck,s,PPER,--,12864,,
gdc,kscv.0,57921,58203,Woyzeck,woyzeck,der,ART,der,12864,,
gdc,kscv.0,57921,58203,Woyzeck,woyzeck,Wind,NN,wind,12864,,
gdc,kscv.0,57921,58203,Woyzeck,woyzeck,auch,ADV,auch,12864,,
gdc,kscv.0,57921,58203,Woyzeck,woyzeck,?,$.,--,12864,,
gdc,kscv.0,57921,58203,Woyzeck,woyzeck,Hör,XY,hör,12864,,
gdc,kscv.0,57921,58203,Woyzeck,woyzeck,ich,PPER,ich,12864,woyzeck,(1)
gdc,kscv.0,57921,58203,Woyzeck,woyzeck,',$(,--,12864,,
gdc,kscv.0,57921,58203,Woyzeck,woyzeck,s,PPER,--,12864,,
gdc,kscv.0,57921,58203,Woyzeck,woyzeck,immer,ADV,immer,12864,,
gdc,kscv.0,57921,58203,Woyzeck,woyzeck,",","$,",--,12864,,
gdc,kscv.0,57921,58203,Woyzeck,woyzeck,immer,ADV,immer,12864,,
gdc,kscv.0,57921,58203,Woyzeck,woyzeck,zu,PTKVZ,zu,12864,,
gdc,kscv.0,57921,58203,Woyzeck,woyzeck,",","$,",--,12864,,
gdc,kscv.0,57921,58203,Woyzeck,woyzeck,stich,ADJD,stich,12864,,
gdc,kscv.0,57921,58203,Woyzeck,woyzeck,todt,ADJD,todt,12864,,
gdc,kscv.0,57921,58203,Woyzeck,woyzeck,",","$,",--,12864,,
gdc,kscv.0,57921,58203,Woyzeck,woyzeck,todt,ADJD,todt,12864,,
gdc,kscv.0,57921,58203,Woyzeck,woyzeck,.,$.,--,12864,,
gdc,kscv.0,58269,58466,Woyzeck,woyzeck,Andres,NE,andres,12864,andres,(4)
gdc,kscv.0,58269,58466,Woyzeck,woyzeck,"!",$.,--,12864,,
gdc,kscv.0,58269,58466,Woyzeck,woyzeck,Andres,NE,andres,12864,andres,(4)
gdc,kscv.0,58269,58466,Woyzeck,woyzeck,"!",$.,--,12864,,
gdc,kscv.0,58269,58466,Woyzeck,woyzeck,ich,PPER,ich,12864,woyzeck,(1)
gdc,kscv.0,58269,58466,Woyzeck,woyzeck,kann,VMFIN,können,12864,,
gdc,kscv.0,58269,58466,Woyzeck,woyzeck,nit,ADV,nit,12864,,
gdc,kscv.0,58269,58466,Woyzeck,woyzeck,schlafe,VVINF,schlafen,12864,,
gdc,kscv.0,58269,58466,Woyzeck,woyzeck,",","$,",--,12864,,
gdc,kscv.0,58269,58466,Woyzeck,woyzeck,wenn,KOUS,wenn,12864,,
gdc,kscv.0,58269,58466,Woyzeck,woyzeck,ich,PPER,ich,12864,woyzeck,(1)
gdc,kscv.0,58269,58466,Woyzeck,woyzeck,die,ART,der,12864,,
gdc,kscv.0,58269,58466,Woyzeck,woyzeck,Aug,NN,aug,12864,,
gdc,kscv.0,58269,58466,Woyzeck,woyzeck,zumach,VVFIN,zumach,12864,,
gdc,kscv.0,58269,58466,Woyzeck,woyzeck,",","$,",--,12864,,
gdc,kscv.0,58269,58466,Woyzeck,woyzeck,dreht,VVFIN,drehen,12864,,
gdc,kscv.0,58269,58466,Woyzeck,woyzeck,sich,PRF,sich,12864,,
gdc,kscv.0,58269,58466,Woyzeck,woyzeck,',$(,--,12864,,
gdc,kscv.0,58269,58466,Woyzeck,woyzeck,s,PPER,--,12864,,
gdc,kscv.0,58269,58466,Woyzeck,woyzeck,immer,ADV,immer,12864,,
gdc,kscv.0,58269,58466,Woyzeck,woyzeck,und,KON,und,12864,,
gdc,kscv.0,58269,58466,Woyzeck,woyzeck,ich,PPER,ich,12864,woyzeck,(1)
gdc,kscv.0,58269,58466,Woyzeck,woyzeck,hör,VAFIN,hör,12864,,
gdc,kscv.0,58269,58466,Woyzeck,woyzeck,die,ART,der,12864,,
gdc,kscv.0,58269,58466,Woyzeck,woyzeck,Geigen,NN,geige,12864,,
gdc,kscv.0,58269,58466,Woyzeck,woyzeck,",","$,",--,12864,,
gdc,kscv.0,58269,58466,Woyzeck,woyzeck,immer,ADV,immer,12864,,
gdc,kscv.0,58269,58466,Woyzeck,woyzeck,zu,PTKVZ,zu,12864,,
gdc,kscv.0,58269,58466,Woyzeck,woyzeck,",","$,",--,12864,,
gdc,kscv.0,58269,58466,Woyzeck,woyzeck,immer,ADV,immer,12864,,
gdc,kscv.0,58269,58466,Woyzeck,woyzeck,zu,ADV,zu,12864,,
gdc,kscv.0,58269,58466,Woyzeck,woyzeck,und,KON,und,12864,,
gdc,kscv.0,58269,58466,Woyzeck,woyzeck,dann,ADV,dann,12864,,
gdc,kscv.0,58269,58466,Woyzeck,woyzeck,spricht,VVFIN,sprechen,12864,,
gdc,kscv.0,58269,58466,Woyzeck,woyzeck,',$(,--,12864,,
gdc,kscv.0,58269,58466,Woyzeck,woyzeck,s,PPER,--,12864,,
gdc,kscv.0,58269,58466,Woyzeck,woyzeck,aus,APPR,aus,12864,,
gdc,kscv.0,58269,58466,Woyzeck,woyzeck,der,ART,der,12864,,
gdc,kscv.0,58269,58466,Woyzeck,woyzeck,Wand,NN,wand,12864,,
gdc,kscv.0,58269,58466,Woyzeck,woyzeck,",","$,",--,12864,,
gdc,kscv.0,58269,58466,Woyzeck,woyzeck,hörst,VVFIN,hören,12864,,
gdc,kscv.0,58269,58466,Woyzeck,woyzeck,du,PPER,du,12864,,
gdc,kscv.0,58269,58466,Woyzeck,woyzeck,nix,PTKVZ,nix,12864,,
gdc,kscv.0,58269,58466,Woyzeck,woyzeck,?,$.,--,12864,,
gdc,kscv.0,58471,58541,Andres,andres,Ja,PTKANT,ja,12864,,
gdc,kscv.0,58471,58541,Andres,andres,",","$,",--,12864,,
gdc,kscv.0,58471,58541,Andres,andres,–,KON,–,12864,,
gdc,kscv.0,58471,58541,Andres,andres,laß,VVFIN,lassen,12864,,
gdc,kscv.0,58471,58541,Andres,andres,sie,PPER,sie,12864,,
gdc,kscv.0,58471,58541,Andres,andres,tanze,ADJA,tanze,12864,,
gdc,kscv.0,58471,58541,Andres,andres,"!",$.,--,12864,,
gdc,kscv.0,58471,58541,Andres,andres,Gott,NN,gott,12864,,
gdc,kscv.0,58471,58541,Andres,andres,behüt,VVFIN,behüt,12864,,
gdc,kscv.0,58471,58541,Andres,andres,uns,PPER,uns,12864,,
gdc,kscv.0,58471,58541,Andres,andres,",","$,",--,12864,,
gdc,kscv.0,58471,58541,Andres,andres,Amen,NN,amen,12864,,
gdc,kscv.0,58471,58541,Andres,andres,.,$.,--,12864,,
gdc,kscv.0,58546,58632,Woyzeck,woyzeck,Es,PPER,es,12864,,
gdc,kscv.0,58546,58632,Woyzeck,woyzeck,redt,VVFIN,redt,12864,,
gdc,kscv.0,58546,58632,Woyzeck,woyzeck,immer,ADV,immer,12864,,
gdc,kscv.0,58546,58632,Woyzeck,woyzeck,:,$.,--,12864,,
gdc,kscv.0,58546,58632,Woyzeck,woyzeck,stich,ADJD,stich,12864,,
gdc,kscv.0,58546,58632,Woyzeck,woyzeck,"!",$.,--,12864,,
gdc,kscv.0,58546,58632,Woyzeck,woyzeck,stich,ADJD,stich,12864,,
gdc,kscv.0,58546,58632,Woyzeck,woyzeck,"!",$.,--,12864,,
gdc,kscv.0,58546,58632,Woyzeck,woyzeck,und,KON,und,12864,,
gdc,kscv.0,58546,58632,Woyzeck,woyzeck,zieht,VVFIN,ziehen,12864,,
gdc,kscv.0,58546,58632,Woyzeck,woyzeck,mir,PPER,sich,12864,woyzeck,(1)
gdc,kscv.0,58546,58632,Woyzeck,woyzeck,zwischen,APPR,zwischen,12864,,
gdc,kscv.0,58546,58632,Woyzeck,woyzeck,den,ART,der,12864,,
gdc,kscv.0,58546,58632,Woyzeck,woyzeck,Augen,NN,auge,12864,,
gdc,kscv.0,58546,58632,Woyzeck,woyzeck,wie,KOKOM,wie,12864,,
gdc,kscv.0,58546,58632,Woyzeck,woyzeck,ein,ART,ein,12864,,
gdc,kscv.0,58546,58632,Woyzeck,woyzeck,Messer,NN,messer,12864,,
gdc,kscv.0,58546,58632,Woyzeck,woyzeck,.,$.,--,12864,,
gdc,kscv.0,58637,58709,Andres,andres,Du,PPER,du,12864,,
gdc,kscv.0,58637,58709,Andres,andres,mußt,VMFIN,mussen,12864,,
gdc,kscv.0,58637,58709,Andres,andres,Schnaps,NN,schnaps,12864,,
gdc,kscv.0,58637,58709,Andres,andres,trinke,VVINF,trinken,12864,,
gdc,kscv.0,58637,58709,Andres,andres,und,KON,und,12864,,
gdc,kscv.0,58637,58709,Andres,andres,Pulver,NN,pulver,12864,,
gdc,kscv.0,58637,58709,Andres,andres,drin,ADV,drin,12864,,
gdc,kscv.0,58637,58709,Andres,andres,",","$,",--,12864,,
gdc,kscv.0,58637,58709,Andres,andres,das,PDS,der,12864,,
gdc,kscv.0,58637,58709,Andres,andres,schneidt,VVFIN,schneidt,12864,,
gdc,kscv.0,58637,58709,Andres,andres,das,ART,der,12864,,
gdc,kscv.0,58637,58709,Andres,andres,Fieber,NN,fieber,12864,,
gdc,kscv.0,58637,58709,Andres,andres,.,$.,--,12864,,
gdc,kscv.0,58776,59067,Tambourmajor,tambourmajor,Ich,PPER,ich,12864,tambourmajor,(3)
gdc,kscv.0,58776,59067,Tambourmajor,tambourmajor,bin,VAFIN,sein,12864,,
gdc,kscv.0,58776,59067,Tambourmajor,tambourmajor,ein,ART,ein,12864,,
gdc,kscv.0,58776,59067,Tambourmajor,tambourmajor,Mann,NN,mann,12864,,
gdc,kscv.0,58776,59067,Tambourmajor,tambourmajor,"!",$.,--,12864,,
gdc,kscv.0,58776,59067,Tambourmajor,tambourmajor,ein,ART,ein,12864,,
gdc,kscv.0,58776,59067,Tambourmajor,tambourmajor,Mann,NN,mann,12864,,
gdc,kscv.0,58776,59067,Tambourmajor,tambourmajor,sag,VVFIN,sag,12864,,
gdc,kscv.0,58776,59067,Tambourmajor,tambourmajor,',$(,--,12864,,
gdc,kscv.0,58776,59067,Tambourmajor,tambourmajor,ich,PPER,ich,12864,tambourmajor,(3)
gdc,kscv.0,58776,59067,Tambourmajor,tambourmajor,.,$.,--,12864,,
gdc,kscv.0,58776,59067,Tambourmajor,tambourmajor,Wer,PWS,wer,12864,,
gdc,kscv.0,58776,59067,Tambourmajor,tambourmajor,will,VMFIN,wollen,12864,,
gdc,kscv.0,58776,59067,Tambourmajor,tambourmajor,was,PWS,was,12864,,
gdc,kscv.0,58776,59067,Tambourmajor,tambourmajor,?,$.,--,12864,,
gdc,kscv.0,58776,59067,Tambourmajor,tambourmajor,Wer,PWS,wer,12864,,
gdc,kscv.0,58776,59067,Tambourmajor,tambourmajor,kein,PIAT,kein,12864,,
gdc,kscv.0,58776,59067,Tambourmajor,tambourmajor,besoffen,ADJA,besoffen,12864,,
gdc,kscv.0,58776,59067,Tambourmajor,tambourmajor,Herrgott,NN,herrgott,12864,,
gdc,kscv.0,58776,59067,Tambourmajor,tambourmajor,ist,VAFIN,sein,12864,,
gdc,kscv.0,58776,59067,Tambourmajor,tambourmajor,der,ART,der,12864,,
gdc,kscv.0,58776,59067,Tambourmajor,tambourmajor,laß,NN,lassen,12864,,
gdc,kscv.0,58776,59067,Tambourmajor,tambourmajor,sich,PRF,sich,12864,,
gdc,kscv.0,58776,59067,Tambourmajor,tambourmajor,von,APPR,von,12864,,
gdc,kscv.0,58776,59067,Tambourmajor,tambourmajor,mir,PPER,sich,12864,tambourmajor,(3)
gdc,kscv.0,58776,59067,Tambourmajor,tambourmajor,.,$.,--,12864,,
gdc,kscv.0,58776,59067,Tambourmajor,tambourmajor,Ich,PPER,ich,12864,tambourmajor,(3)
gdc,kscv.0,58776,59067,Tambourmajor,tambourmajor,will,VMFIN,wollen,12864,,
gdc,kscv.0,58776,59067,Tambourmajor,tambourmajor,ihm,PPER,ihm,12864,,
gdc,kscv.0,58776,59067,Tambourmajor,tambourmajor,die,ART,der,12864,,
gdc,kscv.0,58776,59067,Tambourmajor,tambourmajor,Nas,NN,nas,12864,,
gdc,kscv.0,58776,59067,Tambourmajor,tambourmajor,ins,APPRART,in,12864,,
gdc,kscv.0,58776,59067,Tambourmajor,tambourmajor,Arschloch,NN,arschloch,12864,,
gdc,kscv.0,58776,59067,Tambourmajor,tambourmajor,prügeln,VVINF,prügeln,12864,,
gdc,kscv.0,58776,59067,Tambourmajor,tambourmajor,.,$.,--,12864,,
gdc,kscv.0,58776,59067,Tambourmajor,tambourmajor,Ich,PPER,ich,12864,tambourmajor,(3)
gdc,kscv.0,58776,59067,Tambourmajor,tambourmajor,will,VMFIN,wollen,12864,,
gdc,kscv.0,58776,59067,Tambourmajor,tambourmajor,–,PRF,–,12864,,
gdc,kscv.0,58776,59067,Tambourmajor,tambourmajor,da,ADV,da,12864,,
gdc,kscv.0,58776,59067,Tambourmajor,tambourmajor,Kerl,NE,kerl,12864,,
gdc,kscv.0,58776,59067,Tambourmajor,tambourmajor,",","$,",--,12864,,
gdc,kscv.0,58776,59067,Tambourmajor,tambourmajor,sauf,PTKVZ,sauf,12864,,
gdc,kscv.0,58776,59067,Tambourmajor,tambourmajor,",","$,",--,12864,,
gdc,kscv.0,58776,59067,Tambourmajor,tambourmajor,der,ART,der,12864,,
gdc,kscv.0,58776,59067,Tambourmajor,tambourmajor,Mann,NN,mann,12864,,
gdc,kscv.0,58776,59067,Tambourmajor,tambourmajor,muß,VMFIN,müssen,12864,,
gdc,kscv.0,58776,59067,Tambourmajor,tambourmajor,saufen,VVINF,saufen,12864,,
gdc,kscv.0,58776,59067,Tambourmajor,tambourmajor,",","$,",--,12864,,
gdc,kscv.0,58776,59067,Tambourmajor,tambourmajor,ich,PPER,ich,12864,tambourmajor,(3)
gdc,kscv.0,58776,59067,Tambourmajor,tambourmajor,wollt,VMFIN,wollen,12864,,
gdc,kscv.0,58776,59067,Tambourmajor,tambourmajor,die,ART,der,12864,,
gdc,kscv.0,58776,59067,Tambourmajor,tambourmajor,Welt,NN,welt,12864,,
gdc,kscv.0,58776,59067,Tambourmajor,tambourmajor,wär,APPR,sein,12864,,
gdc,kscv.0,58776,59067,Tambourmajor,tambourmajor,Schnaps,NN,schnaps,12864,,
gdc,kscv.0,58776,59067,Tambourmajor,tambourmajor,",","$,",--,12864,,
gdc,kscv.0,58776,59067,Tambourmajor,tambourmajor,Schnaps,NN,schnaps,12864,,
gdc,kscv.0,58776,59067,Tambourmajor,tambourmajor,.,$.,--,12864,,
gdc,kscv.0,59088,59282,Tambourmajor,tambourmajor,Kerl,NN,kerl,12864,,
gdc,kscv.0,59088,59282,Tambourmajor,tambourmajor,",","$,",--,12864,,
gdc,kscv.0,59088,59282,Tambourmajor,tambourmajor,soll,VMFIN,sollen,12864,,
gdc,kscv.0,59088,59282,Tambourmajor,tambourmajor,ich,PPER,ich,12864,tambourmajor,(3)
gdc,kscv.0,59088,59282,Tambourmajor,tambourmajor,dir,PPER,dir,12864,,
gdc,kscv.0,59088,59282,Tambourmajor,tambourmajor,die,ART,der,12864,,
gdc,kscv.0,59088,59282,Tambourmajor,tambourmajor,Zung,NN,zung,12864,,
gdc,kscv.0,59088,59282,Tambourmajor,tambourmajor,aus,APPR,aus,12864,,
gdc,kscv.0,59088,59282,Tambourmajor,tambourmajor,dem,ART,der,12864,,
gdc,kscv.0,59088,59282,Tambourmajor,tambourmajor,Hals,NN,hals,12864,,
gdc,kscv.0,59088,59282,Tambourmajor,tambourmajor,ziehe,VVFIN,ziehen,12864,,
gdc,kscv.0,59088,59282,Tambourmajor,tambourmajor,und,KON,und,12864,,
gdc,kscv.0,59088,59282,Tambourmajor,tambourmajor,sie,PPER,sie,12864,,
gdc,kscv.0,59088,59282,Tambourmajor,tambourmajor,um,APPR,um,12864,,
gdc,kscv.0,59088,59282,Tambourmajor,tambourmajor,den,ART,der,12864,,
gdc,kscv.0,59088,59282,Tambourmajor,tambourmajor,Leib,NN,leib,12864,,
gdc,kscv.0,59088,59282,Tambourmajor,tambourmajor,herumwickle,VVFIN,herumwickeln,12864,,
gdc,kscv.0,59088,59282,Tambourmajor,tambourmajor,?,$.,--,12864,,
gdc,kscv.0,59088,59282,Tambourmajor,tambourmajor,Soll,VMFIN,sollen,12864,,
gdc,kscv.0,59088,59282,Tambourmajor,tambourmajor,ich,PPER,ich,12864,tambourmajor,(3)
gdc,kscv.0,59088,59282,Tambourmajor,tambourmajor,dir,PPER,dir,12864,,
gdc,kscv.0,59088,59282,Tambourmajor,tambourmajor,noch,ADV,noch,12864,,
gdc,kscv.0,59088,59282,Tambourmajor,tambourmajor,soviel,PIAT,soviel,12864,,
gdc,kscv.0,59088,59282,Tambourmajor,tambourmajor,Athem,NN,athem,12864,,
gdc,kscv.0,59088,59282,Tambourmajor,tambourmajor,lassen,VVINF,lassen,12864,,
gdc,kscv.0,59088,59282,Tambourmajor,tambourmajor,als,KOKOM,als,12864,,
gdc,kscv.0,59088,59282,Tambourmajor,tambourmajor,en,ADJA,--,12864,,
gdc,kscv.0,59088,59282,Tambourmajor,tambourmajor,Altweiberfurz,NN,altweiberfurz,12864,,
gdc,kscv.0,59088,59282,Tambourmajor,tambourmajor,",","$,",--,12864,,
gdc,kscv.0,59088,59282,Tambourmajor,tambourmajor,soll,VMFIN,sollen,12864,,
gdc,kscv.0,59088,59282,Tambourmajor,tambourmajor,ich,PPER,ich,12864,tambourmajor,(3)
gdc,kscv.0,59088,59282,Tambourmajor,tambourmajor,?,$.,--,12864,,
gdc,kscv.0,59338,59450,Tambourmajor,tambourmajor,Der,ART,der,12864,,
gdc,kscv.0,59338,59450,Tambourmajor,tambourmajor,Kerl,NN,kerl,12864,,
gdc,kscv.0,59338,59450,Tambourmajor,tambourmajor,soll,VMFIN,sollen,12864,,
gdc,kscv.0,59338,59450,Tambourmajor,tambourmajor,dunkelblau,ADJD,dunkelblau,12864,,
gdc,kscv.0,59338,59450,Tambourmajor,tambourmajor,pfeifen,VVINF,pfeifen,12864,,
gdc,kscv.0,59338,59450,Tambourmajor,tambourmajor,.,$.,--,12864,,
gdc,kscv.0,59338,59450,Tambourmajor,tambourmajor,Ha,NE,ha,12864,,
gdc,kscv.0,59338,59450,Tambourmajor,tambourmajor,.,$.,--,12864,,
gdc,kscv.0,59338,59450,Tambourmajor,tambourmajor,Brandewein,NE,brandewein,12864,,
gdc,kscv.0,59338,59450,Tambourmajor,tambourmajor,das,PDS,der,12864,,
gdc,kscv.0,59338,59450,Tambourmajor,tambourmajor,ist,VAFIN,sein,12864,,
gdc,kscv.0,59338,59450,Tambourmajor,tambourmajor,mein,PPOSAT,mein,12864,tambourmajor,(3)
gdc,kscv.0,59338,59450,Tambourmajor,tambourmajor,Leben,NN,leben,12864,,
gdc,kscv.0,59338,59450,Tambourmajor,tambourmajor,",","$,",--,12864,,
gdc,kscv.0,59338,59450,Tambourmajor,tambourmajor,Brandwein,NN,brandwein,12864,,
gdc,kscv.0,59338,59450,Tambourmajor,tambourmajor,giebt,VVFIN,gieben,12864,,
gdc,kscv.0,59338,59450,Tambourmajor,tambourmajor,courage,NN,couragen,12864,,
gdc,kscv.0,59338,59450,Tambourmajor,tambourmajor,"!",$.,--,12864,,
gdc,kscv.0,59456,59479,Eine,eine,Der,PDS,der,12864,,
gdc,kscv.0,59456,59479,Eine,eine,hat,VAFIN,haben,12864,,
gdc,kscv.0,59456,59479,Eine,eine,sei,VAFIN,sein,12864,,
gdc,kscv.0,59456,59479,Eine,eine,Fett,NN,fett,12864,,
gdc,kscv.0,59456,59479,Eine,eine,.,$.,--,12864,,
gdc,kscv.0,59484,59499,Andre,andre,Er,PPER,er,12864,,
gdc,kscv.0,59484,59499,Andre,andre,blut,VVFIN,blut,12864,,
gdc,kscv.0,59484,59499,Andre,andre,.,$.,--,12864,,
gdc,kscv.0,59504,59534,Woyzeck,woyzeck,Eins,NN,eins,12864,,
gdc,kscv.0,59504,59534,Woyzeck,woyzeck,nach,APPR,nach,12864,,
gdc,kscv.0,59504,59534,Woyzeck,woyzeck,dem,ART,der,12864,,
gdc,kscv.0,59504,59534,Woyzeck,woyzeck,andern,VVINF,anderer,12864,,
gdc,kscv.0,59504,59534,Woyzeck,woyzeck,.,$.,--,12864,,
gdc,kscv.0,59578,59615,Woyzeck,woyzeck,Das,ART,der,12864,,
gdc,kscv.0,59578,59615,Woyzeck,woyzeck,Pistolche,NN,pistolche,12864,,
gdc,kscv.0,59578,59615,Woyzeck,woyzeck,ist,VAFIN,sein,12864,,
gdc,kscv.0,59578,59615,Woyzeck,woyzeck,zu,PTKA,zu,12864,,
gdc,kscv.0,59578,59615,Woyzeck,woyzeck,theuer,ADJD,theuer,12864,,
gdc,kscv.0,59578,59615,Woyzeck,woyzeck,.,$.,--,12864,,
gdc,kscv.0,59620,59662,Jud,jud,Nu,XY,nu,12864,,
gdc,kscv.0,59620,59662,Jud,jud,",","$,",--,12864,,
gdc,kscv.0,59620,59662,Jud,jud,kauft,VVFIN,kaufen,12864,,
gdc,kscv.0,59620,59662,Jud,jud,',$(,--,12864,,
gdc,kscv.0,59620,59662,Jud,jud,s,PPER,--,12864,,
gdc,kscv.0,59620,59662,Jud,jud,oder,KON,oder,12864,,
gdc,kscv.0,59620,59662,Jud,jud,kauft,VVFIN,kaufen,12864,,
gdc,kscv.0,59620,59662,Jud,jud,',$(,--,12864,,
gdc,kscv.0,59620,59662,Jud,jud,s,PPER,--,12864,,
gdc,kscv.0,59620,59662,Jud,jud,nit,PTKVZ,nit,12864,,
gdc,kscv.0,59620,59662,Jud,jud,",","$,",--,12864,,
gdc,kscv.0,59620,59662,Jud,jud,was,PWS,was,12864,,
gdc,kscv.0,59620,59662,Jud,jud,is,PPER,--,12864,,
gdc,kscv.0,59620,59662,Jud,jud,?,$.,--,12864,,
gdc,kscv.0,59667,59696,Woyzeck,woyzeck,Was,PWS,was,12864,,
gdc,kscv.0,59667,59696,Woyzeck,woyzeck,kost,VVFIN,kosen,12864,,
gdc,kscv.0,59667,59696,Woyzeck,woyzeck,das,ART,der,12864,,
gdc,kscv.0,59667,59696,Woyzeck,woyzeck,Messer,NN,messer,12864,,
gdc,kscv.0,59667,59696,Woyzeck,woyzeck,?,$.,--,12864,,
gdc,kscv.0,59701,59927,Jud,jud,S,XY,--,12864,,
gdc,kscv.0,59701,59927,Jud,jud,',$(,--,12864,,
gdc,kscv.0,59701,59927,Jud,jud,ist,VAFIN,sein,12864,,
gdc,kscv.0,59701,59927,Jud,jud,ganz,ADV,ganz,12864,,
gdc,kscv.0,59701,59927,Jud,jud,",","$,",--,12864,,
gdc,kscv.0,59701,59927,Jud,jud,grad,ADJD,grad,12864,,
gdc,kscv.0,59701,59927,Jud,jud,.,$.,--,12864,,
gdc,kscv.0,59701,59927,Jud,jud,Wollt,VMFIN,wollen,12864,,
gdc,kscv.0,59701,59927,Jud,jud,Ihr,PPER,ihr,12864,,
gdc,kscv.0,59701,59927,Jud,jud,Euch,PPER,euch,12864,,
gdc,kscv.0,59701,59927,Jud,jud,den,ART,der,12864,,
gdc,kscv.0,59701,59927,Jud,jud,Hals,NN,hals,12864,,
gdc,kscv.0,59701,59927,Jud,jud,mit,APPR,mit,12864,,
gdc,kscv.0,59701,59927,Jud,jud,abschneide,NN,abschneiden,12864,,
gdc,kscv.0,59701,59927,Jud,jud,?,$.,--,12864,,
gdc,kscv.0,59701,59927,Jud,jud,Nu,XY,nu,12864,,
gdc,kscv.0,59701,59927,Jud,jud,",","$,",--,12864,,
gdc,kscv.0,59701,59927,Jud,jud,was,PWS,was,12864,,
gdc,kscv.0,59701,59927,Jud,jud,is,PPER,--,12864,,
gdc,kscv.0,59701,59927,Jud,jud,es,PPER,es,12864,,
gdc,kscv.0,59701,59927,Jud,jud,?,$.,--,12864,,
gdc,kscv.0,59701,59927,Jud,jud,Ich,PPER,ich,12864,jud,(27)
gdc,kscv.0,59701,59927,Jud,jud,geb,VVFIN,geb,12864,,
gdc,kscv.0,59701,59927,Jud,jud,',$(,--,12864,,
gdc,kscv.0,59701,59927,Jud,jud,s,PPER,--,12864,,
gdc,kscv.0,59701,59927,Jud,jud,Euch,PPER,euch,12864,,
gdc,kscv.0,59701,59927,Jud,jud,so,ADV,so,12864,,
gdc,kscv.0,59701,59927,Jud,jud,wohlfeil,ADJD,wohlfeil,12864,,
gdc,kscv.0,59701,59927,Jud,jud,wie,KOKOM,wie,12864,,
gdc,kscv.0,59701,59927,Jud,jud,ein,ART,ein,12864,,
gdc,kscv.0,59701,59927,Jud,jud,andrer,ADJA,andrer,12864,,
gdc,kscv.0,59701,59927,Jud,jud,",","$,",--,12864,,
gdc,kscv.0,59701,59927,Jud,jud,Ihr,PPER,ihr,12864,,
gdc,kscv.0,59701,59927,Jud,jud,sollt,VMFIN,sollen,12864,,
gdc,kscv.0,59701,59927,Jud,jud,Euern,NN,euer,12864,,
gdc,kscv.0,59701,59927,Jud,jud,Tod,NN,tod,12864,,
gdc,kscv.0,59701,59927,Jud,jud,wohlfeil,ADV,wohlfeil,12864,,
gdc,kscv.0,59701,59927,Jud,jud,haben,VAFIN,haben,12864,,
gdc,kscv.0,59701,59927,Jud,jud,",","$,",--,12864,,
gdc,kscv.0,59701,59927,Jud,jud,aber,ADV,aber,12864,,
gdc,kscv.0,59701,59927,Jud,jud,doch,ADV,doch,12864,,
gdc,kscv.0,59701,59927,Jud,jud,nit,ADV,nit,12864,,
gdc,kscv.0,59701,59927,Jud,jud,umsonst,ADV,umsonst,12864,,
gdc,kscv.0,59701,59927,Jud,jud,.,$.,--,12864,,
gdc,kscv.0,59701,59927,Jud,jud,Was,PWS,was,12864,,
gdc,kscv.0,59701,59927,Jud,jud,is,PPER,--,12864,,
gdc,kscv.0,59701,59927,Jud,jud,es,PPER,es,12864,,
gdc,kscv.0,59701,59927,Jud,jud,?,$.,--,12864,,
gdc,kscv.0,59701,59927,Jud,jud,Er,PPER,er,12864,,
gdc,kscv.0,59701,59927,Jud,jud,soll,VMFIN,sollen,12864,,
gdc,kscv.0,59701,59927,Jud,jud,nen,ART,nen,12864,,
gdc,kscv.0,59701,59927,Jud,jud,ökonomischen,ADJA,ökonomisch,12864,,
gdc,kscv.0,59701,59927,Jud,jud,Tod,NN,tod,12864,,
gdc,kscv.0,59701,59927,Jud,jud,habe,VAFIN,haben,12864,,
gdc,kscv.0,59701,59927,Jud,jud,.,$.,--,12864,,
gdc,kscv.0,59932,59973,Woyzeck,woyzeck,Das,PDS,der,12864,,
gdc,kscv.0,59932,59973,Woyzeck,woyzeck,kann,VMFIN,können,12864,,
gdc,kscv.0,59932,59973,Woyzeck,woyzeck,mehr,PIS,mehr,12864,,
gdc,kscv.0,59932,59973,Woyzeck,woyzeck,als,KOKOM,als,12864,,
gdc,kscv.0,59932,59973,Woyzeck,woyzeck,Brod,NN,brod,12864,,
gdc,kscv.0,59932,59973,Woyzeck,woyzeck,schneide,VVFIN,schneiden,12864,,
gdc,kscv.0,59932,59973,Woyzeck,woyzeck,.,$.,--,12864,,
gdc,kscv.0,59978,59996,Jud,jud,Zwee,NE,zwee,12864,,
gdc,kscv.0,59978,59996,Jud,jud,Grosche,NE,grosche,12864,,
gdc,kscv.0,59978,59996,Jud,jud,.,$.,--,12864,,
gdc,kscv.0,60001,60022,Woyzeck,woyzeck,Da,KOUS,da,12864,,
gdc,kscv.0,60001,60022,Woyzeck,woyzeck,"!",$.,--,12864,,
gdc,kscv.0,60027,60087,Jud,jud,Da,KOUS,da,12864,,
gdc,kscv.0,60027,60087,Jud,jud,"!",$.,--,12864,,
gdc,kscv.0,60027,60087,Jud,jud,Als,KOKOM,als,12864,,
gdc,kscv.0,60027,60087,Jud,jud,ob,KOUS,ob,12864,,
gdc,kscv.0,60027,60087,Jud,jud,',$(,--,12864,,
gdc,kscv.0,60027,60087,Jud,jud,s,PPER,--,12864,,
gdc,kscv.0,60027,60087,Jud,jud,nichts,PIS,nichts,12864,,
gdc,kscv.0,60027,60087,Jud,jud,wär,VAFIN,sein,12864,,
gdc,kscv.0,60027,60087,Jud,jud,.,$.,--,12864,,
gdc,kscv.0,60027,60087,Jud,jud,Und,KON,und,12864,,
gdc,kscv.0,60027,60087,Jud,jud,s,PPER,--,12864,,
gdc,kscv.0,60027,60087,Jud,jud,',$(,--,12864,,
gdc,kscv.0,60027,60087,Jud,jud,is,PPER,--,12864,,
gdc,kscv.0,60027,60087,Jud,jud,doch,ADV,doch,12864,,
gdc,kscv.0,60027,60087,Jud,jud,Geld,NN,geld,12864,,
gdc,kscv.0,60027,60087,Jud,jud,.,$.,--,12864,,
gdc,kscv.0,60027,60087,Jud,jud,Der,ART,der,12864,,
gdc,kscv.0,60027,60087,Jud,jud,Hund,NN,hund,12864,,
gdc,kscv.0,60027,60087,Jud,jud,.,$.,--,12864,,
gdc,kscv.0,60128,60680,Marie,marie,»,XY,»,12864,,
gdc,kscv.0,60128,60680,Marie,marie,Und,KON,und,12864,,
gdc,kscv.0,60128,60680,Marie,marie,ist,VAFIN,sein,12864,,
gdc,kscv.0,60128,60680,Marie,marie,kein,PIAT,kein,12864,,
gdc,kscv.0,60128,60680,Marie,marie,Betrug,NN,betrug,12864,,
gdc,kscv.0,60128,60680,Marie,marie,in,APPR,in,12864,,
gdc,kscv.0,60128,60680,Marie,marie,seinem,PPOSAT,sein,12864,,
gdc,kscv.0,60128,60680,Marie,marie,Munde,NN,mund,12864,,
gdc,kscv.0,60128,60680,Marie,marie,erfunden,VVPP,erfinden,12864,,
gdc,kscv.0,60128,60680,Marie,marie,«,$.,«,12864,,
gdc,kscv.0,60128,60680,Marie,marie,–,ADJA,–,12864,,
gdc,kscv.0,60128,60680,Marie,marie,Herrgott,NN,herrgott,12864,,
gdc,kscv.0,60128,60680,Marie,marie,"!",$.,--,12864,,
gdc,kscv.0,60128,60680,Marie,marie,Herrgott,NE,herrgott,12864,,
gdc,kscv.0,60128,60680,Marie,marie,"!",$.,--,12864,,
gdc,kscv.0,60128,60680,Marie,marie,Sieh,VVIMP,sieh,12864,,
gdc,kscv.0,60128,60680,Marie,marie,mich,PPER,mich,12864,marie,(2)
gdc,kscv.0,60128,60680,Marie,marie,nicht,PTKNEG,nicht,12864,,
gdc,kscv.0,60128,60680,Marie,marie,an,PTKVZ,an,12864,,
gdc,kscv.0,60128,60680,Marie,marie,.,$.,--,12864,,
gdc,kscv.0,60128,60680,Marie,marie,»,XY,»,12864,,
gdc,kscv.0,60128,60680,Marie,marie,Aber,KON,aber,12864,,
gdc,kscv.0,60128,60680,Marie,marie,die,ART,der,12864,,
gdc,kscv.0,60128,60680,Marie,marie,Pharisäer,NN,pharisäer,12864,,
gdc,kscv.0,60128,60680,Marie,marie,brachten,VVFIN,bringen,12864,,
gdc,kscv.0,60128,60680,Marie,marie,ein,ART,ein,12864,,
gdc,kscv.0,60128,60680,Marie,marie,Weib,NN,weib,12864,,
gdc,kscv.0,60128,60680,Marie,marie,zu,APPR,zu,12864,,
gdc,kscv.0,60128,60680,Marie,marie,ihm,PPER,ihm,12864,,
gdc,kscv.0,60128,60680,Marie,marie,",","$,",--,12864,,
gdc,kscv.0,60128,60680,Marie,marie,im,APPRART,in,12864,,
gdc,kscv.0,60128,60680,Marie,marie,Ehebruch,NN,ehebruch,12864,,
gdc,kscv.0,60128,60680,Marie,marie,begriffen,VVPP,begreifen,12864,,
gdc,kscv.0,60128,60680,Marie,marie,und,KON,und,12864,,
gdc,kscv.0,60128,60680,Marie,marie,stelleten,VVFIN,stelleen,12864,,
gdc,kscv.0,60128,60680,Marie,marie,sie,PPER,sie,12864,,
gdc,kscv.0,60128,60680,Marie,marie,in,APPR,in,12864,,
gdc,kscv.0,60128,60680,Marie,marie,',$(,--,12864,,
gdc,kscv.0,60128,60680,Marie,marie,s,ART,--,12864,,
gdc,kscv.0,60128,60680,Marie,marie,Mittel,NN,mittel,12864,,
gdc,kscv.0,60128,60680,Marie,marie,dar,PTKVZ,dar,12864,,
gdc,kscv.0,60128,60680,Marie,marie,.,$.,--,12864,,
gdc,kscv.0,60128,60680,Marie,marie,–,XY,–,12864,,
gdc,kscv.0,60128,60680,Marie,marie,Jesus,NE,Jesus,12864,,
gdc,kscv.0,60128,60680,Marie,marie,aber,ADV,aber,12864,,
gdc,kscv.0,60128,60680,Marie,marie,sprach,VVFIN,sprechen,12864,,
gdc,kscv.0,60128,60680,Marie,marie,:,$.,--,12864,,
gdc,kscv.0,60128,60680,Marie,marie,So,ADV,so,12864,,
gdc,kscv.0,60128,60680,Marie,marie,verdamme,VVFIN,verdammen,12864,,
gdc,kscv.0,60128,60680,Marie,marie,ich,PPER,ich,12864,marie,(2)
gdc,kscv.0,60128,60680,Marie,marie,dich,PRF,dich,12864,,
gdc,kscv.0,60128,60680,Marie,marie,auch,ADV,auch,12864,,
gdc,kscv.0,60128,60680,Marie,marie,nicht,PTKNEG,nicht,12864,,
gdc,kscv.0,60128,60680,Marie,marie,.,$.,--,12864,,
gdc,kscv.0,60128,60680,Marie,marie,Geh,XY,geh,12864,,
gdc,kscv.0,60128,60680,Marie,marie,hin,PTKVZ,hin,12864,,
gdc,kscv.0,60128,60680,Marie,marie,und,KON,und,12864,,
gdc,kscv.0,60128,60680,Marie,marie,sündige,VVFIN,sündig,12864,,
gdc,kscv.0,60128,60680,Marie,marie,hinfort,ADV,hinfort,12864,,
gdc,kscv.0,60128,60680,Marie,marie,nicht,PTKNEG,nicht,12864,,
gdc,kscv.0,60128,60680,Marie,marie,mehr,ADV,mehr,12864,,
gdc,kscv.0,60128,60680,Marie,marie,.,$.,--,12864,,
gdc,kscv.0,60128,60680,Marie,marie,«,XY,«,12864,,
gdc,kscv.0,60128,60680,Marie,marie,Herrgott,NE,herrgott,12864,,
gdc,kscv.0,60128,60680,Marie,marie,"!",$.,--,12864,,
gdc,kscv.0,60128,60680,Marie,marie,Herrgott,NE,herrgott,12864,,
gdc,kscv.0,60128,60680,Marie,marie,"!",$.,--,12864,,
gdc,kscv.0,60128,60680,Marie,marie,Ich,PPER,ich,12864,marie,(2)
gdc,kscv.0,60128,60680,Marie,marie,kann,VMFIN,können,12864,,
gdc,kscv.0,60128,60680,Marie,marie,nicht,PTKNEG,nicht,12864,,
gdc,kscv.0,60128,60680,Marie,marie,.,$.,--,12864,,
gdc,kscv.0,60128,60680,Marie,marie,Herrgott,NE,herrgott,12864,,
gdc,kscv.0,60128,60680,Marie,marie,gieb,VVFIN,geiben,12864,,
gdc,kscv.0,60128,60680,Marie,marie,mir,PPER,sich,12864,marie,(2)
gdc,kscv.0,60128,60680,Marie,marie,nur,ADV,nur,12864,,
gdc,kscv.0,60128,60680,Marie,marie,soviel,PIS,soviel,12864,,
gdc,kscv.0,60128,60680,Marie,marie,",","$,",--,12864,,
gdc,kscv.0,60128,60680,Marie,marie,daß,KOUS,daß,12864,,
gdc,kscv.0,60128,60680,Marie,marie,ich,PPER,ich,12864,marie,(2)
gdc,kscv.0,60128,60680,Marie,marie,beten,VVINF,beten,12864,,
gdc,kscv.0,60128,60680,Marie,marie,kann,VMFIN,können,12864,,
gdc,kscv.0,60128,60680,Marie,marie,.,$.,--,12864,,
gdc,kscv.0,60128,60680,Marie,marie,Das,ART,der,12864,,
gdc,kscv.0,60128,60680,Marie,marie,Kind,NN,kind,12864,,
gdc,kscv.0,60128,60680,Marie,marie,giebt,VVFIN,gieben,12864,,
gdc,kscv.0,60128,60680,Marie,marie,mir,PPER,sich,12864,marie,(2)
gdc,kscv.0,60128,60680,Marie,marie,einen,ART,ein,12864,,
gdc,kscv.0,60128,60680,Marie,marie,Stich,NN,stich,12864,,
gdc,kscv.0,60128,60680,Marie,marie,in,APPR,in,12864,,
gdc,kscv.0,60128,60680,Marie,marie,',$(,--,12864,,
gdc,kscv.0,60128,60680,Marie,marie,s,ART,--,12864,,
gdc,kscv.0,60128,60680,Marie,marie,Herz,NN,herz,12864,,
gdc,kscv.0,60128,60680,Marie,marie,.,$.,--,12864,,
gdc,kscv.0,60128,60680,Marie,marie,Karl,NE,karl,12864,,
gdc,kscv.0,60128,60680,Marie,marie,"!",$.,--,12864,,
gdc,kscv.0,60128,60680,Marie,marie,Das,PDS,der,12864,,
gdc,kscv.0,60128,60680,Marie,marie,brüst,VVFIN,brüsen,12864,,
gdc,kscv.0,60128,60680,Marie,marie,sich,PRF,sich,12864,,
gdc,kscv.0,60128,60680,Marie,marie,in,APPR,in,12864,,
gdc,kscv.0,60128,60680,Marie,marie,der,ART,der,12864,,
gdc,kscv.0,60128,60680,Marie,marie,Sonne,NN,sonne,12864,,
gdc,kscv.0,60128,60680,Marie,marie,"!",$.,--,12864,,
gdc,kscv.0,60685,60888,Karl/Narr,karl_narr,Der,PDS,der,12864,,
gdc,kscv.0,60685,60888,Karl/Narr,karl_narr,hat,VAFIN,haben,12864,,
gdc,kscv.0,60685,60888,Karl/Narr,karl_narr,die,ART,der,12864,,
gdc,kscv.0,60685,60888,Karl/Narr,karl_narr,golden,ADJA,gold,12864,,
gdc,kscv.0,60685,60888,Karl/Narr,karl_narr,Kron,NE,kron,12864,,
gdc,kscv.0,60685,60888,Karl/Narr,karl_narr,",","$,",--,12864,,
gdc,kscv.0,60685,60888,Karl/Narr,karl_narr,der,ART,der,12864,,
gdc,kscv.0,60685,60888,Karl/Narr,karl_narr,Herr,NN,herr,12864,herr,(18)
gdc,kscv.0,60685,60888,Karl/Narr,karl_narr,König,NN,könig,12864,,
gdc,kscv.0,60685,60888,Karl/Narr,karl_narr,.,$.,--,12864,,
gdc,kscv.0,60685,60888,Karl/Narr,karl_narr,Morgen,ADV,morgen,12864,,
gdc,kscv.0,60685,60888,Karl/Narr,karl_narr,hol,VAFIN,hol,12864,,
gdc,kscv.0,60685,60888,Karl/Narr,karl_narr,',$(,--,12864,,
gdc,kscv.0,60685,60888,Karl/Narr,karl_narr,ich,PPER,ich,12864,karl_narr,(5)
gdc,kscv.0,60685,60888,Karl/Narr,karl_narr,der,ART,der,12864,,
gdc,kscv.0,60685,60888,Karl/Narr,karl_narr,Frau,NN,frau,12864,,
gdc,kscv.0,60685,60888,Karl/Narr,karl_narr,Königin,NE,königin,12864,,
gdc,kscv.0,60685,60888,Karl/Narr,karl_narr,ihr,PPOSAT,ihr,12864,,
gdc,kscv.0,60685,60888,Karl/Narr,karl_narr,Kind,NN,kind,12864,,
gdc,kscv.0,60685,60888,Karl/Narr,karl_narr,.,$.,--,12864,,
gdc,kscv.0,60685,60888,Karl/Narr,karl_narr,Blutwurst,NN,blutwurst,12864,,
gdc,kscv.0,60685,60888,Karl/Narr,karl_narr,sagt,VVFIN,sagen,12864,,
gdc,kscv.0,60685,60888,Karl/Narr,karl_narr,:,$.,--,12864,,
gdc,kscv.0,60685,60888,Karl/Narr,karl_narr,komm,VVIMP,kommen,12864,,
gdc,kscv.0,60685,60888,Karl/Narr,karl_narr,Leberwurst,NN,leberwurst,12864,,
gdc,kscv.0,60685,60888,Karl/Narr,karl_narr,"!",$.,--,12864,,
gdc,kscv.0,60893,61271,Marie,marie,Der,ART,der,12864,,
gdc,kscv.0,60893,61271,Marie,marie,Franz,NE,franz,12864,,
gdc,kscv.0,60893,61271,Marie,marie,ist,VAFIN,sein,12864,,
gdc,kscv.0,60893,61271,Marie,marie,nit,ADJD,nit,12864,,
gdc,kscv.0,60893,61271,Marie,marie,gekomm,ADJD,gekomm,12864,,
gdc,kscv.0,60893,61271,Marie,marie,",","$,",--,12864,,
gdc,kscv.0,60893,61271,Marie,marie,gestern,ADV,gestern,12864,,
gdc,kscv.0,60893,61271,Marie,marie,nit,ADJD,nit,12864,,
gdc,kscv.0,60893,61271,Marie,marie,",","$,",--,12864,,
gdc,kscv.0,60893,61271,Marie,marie,heut,ADV,heut,12864,,
gdc,kscv.0,60893,61271,Marie,marie,nit,ADJD,nit,12864,,
gdc,kscv.0,60893,61271,Marie,marie,",","$,",--,12864,,
gdc,kscv.0,60893,61271,Marie,marie,es,PPER,es,12864,,
gdc,kscv.0,60893,61271,Marie,marie,wird,VAFIN,werden,12864,,
gdc,kscv.0,60893,61271,Marie,marie,heiß,ADJD,heiß,12864,,
gdc,kscv.0,60893,61271,Marie,marie,hier,ADV,hier,12864,,
gdc,kscv.0,60893,61271,Marie,marie,.,$.,--,12864,,
gdc,kscv.0,60893,61271,Marie,marie,»,XY,»,12864,,
gdc,kscv.0,60893,61271,Marie,marie,Und,KON,und,12864,,
gdc,kscv.0,60893,61271,Marie,marie,trat,VVFIN,treten,12864,,
gdc,kscv.0,60893,61271,Marie,marie,hinein,ADV,hinein,12864,,
gdc,kscv.0,60893,61271,Marie,marie,zu,APPR,zu,12864,,
gdc,kscv.0,60893,61271,Marie,marie,seinen,PPOSAT,sein,12864,,
gdc,kscv.0,60893,61271,Marie,marie,Füßen,NN,fuß,12864,,
gdc,kscv.0,60893,61271,Marie,marie,und,KON,und,12864,,
gdc,kscv.0,60893,61271,Marie,marie,weinete,VVFIN,weinen,12864,,
gdc,kscv.0,60893,61271,Marie,marie,und,KON,und,12864,,
gdc,kscv.0,60893,61271,Marie,marie,fing,VVFIN,fangen,12864,,
gdc,kscv.0,60893,61271,Marie,marie,an,APPR,an,12864,,
gdc,kscv.0,60893,61271,Marie,marie,seine,PPOSAT,sein,12864,,
gdc,kscv.0,60893,61271,Marie,marie,Füße,NN,fuß,12864,,
gdc,kscv.0,60893,61271,Marie,marie,zu,PTKZU,zu,12864,,
gdc,kscv.0,60893,61271,Marie,marie,netzen,VVINF,netzen,12864,,
gdc,kscv.0,60893,61271,Marie,marie,mit,APPR,mit,12864,,
gdc,kscv.0,60893,61271,Marie,marie,Thränen,NN,thran,12864,,
gdc,kscv.0,60893,61271,Marie,marie,und,KON,und,12864,,
gdc,kscv.0,60893,61271,Marie,marie,mit,APPR,mit,12864,,
gdc,kscv.0,60893,61271,Marie,marie,den,ART,der,12864,,
gdc,kscv.0,60893,61271,Marie,marie,Haaren,NN,haar,12864,,
gdc,kscv.0,60893,61271,Marie,marie,ihres,PPOSAT,ihr,12864,,
gdc,kscv.0,60893,61271,Marie,marie,Hauptes,NN,haupt,12864,,
gdc,kscv.0,60893,61271,Marie,marie,zu,PTKZU,zu,12864,,
gdc,kscv.0,60893,61271,Marie,marie,trocknen,VVINF,trocknen,12864,,
gdc,kscv.0,60893,61271,Marie,marie,und,KON,und,12864,,
gdc,kscv.0,60893,61271,Marie,marie,küssete,VVFIN,küssen,12864,,
gdc,kscv.0,60893,61271,Marie,marie,seine,PPOSAT,sein,12864,,
gdc,kscv.0,60893,61271,Marie,marie,Füße,NN,fuß,12864,,
gdc,kscv.0,60893,61271,Marie,marie,und,KON,und,12864,,
gdc,kscv.0,60893,61271,Marie,marie,salbete,VVFIN,salben,12864,,
gdc,kscv.0,60893,61271,Marie,marie,sie,PPER,sie,12864,,
gdc,kscv.0,60893,61271,Marie,marie,mit,APPR,mit,12864,,
gdc,kscv.0,60893,61271,Marie,marie,Salben,NN,salbe,12864,,
gdc,kscv.0,60893,61271,Marie,marie,.,$.,--,12864,,
gdc,kscv.0,60893,61271,Marie,marie,«,XY,«,12864,,
gdc,kscv.0,60893,61271,Marie,marie,Alles,PIS,alle,12864,,
gdc,kscv.0,60893,61271,Marie,marie,todt,NE,todt,12864,,
gdc,kscv.0,60893,61271,Marie,marie,"!",$.,--,12864,,
gdc,kscv.0,60893,61271,Marie,marie,Heiland,NE,heiland,12864,,
gdc,kscv.0,60893,61271,Marie,marie,",","$,",--,12864,,
gdc,kscv.0,60893,61271,Marie,marie,Heiland,NE,heiland,12864,,
gdc,kscv.0,60893,61271,Marie,marie,ich,PPER,ich,12864,marie,(2)
gdc,kscv.0,60893,61271,Marie,marie,möchte,VMFIN,möchten,12864,,
gdc,kscv.0,60893,61271,Marie,marie,dir,PPER,dir,12864,,
gdc,kscv.0,60893,61271,Marie,marie,die,ART,der,12864,,
gdc,kscv.0,60893,61271,Marie,marie,Füße,NN,fuß,12864,,
gdc,kscv.0,60893,61271,Marie,marie,salben,VVINF,salben,12864,,
gdc,kscv.0,60893,61271,Marie,marie,.,$.,--,12864,,
gdc,kscv.0,61345,61798,Woyzeck,woyzeck,Das,ART,der,12864,,
gdc,kscv.0,61345,61798,Woyzeck,woyzeck,Kamisolche,NN,kamisolcher,12864,,
gdc,kscv.0,61345,61798,Woyzeck,woyzeck,Andres,NE,andres,12864,andres,(4)
gdc,kscv.0,61345,61798,Woyzeck,woyzeck,",","$,",--,12864,,
gdc,kscv.0,61345,61798,Woyzeck,woyzeck,ist,VAFIN,sein,12864,,
gdc,kscv.0,61345,61798,Woyzeck,woyzeck,nit,APPR,nit,12864,,
gdc,kscv.0,61345,61798,Woyzeck,woyzeck,zur,APPRART,zu,12864,,
gdc,kscv.0,61345,61798,Woyzeck,woyzeck,Montur,NN,montur,12864,,
gdc,kscv.0,61345,61798,Woyzeck,woyzeck,",","$,",--,12864,,
gdc,kscv.0,61345,61798,Woyzeck,woyzeck,du,PPER,du,12864,,
gdc,kscv.0,61345,61798,Woyzeck,woyzeck,kannst,VVFIN,können,12864,,
gdc,kscv.0,61345,61798,Woyzeck,woyzeck,',$(,--,12864,,
gdc,kscv.0,61345,61798,Woyzeck,woyzeck,s,PPER,--,12864,,
gdc,kscv.0,61345,61798,Woyzeck,woyzeck,brauche,VVFIN,brauchen,12864,,
gdc,kscv.0,61345,61798,Woyzeck,woyzeck,Andres,NE,andres,12864,andres,(4)
gdc,kscv.0,61345,61798,Woyzeck,woyzeck,.,$.,--,12864,,
gdc,kscv.0,61345,61798,Woyzeck,woyzeck,Das,ART,der,12864,,
gdc,kscv.0,61345,61798,Woyzeck,woyzeck,Kreuz,NN,kreuz,12864,,
gdc,kscv.0,61345,61798,Woyzeck,woyzeck,is,APPR,--,12864,,
gdc,kscv.0,61345,61798,Woyzeck,woyzeck,meiner,PPOSAT,mein,12864,woyzeck,(1)
gdc,kscv.0,61345,61798,Woyzeck,woyzeck,Schwester,NN,schwester,12864,,
gdc,kscv.0,61345,61798,Woyzeck,woyzeck,und,KON,und,12864,,
gdc,kscv.0,61345,61798,Woyzeck,woyzeck,das,ART,der,12864,,
gdc,kscv.0,61345,61798,Woyzeck,woyzeck,Ringlein,NN,ringlein,12864,,
gdc,kscv.0,61345,61798,Woyzeck,woyzeck,",","$,",--,12864,,
gdc,kscv.0,61345,61798,Woyzeck,woyzeck,ich,PPER,ich,12864,woyzeck,(1)
gdc,kscv.0,61345,61798,Woyzeck,woyzeck,hab,VVFIN,hab,12864,,
gdc,kscv.0,61345,61798,Woyzeck,woyzeck,auch,ADV,auch,12864,,
gdc,kscv.0,61345,61798,Woyzeck,woyzeck,noch,ADV,noch,12864,,
gdc,kscv.0,61345,61798,Woyzeck,woyzeck,ein,ART,ein,12864,,
gdc,kscv.0,61345,61798,Woyzeck,woyzeck,Heiligen,NN,heilige,12864,,
gdc,kscv.0,61345,61798,Woyzeck,woyzeck,",","$,",--,12864,,
gdc,kscv.0,61345,61798,Woyzeck,woyzeck,zwei,CARD,zwei,12864,,
gdc,kscv.0,61345,61798,Woyzeck,woyzeck,Herze,NN,herze,12864,,
gdc,kscv.0,61345,61798,Woyzeck,woyzeck,und,KON,und,12864,,
gdc,kscv.0,61345,61798,Woyzeck,woyzeck,schön,ADJD,schön,12864,,
gdc,kscv.0,61345,61798,Woyzeck,woyzeck,Gold,NN,gold,12864,,
gdc,kscv.0,61345,61798,Woyzeck,woyzeck,",","$,",--,12864,,
gdc,kscv.0,61345,61798,Woyzeck,woyzeck,es,PPER,es,12864,,
gdc,kscv.0,61345,61798,Woyzeck,woyzeck,lag,VVFIN,liegen,12864,,
gdc,kscv.0,61345,61798,Woyzeck,woyzeck,in,APPR,in,12864,,
gdc,kscv.0,61345,61798,Woyzeck,woyzeck,meiner,PPOSAT,mein,12864,woyzeck,(1)
gdc,kscv.0,61345,61798,Woyzeck,woyzeck,Mutter,NN,mutter,12864,,
gdc,kscv.0,61345,61798,Woyzeck,woyzeck,Bibel,NN,bibel,12864,,
gdc,kscv.0,61345,61798,Woyzeck,woyzeck,",","$,",--,12864,,
gdc,kscv.0,61345,61798,Woyzeck,woyzeck,und,KON,und,12864,,
gdc,kscv.0,61345,61798,Woyzeck,woyzeck,da,ADV,da,12864,,
gdc,kscv.0,61345,61798,Woyzeck,woyzeck,steht,VVFIN,stehen,12864,,
gdc,kscv.0,61345,61798,Woyzeck,woyzeck,:,$.,--,12864,,
gdc,kscv.0,61345,61798,Woyzeck,woyzeck,Leiden,NN,leiden,12864,,
gdc,kscv.0,61345,61798,Woyzeck,woyzeck,sey,NE,sey,12864,,
gdc,kscv.0,61345,61798,Woyzeck,woyzeck,all,PIAT,all,12864,,
gdc,kscv.0,61345,61798,Woyzeck,woyzeck,mein,PPOSAT,mein,12864,woyzeck,(1)
gdc,kscv.0,61345,61798,Woyzeck,woyzeck,Gewinst,NN,gewinst,12864,,
gdc,kscv.0,61345,61798,Woyzeck,woyzeck,",","$,",--,12864,,
gdc,kscv.0,61345,61798,Woyzeck,woyzeck,Leiden,NN,leiden,12864,,
gdc,kscv.0,61345,61798,Woyzeck,woyzeck,sey,NE,sey,12864,,
gdc,kscv.0,61345,61798,Woyzeck,woyzeck,mein,PPOSAT,mein,12864,woyzeck,(1)
gdc,kscv.0,61345,61798,Woyzeck,woyzeck,Gottesdienst,NN,gottesdienst,12864,,
gdc,kscv.0,61345,61798,Woyzeck,woyzeck,.,$.,--,12864,,
gdc,kscv.0,61345,61798,Woyzeck,woyzeck,Herr,NN,herr,12864,herr,(18)
gdc,kscv.0,61345,61798,Woyzeck,woyzeck,wie,KOKOM,wie,12864,,
gdc,kscv.0,61345,61798,Woyzeck,woyzeck,dein,PPOSAT,dein,12864,,
gdc,kscv.0,61345,61798,Woyzeck,woyzeck,Leib,NN,leib,12864,,
gdc,kscv.0,61345,61798,Woyzeck,woyzeck,war,VAFIN,sein,12864,,
gdc,kscv.0,61345,61798,Woyzeck,woyzeck,roth,ADJD,roth,12864,,
gdc,kscv.0,61345,61798,Woyzeck,woyzeck,und,KON,und,12864,,
gdc,kscv.0,61345,61798,Woyzeck,woyzeck,wund,ADJD,wund,12864,,
gdc,kscv.0,61345,61798,Woyzeck,woyzeck,",","$,",--,12864,,
gdc,kscv.0,61345,61798,Woyzeck,woyzeck,So,ADV,so,12864,,
gdc,kscv.0,61345,61798,Woyzeck,woyzeck,laß,ADJD,lassen,12864,,
gdc,kscv.0,61345,61798,Woyzeck,woyzeck,mein,PPOSAT,mein,12864,woyzeck,(1)
gdc,kscv.0,61345,61798,Woyzeck,woyzeck,Herz,NN,herz,12864,,
gdc,kscv.0,61345,61798,Woyzeck,woyzeck,seyn,ADV,seyn,12864,,
gdc,kscv.0,61345,61798,Woyzeck,woyzeck,aller,PIAT,aller,12864,,
gdc,kscv.0,61345,61798,Woyzeck,woyzeck,Stund,NN,stund,12864,,
gdc,kscv.0,61345,61798,Woyzeck,woyzeck,.,$.,--,12864,,
gdc,kscv.0,61345,61798,Woyzeck,woyzeck,Mei,APPR,mei,12864,,
gdc,kscv.0,61345,61798,Woyzeck,woyzeck,Mutter,NN,mutter,12864,,
gdc,kscv.0,61345,61798,Woyzeck,woyzeck,fühlt,VVFIN,fühlen,12864,,
gdc,kscv.0,61345,61798,Woyzeck,woyzeck,nur,ADV,nur,12864,,
gdc,kscv.0,61345,61798,Woyzeck,woyzeck,noch,ADV,noch,12864,,
gdc,kscv.0,61345,61798,Woyzeck,woyzeck,",","$,",--,12864,,
gdc,kscv.0,61345,61798,Woyzeck,woyzeck,wenn,KOUS,wenn,12864,,
gdc,kscv.0,61345,61798,Woyzeck,woyzeck,ihr,PPER,ihr,12864,,
gdc,kscv.0,61345,61798,Woyzeck,woyzeck,die,ART,der,12864,,
gdc,kscv.0,61345,61798,Woyzeck,woyzeck,Sonn,NN,sonn,12864,,
gdc,kscv.0,61345,61798,Woyzeck,woyzeck,auf,APPR,auf,12864,,
gdc,kscv.0,61345,61798,Woyzeck,woyzeck,die,ART,der,12864,,
gdc,kscv.0,61345,61798,Woyzeck,woyzeck,Händ,NN,händ,12864,,
gdc,kscv.0,61345,61798,Woyzeck,woyzeck,scheint,VVFIN,scheinen,12864,,
gdc,kscv.0,61345,61798,Woyzeck,woyzeck,.,$.,--,12864,,
gdc,kscv.0,61345,61798,Woyzeck,woyzeck,Das,ART,der,12864,,
gdc,kscv.0,61345,61798,Woyzeck,woyzeck,thut,NN,thut,12864,,
gdc,kscv.0,61345,61798,Woyzeck,woyzeck,nix,VVFIN,nix,12864,,
gdc,kscv.0,61345,61798,Woyzeck,woyzeck,.,$.,--,12864,,
gdc,kscv.0,61803,61845,Andres,andres,Ja,PTKANT,ja,12864,,
gdc,kscv.0,61803,61845,Andres,andres,wohl,ADV,wohl,12864,,
gdc,kscv.0,61803,61845,Andres,andres,.,$.,--,12864,,
gdc,kscv.0,61850,62033,Woyzeck,woyzeck,Friedrich,NE,friedrich,12864,,
gdc,kscv.0,61850,62033,Woyzeck,woyzeck,Johann,NE,johann,12864,,
gdc,kscv.0,61850,62033,Woyzeck,woyzeck,Franz,NE,franz,12864,,
gdc,kscv.0,61850,62033,Woyzeck,woyzeck,Woyzeck,NE,woyzeck,12864,woyzeck,(1)
gdc,kscv.0,61850,62033,Woyzeck,woyzeck,",","$,",--,12864,,
gdc,kscv.0,61850,62033,Woyzeck,woyzeck,Wehrmann,NE,wehrmann,12864,,
gdc,kscv.0,61850,62033,Woyzeck,woyzeck,",","$,",--,12864,,
gdc,kscv.0,61850,62033,Woyzeck,woyzeck,Füsilir,NE,füsilir,12864,,
gdc,kscv.0,61850,62033,Woyzeck,woyzeck,im,APPRART,in,12864,,
gdc,kscv.0,61850,62033,Woyzeck,woyzeck,2,CARD,2,12864,,
gdc,kscv.0,61850,62033,Woyzeck,woyzeck,.,$.,--,12864,,
gdc,kscv.0,61850,62033,Woyzeck,woyzeck,Regiment,NN,regiment,12864,,
gdc,kscv.0,61850,62033,Woyzeck,woyzeck,",","$,",--,12864,,
gdc,kscv.0,61850,62033,Woyzeck,woyzeck,2,CARD,2,12864,,
gdc,kscv.0,61850,62033,Woyzeck,woyzeck,.,$.,--,12864,,
gdc,kscv.0,61850,62033,Woyzeck,woyzeck,Bataillon,NN,bataillon,12864,,
gdc,kscv.0,61850,62033,Woyzeck,woyzeck,",","$,",--,12864,,
gdc,kscv.0,61850,62033,Woyzeck,woyzeck,4,CARD,4,12864,,
gdc,kscv.0,61850,62033,Woyzeck,woyzeck,.,$.,--,12864,,
gdc,kscv.0,61850,62033,Woyzeck,woyzeck,Compagnie,NN,Compagnie,12864,,
gdc,kscv.0,61850,62033,Woyzeck,woyzeck,",","$,",--,12864,,
gdc,kscv.0,61850,62033,Woyzeck,woyzeck,geb,VVPP,geb,12864,,
gdc,kscv.0,61850,62033,Woyzeck,woyzeck,.,$.,--,12864,,
gdc,kscv.0,61850,62033,Woyzeck,woyzeck,d,XY,D,12864,,
gdc,kscv.0,61850,62033,Woyzeck,woyzeck,.,$.,--,12864,,
gdc,kscv.0,61850,62033,Woyzeck,woyzeck,i,XY,I,12864,,
gdc,kscv.0,61850,62033,Woyzeck,woyzeck,.,$.,--,12864,,
gdc,kscv.0,61850,62033,Woyzeck,woyzeck,ich,PPER,ich,12864,woyzeck,(1)
gdc,kscv.0,61850,62033,Woyzeck,woyzeck,bin,VAFIN,sein,12864,,
gdc,kscv.0,61850,62033,Woyzeck,woyzeck,heut,ADV,heut,12864,,
gdc,kscv.0,61850,62033,Woyzeck,woyzeck,alt,ADJD,alt,12864,,
gdc,kscv.0,61850,62033,Woyzeck,woyzeck,30,CARD,30,12864,,
gdc,kscv.0,61850,62033,Woyzeck,woyzeck,Jahr,NN,jahr,12864,,
gdc,kscv.0,61850,62033,Woyzeck,woyzeck,",","$,",--,12864,,
gdc,kscv.0,61850,62033,Woyzeck,woyzeck,7,CARD,7,12864,,
gdc,kscv.0,61850,62033,Woyzeck,woyzeck,Monat,NN,monat,12864,,
gdc,kscv.0,61850,62033,Woyzeck,woyzeck,und,KON,und,12864,,
gdc,kscv.0,61850,62033,Woyzeck,woyzeck,12,CARD,12,12864,,
gdc,kscv.0,61850,62033,Woyzeck,woyzeck,Tage,NN,tag,12864,,
gdc,kscv.0,61850,62033,Woyzeck,woyzeck,.,$.,--,12864,,
gdc,kscv.0,62038,62143,Andres,andres,Franz,NE,franz,12864,,
gdc,kscv.0,62038,62143,Andres,andres,",","$,",--,12864,,
gdc,kscv.0,62038,62143,Andres,andres,du,PPER,du,12864,,
gdc,kscv.0,62038,62143,Andres,andres,kommst,VVFIN,kommst,12864,,
gdc,kscv.0,62038,62143,Andres,andres,in,APPR,in,12864,,
gdc,kscv.0,62038,62143,Andres,andres,',$(,--,12864,,
gdc,kscv.0,62038,62143,Andres,andres,s,ART,--,12864,,
gdc,kscv.0,62038,62143,Andres,andres,Lazareth,NE,lazareth,12864,,
gdc,kscv.0,62038,62143,Andres,andres,.,$.,--,12864,,
gdc,kscv.0,62038,62143,Andres,andres,Armer,NN,armer,12864,,
gdc,kscv.0,62038,62143,Andres,andres,du,PPER,du,12864,,
gdc,kscv.0,62038,62143,Andres,andres,mußt,VMFIN,mussen,12864,,
gdc,kscv.0,62038,62143,Andres,andres,Schnaps,NN,schnaps,12864,,
gdc,kscv.0,62038,62143,Andres,andres,trinke,VVINF,trinken,12864,,
gdc,kscv.0,62038,62143,Andres,andres,und,KON,und,12864,,
gdc,kscv.0,62038,62143,Andres,andres,Pulver,NN,pulver,12864,,
gdc,kscv.0,62038,62143,Andres,andres,drin,ADV,drin,12864,,
gdc,kscv.0,62038,62143,Andres,andres,das,ART,der,12864,,
gdc,kscv.0,62038,62143,Andres,andres,tödt,NN,tödt,12864,,
gdc,kscv.0,62038,62143,Andres,andres,das,ART,der,12864,,
gdc,kscv.0,62038,62143,Andres,andres,Fieber,NN,fieber,12864,,
gdc,kscv.0,62038,62143,Andres,andres,.,$.,--,12864,,
gdc,kscv.0,62148,62257,Woyzeck,woyzeck,Ja,PTKANT,ja,12864,,
gdc,kscv.0,62148,62257,Woyzeck,woyzeck,Andres,NE,andres,12864,andres,(4)
gdc,kscv.0,62148,62257,Woyzeck,woyzeck,",","$,",--,12864,,
gdc,kscv.0,62148,62257,Woyzeck,woyzeck,wann,PWAV,wann,12864,,
gdc,kscv.0,62148,62257,Woyzeck,woyzeck,der,ART,der,12864,,
gdc,kscv.0,62148,62257,Woyzeck,woyzeck,Schreiner,NE,schreiner,12864,,
gdc,kscv.0,62148,62257,Woyzeck,woyzeck,die,ART,der,12864,,
gdc,kscv.0,62148,62257,Woyzeck,woyzeck,Hobelspän,NE,hobelspän,12864,,
gdc,kscv.0,62148,62257,Woyzeck,woyzeck,sammlet,VVFIN,sammlen,12864,,
gdc,kscv.0,62148,62257,Woyzeck,woyzeck,",","$,",--,12864,,
gdc,kscv.0,62148,62257,Woyzeck,woyzeck,es,PPER,es,12864,,
gdc,kscv.0,62148,62257,Woyzeck,woyzeck,weiß,VVFIN,weiß,12864,,
gdc,kscv.0,62148,62257,Woyzeck,woyzeck,niemand,PIS,niemand,12864,,
gdc,kscv.0,62148,62257,Woyzeck,woyzeck,",","$,",--,12864,,
gdc,kscv.0,62148,62257,Woyzeck,woyzeck,wer,PWS,wer,12864,,
gdc,kscv.0,62148,62257,Woyzeck,woyzeck,sein,PPOSAT,sein,12864,,
gdc,kscv.0,62148,62257,Woyzeck,woyzeck,Kopf,NN,kopf,12864,,
gdc,kscv.0,62148,62257,Woyzeck,woyzeck,drauf,PROAV,drauf,12864,,
gdc,kscv.0,62148,62257,Woyzeck,woyzeck,lege,NN,legen,12864,,
gdc,kscv.0,62148,62257,Woyzeck,woyzeck,wird,VAFIN,werden,12864,,
gdc,kscv.0,62148,62257,Woyzeck,woyzeck,.,$.,--,12864,,
