corpus,drama,begin,end,Speaker.figure_surface,Speaker.figure_id,Token.surface,Token.pos,Token.lemma,length,Mentioned.figure_surface,Mentioned.figure_id
gdc,t977.0,739,847,_Stage,_Stage,Feenpalast,NN,feenpalast,17193,,
gdc,t977.0,739,847,_Stage,_Stage,.,$.,--,17193,,
gdc,t977.0,739,847,_Stage,_Stage,Fee,NE,fee,17193,,(1)
gdc,t977.0,739,847,_Stage,_Stage,Rosalinde,NE,rosalinde,17193,,
gdc,t977.0,739,847,_Stage,_Stage,",","$,",--,17193,,
gdc,t977.0,739,847,_Stage,_Stage,auf,APPR,auf,17193,,
gdc,t977.0,739,847,_Stage,_Stage,einem,ART,ein,17193,,
gdc,t977.0,739,847,_Stage,_Stage,Blumenthron,NN,blumenthron,17193,,
gdc,t977.0,739,847,_Stage,_Stage,",","$,",--,17193,,
gdc,t977.0,739,847,_Stage,_Stage,der,PRELS,der,17193,,
gdc,t977.0,739,847,_Stage,_Stage,zur,APPRART,zu,17193,,
gdc,t977.0,739,847,_Stage,_Stage,Seite,NN,seite,17193,,
gdc,t977.0,739,847,_Stage,_Stage,steht,VVFIN,stehen,17193,,
gdc,t977.0,739,847,_Stage,_Stage,.,$.,--,17193,,
gdc,t977.0,739,847,_Stage,_Stage,Nymphen,NN,nymphe,17193,,
gdc,t977.0,739,847,_Stage,_Stage,gruppieren,VVFIN,gruppieren,17193,,
gdc,t977.0,739,847,_Stage,_Stage,sich,PRF,sich,17193,,
gdc,t977.0,739,847,_Stage,_Stage,um,APPR,um,17193,,
gdc,t977.0,739,847,_Stage,_Stage,sie,PPER,sie,17193,,
gdc,t977.0,739,847,_Stage,_Stage,herum,PTKVZ,herum,17193,,
gdc,t977.0,739,847,_Stage,_Stage,.,$.,--,17193,,
gdc,t977.0,2215,2480,Fee,fee,Musik,NN,musik,17193,,
gdc,t977.0,2215,2480,Fee,fee,.,$.,--,17193,,
gdc,t977.0,2215,2480,Fee,fee,Die,ART,der,17193,,
gdc,t977.0,2215,2480,Fee,fee,Hinterwand,NN,hinterwand,17193,,
gdc,t977.0,2215,2480,Fee,fee,geht,VVFIN,gehen,17193,,
gdc,t977.0,2215,2480,Fee,fee,auf,PTKVZ,auf,17193,,
gdc,t977.0,2215,2480,Fee,fee,",","$,",--,17193,,
gdc,t977.0,2215,2480,Fee,fee,man,PIS,man,17193,,
gdc,t977.0,2215,2480,Fee,fee,sieht,VVFIN,sehen,17193,,
gdc,t977.0,2215,2480,Fee,fee,in,APPR,in,17193,,
gdc,t977.0,2215,2480,Fee,fee,einer,ART,ein,17193,,
gdc,t977.0,2215,2480,Fee,fee,ovalen,ADJA,oval,17193,,
gdc,t977.0,2215,2480,Fee,fee,Öffnung,NN,öffnung,17193,,
gdc,t977.0,2215,2480,Fee,fee,die,ART,der,17193,,
gdc,t977.0,2215,2480,Fee,fee,nächstkommende,ADJA,nächstkommend,17193,,
gdc,t977.0,2215,2480,Fee,fee,Szene,NN,szene,17193,,
gdc,t977.0,2215,2480,Fee,fee,en,FM,--,17193,,
gdc,t977.0,2215,2480,Fee,fee,miniature,FM,miniature,17193,,
gdc,t977.0,2215,2480,Fee,fee,abgebildet,VVPP,abbilden,17193,,
gdc,t977.0,2215,2480,Fee,fee,und,KON,und,17193,,
gdc,t977.0,2215,2480,Fee,fee,Quecksilber,NN,quecksilber,17193,,(2)
gdc,t977.0,2215,2480,Fee,fee,",","$,",--,17193,,
gdc,t977.0,2215,2480,Fee,fee,durch,APPR,durch,17193,,
gdc,t977.0,2215,2480,Fee,fee,einen,ART,ein,17193,,
gdc,t977.0,2215,2480,Fee,fee,Knaben,NN,knabe,17193,,
gdc,t977.0,2215,2480,Fee,fee,repräsentiert,VVPP,repräsentieren,17193,,
gdc,t977.0,2215,2480,Fee,fee,",","$,",--,17193,,
gdc,t977.0,2215,2480,Fee,fee,auf,APPR,auf,17193,,
gdc,t977.0,2215,2480,Fee,fee,einer,ART,ein,17193,,
gdc,t977.0,2215,2480,Fee,fee,Ruine,NN,ruine,17193,,
gdc,t977.0,2215,2480,Fee,fee,sitzen,VVINF,sitzen,17193,,
gdc,t977.0,2215,2480,Fee,fee,.,$.,--,17193,,
gdc,t977.0,2215,2480,Fee,fee,Die,ART,der,17193,,
gdc,t977.0,2215,2480,Fee,fee,Musik,NN,musik,17193,,
gdc,t977.0,2215,2480,Fee,fee,spielt,VVFIN,spielen,17193,,
gdc,t977.0,2215,2480,Fee,fee,sehr,ADV,sehr,17193,,
gdc,t977.0,2215,2480,Fee,fee,piano,NE,piano,17193,,
gdc,t977.0,2215,2480,Fee,fee,den,ART,der,17193,,
gdc,t977.0,2215,2480,Fee,fee,Gesang,NN,gesang,17193,,
gdc,t977.0,2215,2480,Fee,fee,von,APPR,von,17193,,
gdc,t977.0,2215,2480,Fee,fee,Quecksilbers,NE,quecksilber,17193,,
gdc,t977.0,2215,2480,Fee,fee,nachfolgender,ADJA,nachfolgend,17193,,
gdc,t977.0,2215,2480,Fee,fee,Arie,NN,arie,17193,,
gdc,t977.0,2215,2480,Fee,fee,.,$.,--,17193,,
gdc,t977.0,2748,2784,Fee,fee,winkt,VVFIN,winken,17193,,
gdc,t977.0,2748,2784,Fee,fee,",","$,",--,17193,,
gdc,t977.0,2748,2784,Fee,fee,die,ART,der,17193,,
gdc,t977.0,2748,2784,Fee,fee,Erscheinung,NN,erscheinung,17193,,
gdc,t977.0,2748,2784,Fee,fee,verschwindet,VVFIN,verschwinden,17193,,
gdc,t977.0,2748,2784,Fee,fee,.,$.,--,17193,,
gdc,t977.0,2872,2947,Lidi,lidi,befolgt,VVFIN,befolgen,17193,,
gdc,t977.0,2872,2947,Lidi,lidi,es,PPER,es,17193,,
gdc,t977.0,2872,2947,Lidi,lidi,in,APPR,in,17193,,
gdc,t977.0,2872,2947,Lidi,lidi,einem,ART,ein,17193,,
gdc,t977.0,2872,2947,Lidi,lidi,Buche,NN,buch,17193,,
gdc,t977.0,2872,2947,Lidi,lidi,",","$,",--,17193,,
gdc,t977.0,2872,2947,Lidi,lidi,welches,PRELS,welcher,17193,,
gdc,t977.0,2872,2947,Lidi,lidi,auf,APPR,auf,17193,,
gdc,t977.0,2872,2947,Lidi,lidi,einem,ART,ein,17193,,
gdc,t977.0,2872,2947,Lidi,lidi,Postamente,NN,postament,17193,,
gdc,t977.0,2872,2947,Lidi,lidi,aus,APPR,aus,17193,,
gdc,t977.0,2872,2947,Lidi,lidi,der,ART,der,17193,,
gdc,t977.0,2872,2947,Lidi,lidi,Erde,NN,erde,17193,,
gdc,t977.0,2872,2947,Lidi,lidi,kommt,VVFIN,kommen,17193,,
gdc,t977.0,2872,2947,Lidi,lidi,.,$.,--,17193,,
gdc,t977.0,3101,3128,Lidi,lidi,Das,ART,der,17193,,
gdc,t977.0,3101,3128,Lidi,lidi,Postament,NN,postament,17193,,
gdc,t977.0,3101,3128,Lidi,lidi,verschwindet,VVFIN,verschwinden,17193,,
gdc,t977.0,3101,3128,Lidi,lidi,.,$.,--,17193,,
gdc,t977.0,3217,3255,Fee,fee,Sie,PPER,sie,17193,,
gdc,t977.0,3217,3255,Fee,fee,zieht,VVFIN,ziehen,17193,,
gdc,t977.0,3217,3255,Fee,fee,mit,APPR,mit,17193,,
gdc,t977.0,3217,3255,Fee,fee,ihrem,PPOSAT,ihr,17193,,
gdc,t977.0,3217,3255,Fee,fee,Stabe,NN,stabe,17193,,
gdc,t977.0,3217,3255,Fee,fee,einen,ART,ein,17193,,
gdc,t977.0,3217,3255,Fee,fee,Kreis,NN,kreis,17193,,
gdc,t977.0,3217,3255,Fee,fee,.,$.,--,17193,,
gdc,t977.0,3257,3265,Fee,fee,Melodram,NN,melodram,17193,,
gdc,t977.0,3442,3462,Fee,fee,Alle,PIS,aller,17193,,(19)
gdc,t977.0,3442,3462,Fee,fee,entfernen,VVFIN,entfernen,17193,,
gdc,t977.0,3442,3462,Fee,fee,sich,PRF,sich,17193,,
gdc,t977.0,3442,3462,Fee,fee,.,$.,--,17193,,
gdc,t977.0,3486,3629,_Stage,_Stage,Ruinen,NN,ruine,17193,,
gdc,t977.0,3486,3629,_Stage,_Stage,",","$,",--,17193,,
gdc,t977.0,3486,3629,_Stage,_Stage,wie,KOKOM,wie,17193,,
gdc,t977.0,3486,3629,_Stage,_Stage,selbe,ADV,selbe,17193,,
gdc,t977.0,3486,3629,_Stage,_Stage,vorher,ADV,vorher,17193,,
gdc,t977.0,3486,3629,_Stage,_Stage,en,FM,--,17193,,
gdc,t977.0,3486,3629,_Stage,_Stage,miniature,FM,miniature,17193,,
gdc,t977.0,3486,3629,_Stage,_Stage,zu,PTKZU,zu,17193,,
gdc,t977.0,3486,3629,_Stage,_Stage,sehen,VVINF,sehen,17193,,
gdc,t977.0,3486,3629,_Stage,_Stage,waren,VAFIN,sein,17193,,
gdc,t977.0,3486,3629,_Stage,_Stage,.,$.,--,17193,,
gdc,t977.0,3486,3629,_Stage,_Stage,Im,APPRART,in,17193,,
gdc,t977.0,3486,3629,_Stage,_Stage,Hintergrunde,NN,hintergrunde,17193,,
gdc,t977.0,3486,3629,_Stage,_Stage,die,ART,der,17193,,
gdc,t977.0,3486,3629,_Stage,_Stage,See,NN,see,17193,,
gdc,t977.0,3486,3629,_Stage,_Stage,.,$.,--,17193,,
gdc,t977.0,3486,3629,_Stage,_Stage,Man,PIS,man,17193,,
gdc,t977.0,3486,3629,_Stage,_Stage,hört,VVFIN,hören,17193,,
gdc,t977.0,3486,3629,_Stage,_Stage,das,ART,der,17193,,
gdc,t977.0,3486,3629,_Stage,_Stage,Ritornell,NN,ritornell,17193,,
gdc,t977.0,3486,3629,_Stage,_Stage,von,APPR,von,17193,,
gdc,t977.0,3486,3629,_Stage,_Stage,Quecksilbers,NE,quecksilber,17193,,
gdc,t977.0,3486,3629,_Stage,_Stage,Arie,NE,arie,17193,,
gdc,t977.0,3486,3629,_Stage,_Stage,.,$.,--,17193,,
gdc,t977.0,3486,3629,_Stage,_Stage,Quecksilber,NN,quecksilber,17193,,(2)
gdc,t977.0,3486,3629,_Stage,_Stage,kommt,VVFIN,kommen,17193,,
gdc,t977.0,3486,3629,_Stage,_Stage,.,$.,--,17193,,
gdc,t977.0,3644,3648,Quecksilber,quecksilber,Arie,NN,arie,17193,,
gdc,t977.0,5688,5694,Quecksilber,quecksilber,Weint,VVFIN,weinen,17193,,
gdc,t977.0,5688,5694,Quecksilber,quecksilber,.,$.,--,17193,,
gdc,t977.0,5998,6046,Quecksilber,quecksilber,Man,PIS,man,17193,,
gdc,t977.0,5998,6046,Quecksilber,quecksilber,hört,VVFIN,hören,17193,,
gdc,t977.0,5998,6046,Quecksilber,quecksilber,leise,ADV,leise,17193,,
gdc,t977.0,5998,6046,Quecksilber,quecksilber,eine,ART,ein,17193,,
gdc,t977.0,5998,6046,Quecksilber,quecksilber,unterirdische,ADJA,unterirdisch,17193,,
gdc,t977.0,5998,6046,Quecksilber,quecksilber,Musik,NN,musik,17193,,
gdc,t977.0,5998,6046,Quecksilber,quecksilber,ertönen,VVINF,ertönen,17193,,
gdc,t977.0,5998,6046,Quecksilber,quecksilber,.,$.,--,17193,,
gdc,t977.0,6770,6941,Quecksilber,quecksilber,Donnerschlag,NN,donnerschlag,17193,,
gdc,t977.0,6770,6941,Quecksilber,quecksilber,.,$.,--,17193,,
gdc,t977.0,6770,6941,Quecksilber,quecksilber,Musik,NN,musik,17193,,
gdc,t977.0,6770,6941,Quecksilber,quecksilber,.,$.,--,17193,,
gdc,t977.0,6770,6941,Quecksilber,quecksilber,Es,PPER,es,17193,,
gdc,t977.0,6770,6941,Quecksilber,quecksilber,steigen,VVFIN,steigen,17193,,
gdc,t977.0,6770,6941,Quecksilber,quecksilber,drei,CARD,drei,17193,,
gdc,t977.0,6770,6941,Quecksilber,quecksilber,Postamente,NN,postament,17193,,
gdc,t977.0,6770,6941,Quecksilber,quecksilber,aus,APPR,aus,17193,,
gdc,t977.0,6770,6941,Quecksilber,quecksilber,der,ART,der,17193,,
gdc,t977.0,6770,6941,Quecksilber,quecksilber,Erde,NN,erde,17193,,
gdc,t977.0,6770,6941,Quecksilber,quecksilber,",","$,",--,17193,,
gdc,t977.0,6770,6941,Quecksilber,quecksilber,auf,APPR,auf,17193,,
gdc,t977.0,6770,6941,Quecksilber,quecksilber,denen,PRELS,der,17193,,
gdc,t977.0,6770,6941,Quecksilber,quecksilber,ein,ART,ein,17193,,
gdc,t977.0,6770,6941,Quecksilber,quecksilber,silbernes,ADJA,silbern,17193,,
gdc,t977.0,6770,6941,Quecksilber,quecksilber,Waldhorn,NN,waldhorn,17193,,
gdc,t977.0,6770,6941,Quecksilber,quecksilber,",","$,",--,17193,,
gdc,t977.0,6770,6941,Quecksilber,quecksilber,eine,ART,ein,17193,,
gdc,t977.0,6770,6941,Quecksilber,quecksilber,schwarze,ADJA,schwarz,17193,,
gdc,t977.0,6770,6941,Quecksilber,quecksilber,Binde,NN,binde,17193,,
gdc,t977.0,6770,6941,Quecksilber,quecksilber,mit,APPR,mit,17193,,
gdc,t977.0,6770,6941,Quecksilber,quecksilber,Zaubercharakteren,NN,zaubercharakter,17193,,
gdc,t977.0,6770,6941,Quecksilber,quecksilber,und,KON,und,17193,,
gdc,t977.0,6770,6941,Quecksilber,quecksilber,ein,ART,ein,17193,,
gdc,t977.0,6770,6941,Quecksilber,quecksilber,goldenes,ADJA,golden,17193,,
gdc,t977.0,6770,6941,Quecksilber,quecksilber,Stäbchen,NN,stäbchen,17193,,
gdc,t977.0,6770,6941,Quecksilber,quecksilber,liegen,VVFIN,liegen,17193,,
gdc,t977.0,6770,6941,Quecksilber,quecksilber,.,$.,--,17193,,
gdc,t977.0,7324,7433,Quecksilber,quecksilber,Donnerschlag,NN,donnerschlag,17193,,
gdc,t977.0,7324,7433,Quecksilber,quecksilber,.,$.,--,17193,,
gdc,t977.0,7324,7433,Quecksilber,quecksilber,Die,ART,der,17193,,
gdc,t977.0,7324,7433,Quecksilber,quecksilber,Ruinen,NN,ruine,17193,,
gdc,t977.0,7324,7433,Quecksilber,quecksilber,verwandeln,VVFIN,verwandeln,17193,,
gdc,t977.0,7324,7433,Quecksilber,quecksilber,sich,PRF,sich,17193,,
gdc,t977.0,7324,7433,Quecksilber,quecksilber,in,APPR,in,17193,,
gdc,t977.0,7324,7433,Quecksilber,quecksilber,ein,ART,ein,17193,,
gdc,t977.0,7324,7433,Quecksilber,quecksilber,hellrotes,ADJA,hellrot,17193,,
gdc,t977.0,7324,7433,Quecksilber,quecksilber,Wolkenzelt,NN,wolkenzelt,17193,,
gdc,t977.0,7324,7433,Quecksilber,quecksilber,",","$,",--,17193,,
gdc,t977.0,7324,7433,Quecksilber,quecksilber,mit,APPR,mit,17193,,
gdc,t977.0,7324,7433,Quecksilber,quecksilber,weißen,ADJA,weiß,17193,,
gdc,t977.0,7324,7433,Quecksilber,quecksilber,Rosen,NN,rose,17193,,
gdc,t977.0,7324,7433,Quecksilber,quecksilber,garniert,VVPP,garnieren,17193,,
gdc,t977.0,7324,7433,Quecksilber,quecksilber,.,$.,--,17193,,
gdc,t977.0,7324,7433,Quecksilber,quecksilber,Kurze,ADJA,kurz,17193,,
gdc,t977.0,7324,7433,Quecksilber,quecksilber,Musik,NN,musik,17193,,
gdc,t977.0,7324,7433,Quecksilber,quecksilber,.,$.,--,17193,,
gdc,t977.0,7434,7482,Quecksilber,quecksilber,Lidi,NE,lidi,17193,,(0)
gdc,t977.0,7434,7482,Quecksilber,quecksilber,tritt,VVFIN,treten,17193,,
gdc,t977.0,7434,7482,Quecksilber,quecksilber,in,APPR,in,17193,,
gdc,t977.0,7434,7482,Quecksilber,quecksilber,Begleitung,NN,begleitung,17193,,
gdc,t977.0,7434,7482,Quecksilber,quecksilber,von,APPR,von,17193,,
gdc,t977.0,7434,7482,Quecksilber,quecksilber,drei,CARD,drei,17193,,
gdc,t977.0,7434,7482,Quecksilber,quecksilber,Genien,NN,genien,17193,,
gdc,t977.0,7434,7482,Quecksilber,quecksilber,heraus,PTKVZ,heraus,17193,,
gdc,t977.0,7434,7482,Quecksilber,quecksilber,.,$.,--,17193,,
gdc,t977.0,7689,7712,Quecksilber,quecksilber,Die,ART,der,17193,,
gdc,t977.0,7689,7712,Quecksilber,quecksilber,drei,CARD,drei,17193,,
gdc,t977.0,7689,7712,Quecksilber,quecksilber,Genien,NN,genien,17193,,
gdc,t977.0,7689,7712,Quecksilber,quecksilber,lachen,VVINF,lachen,17193,,
gdc,t977.0,7689,7712,Quecksilber,quecksilber,.,$.,--,17193,,
gdc,t977.0,7804,7893,Quecksilber,quecksilber,Die,ART,der,17193,,(18
gdc,t977.0,7804,7893,Quecksilber,quecksilber,Genien,NN,genien,17193,,18)
gdc,t977.0,7804,7893,Quecksilber,quecksilber,haben,VAFIN,haben,17193,,
gdc,t977.0,7804,7893,Quecksilber,quecksilber,gleich,ADV,gleich,17193,,
gdc,t977.0,7804,7893,Quecksilber,quecksilber,bei,APPR,bei,17193,,
gdc,t977.0,7804,7893,Quecksilber,quecksilber,ihrem,PPOSAT,ihr,17193,,
gdc,t977.0,7804,7893,Quecksilber,quecksilber,Kommen,NN,kommen,17193,,
gdc,t977.0,7804,7893,Quecksilber,quecksilber,die,ART,der,17193,,
gdc,t977.0,7804,7893,Quecksilber,quecksilber,Gaben,NN,gabe,17193,,
gdc,t977.0,7804,7893,Quecksilber,quecksilber,genommen,VVPP,nehmen,17193,,
gdc,t977.0,7804,7893,Quecksilber,quecksilber,",","$,",--,17193,,
gdc,t977.0,7804,7893,Quecksilber,quecksilber,die,ART,der,17193,,
gdc,t977.0,7804,7893,Quecksilber,quecksilber,Postamente,NN,postament,17193,,
gdc,t977.0,7804,7893,Quecksilber,quecksilber,verschwinden,VVINF,verschwinden,17193,,
gdc,t977.0,7804,7893,Quecksilber,quecksilber,.,$.,--,17193,,
gdc,t977.0,8560,8622,Lidi,lidi,Sie,PPER,sie,17193,,
gdc,t977.0,8560,8622,Lidi,lidi,geht,VVFIN,gehen,17193,,
gdc,t977.0,8560,8622,Lidi,lidi,zurück,PTKVZ,zurück,17193,,
gdc,t977.0,8560,8622,Lidi,lidi,",","$,",--,17193,,
gdc,t977.0,8560,8622,Lidi,lidi,das,ART,der,17193,,
gdc,t977.0,8560,8622,Lidi,lidi,Zelt,NN,zelt,17193,,
gdc,t977.0,8560,8622,Lidi,lidi,verwandelt,VVFIN,verwandeln,17193,,
gdc,t977.0,8560,8622,Lidi,lidi,sich,PRF,sich,17193,,
gdc,t977.0,8560,8622,Lidi,lidi,wieder,ADV,wieder,17193,,
gdc,t977.0,8560,8622,Lidi,lidi,in,APPR,in,17193,,
gdc,t977.0,8560,8622,Lidi,lidi,die,ART,der,17193,,
gdc,t977.0,8560,8622,Lidi,lidi,Ruine,NN,ruine,17193,,
gdc,t977.0,8560,8622,Lidi,lidi,.,$.,--,17193,,
gdc,t977.0,8637,8697,Die Genien,die_genien,geben,VVFIN,geben,17193,,
gdc,t977.0,8637,8697,Die Genien,die_genien,ihm,PPER,ihm,17193,,
gdc,t977.0,8637,8697,Die Genien,die_genien,die,ART,der,17193,,
gdc,t977.0,8637,8697,Die Genien,die_genien,Gaben,NN,gabe,17193,,
gdc,t977.0,8637,8697,Die Genien,die_genien,und,KON,und,17193,,
gdc,t977.0,8637,8697,Die Genien,die_genien,rufen,VVFIN,rufen,17193,,
gdc,t977.0,8637,8697,Die Genien,die_genien,ihm,PPER,ihm,17193,,
gdc,t977.0,8637,8697,Die Genien,die_genien,mit,APPR,mit,17193,,
gdc,t977.0,8637,8697,Die Genien,die_genien,dem,ART,der,17193,,
gdc,t977.0,8637,8697,Die Genien,die_genien,Finger,NN,finger,17193,,
gdc,t977.0,8637,8697,Die Genien,die_genien,drohend,ADJD,drohend,17193,,
gdc,t977.0,8637,8697,Die Genien,die_genien,zu,PTKVZ,zu,17193,,
gdc,t977.0,8637,8697,Die Genien,die_genien,.,$.,--,17193,,
gdc,t977.0,8702,8723,Die Genien,die_genien,Und,KON,und,17193,,
gdc,t977.0,8702,8723,Die Genien,die_genien,gehen,VVINF,gehen,17193,,
gdc,t977.0,8702,8723,Die Genien,die_genien,lachend,ADJD,lachend,17193,,
gdc,t977.0,8702,8723,Die Genien,die_genien,ab,PTKVZ,ab,17193,,
gdc,t977.0,8702,8723,Die Genien,die_genien,.,$.,--,17193,,
gdc,t977.0,8741,8752,Quecksilber,quecksilber,nachrufend,ADJD,nachrufend,17193,,
gdc,t977.0,8741,8752,Quecksilber,quecksilber,.,$.,--,17193,,
gdc,t977.0,9118,9169,_Stage,_Stage,Matrosen,NN,matrose,17193,,(19)
gdc,t977.0,9118,9169,_Stage,_Stage,kommen,VVFIN,kommen,17193,,
gdc,t977.0,9118,9169,_Stage,_Stage,auf,APPR,auf,17193,,
gdc,t977.0,9118,9169,_Stage,_Stage,einem,ART,ein,17193,,
gdc,t977.0,9118,9169,_Stage,_Stage,Boot,NN,boot,17193,,
gdc,t977.0,9118,9169,_Stage,_Stage,angefahren,VVPP,anfahren,17193,,
gdc,t977.0,9118,9169,_Stage,_Stage,.,$.,--,17193,,
gdc,t977.0,9118,9169,_Stage,_Stage,Voriger,NN,voriger,17193,,
gdc,t977.0,9118,9169,_Stage,_Stage,.,$.,--,17193,,
gdc,t977.0,9181,9185,Alle Matrosen,alle_matrosen,Chor,NN,chor,17193,,
gdc,t977.0,9309,9334,Alle Matrosen,alle_matrosen,Alle,PIS,alle,17193,,(19)
gdc,t977.0,9309,9334,Alle Matrosen,alle_matrosen,steigen,VVFIN,steigen,17193,,
gdc,t977.0,9309,9334,Alle Matrosen,alle_matrosen,an,APPR,an,17193,,
gdc,t977.0,9309,9334,Alle Matrosen,alle_matrosen,das,ART,der,17193,,
gdc,t977.0,9309,9334,Alle Matrosen,alle_matrosen,Land,NN,land,17193,,
gdc,t977.0,9309,9334,Alle Matrosen,alle_matrosen,.,$.,--,17193,,
gdc,t977.0,9694,9736,Erster Matrose,erster_matrose,sieht,VVFIN,sehen,17193,,
gdc,t977.0,9694,9736,Erster Matrose,erster_matrose,einen,ART,ein,17193,,
gdc,t977.0,9694,9736,Erster Matrose,erster_matrose,Barometer,NN,barometer,17193,,
gdc,t977.0,9694,9736,Erster Matrose,erster_matrose,auf,APPR,auf,17193,,
gdc,t977.0,9694,9736,Erster Matrose,erster_matrose,der,ART,der,17193,,
gdc,t977.0,9694,9736,Erster Matrose,erster_matrose,Erde,NN,erde,17193,,
gdc,t977.0,9694,9736,Erster Matrose,erster_matrose,liegen,VVFIN,liegen,17193,,
gdc,t977.0,9694,9736,Erster Matrose,erster_matrose,.,$.,--,17193,,
gdc,t977.0,9779,9792,Erster Matrose,erster_matrose,Hebt,VVFIN,heben,17193,,
gdc,t977.0,9779,9792,Erster Matrose,erster_matrose,ihn,PPER,ihn,17193,,
gdc,t977.0,9779,9792,Erster Matrose,erster_matrose,auf,PTKVZ,auf,17193,,
gdc,t977.0,9779,9792,Erster Matrose,erster_matrose,.,$.,--,17193,,
gdc,t977.0,10523,10535,Quecksilber,quecksilber,Alle,PIS,aller,17193,,(19)
gdc,t977.0,10523,10535,Quecksilber,quecksilber,lachen,VVFIN,lachen,17193,,
gdc,t977.0,10523,10535,Quecksilber,quecksilber,.,$.,--,17193,,
gdc,t977.0,10673,10781,Quecksilber,quecksilber,Läuft,VVFIN,laufen,17193,,
gdc,t977.0,10673,10781,Quecksilber,quecksilber,zum,APPRART,zu,17193,,
gdc,t977.0,10673,10781,Quecksilber,quecksilber,Boot,NN,boot,17193,,
gdc,t977.0,10673,10781,Quecksilber,quecksilber,",","$,",--,17193,,
gdc,t977.0,10673,10781,Quecksilber,quecksilber,berührt,VVFIN,berühren,17193,,
gdc,t977.0,10673,10781,Quecksilber,quecksilber,es,PPER,es,17193,,
gdc,t977.0,10673,10781,Quecksilber,quecksilber,",","$,",--,17193,,
gdc,t977.0,10673,10781,Quecksilber,quecksilber,und,KON,und,17193,,
gdc,t977.0,10673,10781,Quecksilber,quecksilber,es,PPER,es,17193,,
gdc,t977.0,10673,10781,Quecksilber,quecksilber,verwandelt,VVFIN,verwandeln,17193,,
gdc,t977.0,10673,10781,Quecksilber,quecksilber,sich,PRF,sich,17193,,
gdc,t977.0,10673,10781,Quecksilber,quecksilber,schnell,ADJD,schnell,17193,,
gdc,t977.0,10673,10781,Quecksilber,quecksilber,in,APPR,in,17193,,
gdc,t977.0,10673,10781,Quecksilber,quecksilber,ein,ART,ein,17193,,
gdc,t977.0,10673,10781,Quecksilber,quecksilber,segelfertiges,ADJA,segelfertig,17193,,
gdc,t977.0,10673,10781,Quecksilber,quecksilber,Schiff,NN,schiff,17193,,
gdc,t977.0,10673,10781,Quecksilber,quecksilber,von,APPR,von,17193,,
gdc,t977.0,10673,10781,Quecksilber,quecksilber,gediegenem,ADJA,gediegen,17193,,
gdc,t977.0,10673,10781,Quecksilber,quecksilber,Golde,NN,golde,17193,,
gdc,t977.0,10673,10781,Quecksilber,quecksilber,.,$.,--,17193,,
gdc,t977.0,10805,10838,Alle Matrosen,alle_matrosen,fallen,VVINF,fallen,17193,,
gdc,t977.0,10805,10838,Alle Matrosen,alle_matrosen,rings,ADV,rings,17193,,
gdc,t977.0,10805,10838,Alle Matrosen,alle_matrosen,um,APPR,um,17193,,
gdc,t977.0,10805,10838,Alle Matrosen,alle_matrosen,ihn,PPER,ihn,17193,,
gdc,t977.0,10805,10838,Alle Matrosen,alle_matrosen,auf,APPR,auf,17193,,
gdc,t977.0,10805,10838,Alle Matrosen,alle_matrosen,die,ART,der,17193,,
gdc,t977.0,10805,10838,Alle Matrosen,alle_matrosen,Knie,NN,knie,17193,,
gdc,t977.0,10805,10838,Alle Matrosen,alle_matrosen,.,$.,--,17193,,
gdc,t977.0,10909,10926,Quecksilber,quecksilber,mit,APPR,mit,17193,,
gdc,t977.0,10909,10926,Quecksilber,quecksilber,Stolz,NN,stolz,17193,,
gdc,t977.0,10909,10926,Quecksilber,quecksilber,",","$,",--,17193,,
gdc,t977.0,10909,10926,Quecksilber,quecksilber,winkt,VVFIN,winken,17193,,
gdc,t977.0,10909,10926,Quecksilber,quecksilber,.,$.,--,17193,,
gdc,t977.0,12094,12098,Alle Matrosen,alle_matrosen,Chor,NN,chor,17193,,
gdc,t977.0,12241,12282,Alle Matrosen,alle_matrosen,Alle,PIS,aller,17193,,(19)
gdc,t977.0,12241,12282,Alle Matrosen,alle_matrosen,steigen,VVFIN,steigen,17193,,
gdc,t977.0,12241,12282,Alle Matrosen,alle_matrosen,in,APPR,in,17193,,
gdc,t977.0,12241,12282,Alle Matrosen,alle_matrosen,das,ART,der,17193,,
gdc,t977.0,12241,12282,Alle Matrosen,alle_matrosen,Schiff,NN,schiff,17193,,
gdc,t977.0,12241,12282,Alle Matrosen,alle_matrosen,und,KON,und,17193,,
gdc,t977.0,12241,12282,Alle Matrosen,alle_matrosen,fahren,VVFIN,fahren,17193,,
gdc,t977.0,12241,12282,Alle Matrosen,alle_matrosen,ab,PTKVZ,ab,17193,,
gdc,t977.0,12241,12282,Alle Matrosen,alle_matrosen,.,$.,--,17193,,
gdc,t977.0,12306,12518,_Stage,_Stage,Ein,ART,ein,17193,,
gdc,t977.0,12306,12518,_Stage,_Stage,Gemach,NN,gemach,17193,,
gdc,t977.0,12306,12518,_Stage,_Stage,.,$.,--,17193,,
gdc,t977.0,12306,12518,_Stage,_Stage,Sklaven,NN,sklave,17193,,
gdc,t977.0,12306,12518,_Stage,_Stage,kommen,VVFIN,kommen,17193,,
gdc,t977.0,12306,12518,_Stage,_Stage,und,KON,und,17193,,
gdc,t977.0,12306,12518,_Stage,_Stage,bereiten,VVFIN,bereiten,17193,,
gdc,t977.0,12306,12518,_Stage,_Stage,mit,APPR,mit,17193,,
gdc,t977.0,12306,12518,_Stage,_Stage,Pölstern,NN,pölster,17193,,
gdc,t977.0,12306,12518,_Stage,_Stage,eine,ART,ein,17193,,
gdc,t977.0,12306,12518,_Stage,_Stage,Art,NN,Art,17193,,
gdc,t977.0,12306,12518,_Stage,_Stage,Ruhelager,NN,ruhelager,17193,,
gdc,t977.0,12306,12518,_Stage,_Stage,.,$.,--,17193,,
gdc,t977.0,12306,12518,_Stage,_Stage,Sklavinnen,NN,sklavin,17193,,
gdc,t977.0,12306,12518,_Stage,_Stage,kommen,VVFIN,kommen,17193,,
gdc,t977.0,12306,12518,_Stage,_Stage,tanzend,ADJD,tanzend,17193,,
gdc,t977.0,12306,12518,_Stage,_Stage,mit,APPR,mit,17193,,
gdc,t977.0,12306,12518,_Stage,_Stage,großen,ADJA,groß,17193,,
gdc,t977.0,12306,12518,_Stage,_Stage,Fächern,NN,fach,17193,,
gdc,t977.0,12306,12518,_Stage,_Stage,;,$.,--,17193,,
gdc,t977.0,12306,12518,_Stage,_Stage,endlich,ADV,endlich,17193,,
gdc,t977.0,12306,12518,_Stage,_Stage,Tutu,NE,tutu,17193,,(7)
gdc,t977.0,12306,12518,_Stage,_Stage,mit,APPR,mit,17193,,
gdc,t977.0,12306,12518,_Stage,_Stage,einem,ART,ein,17193,,
gdc,t977.0,12306,12518,_Stage,_Stage,großen,ADJA,groß,17193,,
gdc,t977.0,12306,12518,_Stage,_Stage,Sonnenschirm,NN,sonnenschirm,17193,,
gdc,t977.0,12306,12518,_Stage,_Stage,",","$,",--,17193,,
gdc,t977.0,12306,12518,_Stage,_Stage,er,PPER,er,17193,,
gdc,t977.0,12306,12518,_Stage,_Stage,läßt,VVFIN,lassen,17193,,
gdc,t977.0,12306,12518,_Stage,_Stage,sich,PRF,sich,17193,,
gdc,t977.0,12306,12518,_Stage,_Stage,auf,APPR,auf,17193,,
gdc,t977.0,12306,12518,_Stage,_Stage,die,ART,der,17193,,
gdc,t977.0,12306,12518,_Stage,_Stage,zubereiteten,ADJA,zubereitet,17193,,
gdc,t977.0,12306,12518,_Stage,_Stage,Pölster,NN,pölster,17193,,
gdc,t977.0,12306,12518,_Stage,_Stage,nieder,PTKVZ,nieder,17193,,
gdc,t977.0,12306,12518,_Stage,_Stage,.,$.,--,17193,,
gdc,t977.0,12758,12789,Tutu,tutu,Man,PIS,man,17193,,
gdc,t977.0,12758,12789,Tutu,tutu,hört,VVFIN,hören,17193,,
gdc,t977.0,12758,12789,Tutu,tutu,Lärm,NN,lärm,17193,,
gdc,t977.0,12758,12789,Tutu,tutu,hinter,APPR,hinter,17193,,
gdc,t977.0,12758,12789,Tutu,tutu,der,ART,der,17193,,
gdc,t977.0,12758,12789,Tutu,tutu,Szene,NN,szene,17193,,
gdc,t977.0,12758,12789,Tutu,tutu,.,$.,--,17193,,
gdc,t977.0,12930,12942,_Stage,_Stage,Linda,NE,linda,17193,,(8)
gdc,t977.0,12930,12942,_Stage,_Stage,.,$.,--,17193,,
gdc,t977.0,12930,12942,_Stage,_Stage,Tutu,NE,tutu,17193,,(7)
gdc,t977.0,12930,12942,_Stage,_Stage,.,$.,--,17193,,
gdc,t977.0,12950,12994,Linda,linda,stürzt,VVFIN,stürzen,17193,,
gdc,t977.0,12950,12994,Linda,linda,herein,PTKVZ,herein,17193,,
gdc,t977.0,12950,12994,Linda,linda,und,KON,und,17193,,
gdc,t977.0,12950,12994,Linda,linda,wirft,VVFIN,werfen,17193,,
gdc,t977.0,12950,12994,Linda,linda,sich,PRF,sich,17193,,
gdc,t977.0,12950,12994,Linda,linda,zu,APPR,zu,17193,,
gdc,t977.0,12950,12994,Linda,linda,Tutus,NE,tutus,17193,,
gdc,t977.0,12950,12994,Linda,linda,Füßen,NE,fuß,17193,,
gdc,t977.0,12950,12994,Linda,linda,.,$.,--,17193,,
gdc,t977.0,13228,13244,_Stage,_Stage,Zoraide,NN,zoraide,17193,,(9)
gdc,t977.0,13228,13244,_Stage,_Stage,.,$.,--,17193,,
gdc,t977.0,13228,13244,_Stage,_Stage,Vorige,NN,vorige,17193,,
gdc,t977.0,13228,13244,_Stage,_Stage,.,$.,--,17193,,
gdc,t977.0,13796,13811,_Stage,_Stage,Hassar,NE,hassar,17193,,(10)
gdc,t977.0,13796,13811,_Stage,_Stage,.,$.,--,17193,,
gdc,t977.0,13796,13811,_Stage,_Stage,Vorige,NN,vorige,17193,,
gdc,t977.0,13796,13811,_Stage,_Stage,.,$.,--,17193,,
gdc,t977.0,14894,14925,Tutu,tutu,Geht,VVFIN,gehen,17193,,
gdc,t977.0,14894,14925,Tutu,tutu,ab,PTKVZ,ab,17193,,
gdc,t977.0,14894,14925,Tutu,tutu,.,$.,--,17193,,
gdc,t977.0,14894,14925,Tutu,tutu,Das,ART,der,17193,,
gdc,t977.0,14894,14925,Tutu,tutu,Gefolge,NN,gefolge,17193,,
gdc,t977.0,14894,14925,Tutu,tutu,folgt,VVFIN,folgen,17193,,
gdc,t977.0,14894,14925,Tutu,tutu,ihm,PPER,ihm,17193,,
gdc,t977.0,14894,14925,Tutu,tutu,.,$.,--,17193,,
gdc,t977.0,14927,14966,Tutu,tutu,Hassar,NE,hassar,17193,,(10)
gdc,t977.0,14927,14966,Tutu,tutu,wirft,VVFIN,werfen,17193,,
gdc,t977.0,14927,14966,Tutu,tutu,im,APPRART,in,17193,,
gdc,t977.0,14927,14966,Tutu,tutu,Abgehen,NN,abgehen,17193,,
gdc,t977.0,14927,14966,Tutu,tutu,Linda,NE,linda,17193,,(8)
gdc,t977.0,14927,14966,Tutu,tutu,Küsse,NE,kuß,17193,,
gdc,t977.0,14927,14966,Tutu,tutu,zu,PTKVZ,zu,17193,,
gdc,t977.0,14927,14966,Tutu,tutu,.,$.,--,17193,,
gdc,t977.0,14990,15005,_Stage,_Stage,Zoraide,NN,zoraide,17193,,(9)
gdc,t977.0,14990,15005,_Stage,_Stage,.,$.,--,17193,,
gdc,t977.0,14990,15005,_Stage,_Stage,Linda,NE,linda,17193,,(8)
gdc,t977.0,14990,15005,_Stage,_Stage,.,$.,--,17193,,
gdc,t977.0,15126,15129,Zoraide,zoraide,Ab,NN,ab,17193,,
gdc,t977.0,15126,15129,Zoraide,zoraide,.,$.,--,17193,,
gdc,t977.0,15209,15213,Linda,linda,Arie,NN,arie,17193,,
gdc,t977.0,15617,15620,Linda,linda,Ab,NN,ab,17193,,
gdc,t977.0,15617,15620,Linda,linda,.,$.,--,17193,,
gdc,t977.0,15644,15798,_Stage,_Stage,Platz,NN,platz,17193,,
gdc,t977.0,15644,15798,_Stage,_Stage,vor,APPR,vor,17193,,
gdc,t977.0,15644,15798,_Stage,_Stage,dem,ART,der,17193,,
gdc,t977.0,15644,15798,_Stage,_Stage,Palaste,NN,palaste,17193,,
gdc,t977.0,15644,15798,_Stage,_Stage,.,$.,--,17193,,
gdc,t977.0,15644,15798,_Stage,_Stage,Eine,ART,ein,17193,,
gdc,t977.0,15644,15798,_Stage,_Stage,Menge,NN,menge,17193,,
gdc,t977.0,15644,15798,_Stage,_Stage,Leute,NN,leute,17193,,
gdc,t977.0,15644,15798,_Stage,_Stage,raufen,VVFIN,raufen,17193,,
gdc,t977.0,15644,15798,_Stage,_Stage,um,APPR,um,17193,,
gdc,t977.0,15644,15798,_Stage,_Stage,das,ART,der,17193,,
gdc,t977.0,15644,15798,_Stage,_Stage,ausgeworfene,ADJA,ausgeworfen,17193,,
gdc,t977.0,15644,15798,_Stage,_Stage,Geld,NN,geld,17193,,
gdc,t977.0,15644,15798,_Stage,_Stage,.,$.,--,17193,,
gdc,t977.0,15644,15798,_Stage,_Stage,Quecksilbers,NE,quecksilber,17193,,
gdc,t977.0,15644,15798,_Stage,_Stage,Gefolge,NN,gefolge,17193,,
gdc,t977.0,15644,15798,_Stage,_Stage,wirft,VVFIN,werfen,17193,,
gdc,t977.0,15644,15798,_Stage,_Stage,Geld,NN,geld,17193,,
gdc,t977.0,15644,15798,_Stage,_Stage,aus,PTKVZ,aus,17193,,
gdc,t977.0,15644,15798,_Stage,_Stage,",","$,",--,17193,,
gdc,t977.0,15644,15798,_Stage,_Stage,sie,PPER,sie,17193,,
gdc,t977.0,15644,15798,_Stage,_Stage,sind,VAFIN,sein,17193,,
gdc,t977.0,15644,15798,_Stage,_Stage,in,APPR,in,17193,,
gdc,t977.0,15644,15798,_Stage,_Stage,sehr,ADV,sehr,17193,,
gdc,t977.0,15644,15798,_Stage,_Stage,elegante,ADJA,elegant,17193,,
gdc,t977.0,15644,15798,_Stage,_Stage,Livreen,NN,livreen,17193,,
gdc,t977.0,15644,15798,_Stage,_Stage,gekleidet,VVPP,kleiden,17193,,
gdc,t977.0,15644,15798,_Stage,_Stage,.,$.,--,17193,,
gdc,t977.0,15799,15803,_Stage,_Stage,Chor,NN,chor,17193,,
gdc,t977.0,16036,16066,_Stage,_Stage,Tutu,NE,tutu,17193,,(7)
gdc,t977.0,16036,16066,_Stage,_Stage,.,$.,--,17193,,
gdc,t977.0,16036,16066,_Stage,_Stage,Zoraide,NN,zoraide,17193,,(9)
gdc,t977.0,16036,16066,_Stage,_Stage,.,$.,--,17193,,
gdc,t977.0,16036,16066,_Stage,_Stage,Hassar,NE,hassar,17193,,(10)
gdc,t977.0,16036,16066,_Stage,_Stage,.,$.,--,17193,,
gdc,t977.0,16036,16066,_Stage,_Stage,Vorige,NN,vorige,17193,,
gdc,t977.0,16036,16066,_Stage,_Stage,.,$.,--,17193,,
gdc,t977.0,16830,16845,Bediente,quecksilbers_diener,sehr,ADV,sehr,17193,,
gdc,t977.0,16830,16845,Bediente,quecksilbers_diener,schreiend,ADJD,schreiend,17193,,
gdc,t977.0,16830,16845,Bediente,quecksilbers_diener,.,$.,--,17193,,
gdc,t977.0,17070,17266,_Stage,_Stage,Vorige,NN,vorige,17193,,
gdc,t977.0,17070,17266,_Stage,_Stage,.,$.,--,17193,,
gdc,t977.0,17070,17266,_Stage,_Stage,Quecksilber,NN,quecksilber,17193,,(2)
gdc,t977.0,17070,17266,_Stage,_Stage,als,APPR,als,17193,,
gdc,t977.0,17070,17266,_Stage,_Stage,Stutzer,NN,stutzer,17193,,
gdc,t977.0,17070,17266,_Stage,_Stage,.,$.,--,17193,,
gdc,t977.0,17070,17266,_Stage,_Stage,Er,PPER,er,17193,,
gdc,t977.0,17070,17266,_Stage,_Stage,trägt,VVFIN,tragen,17193,,
gdc,t977.0,17070,17266,_Stage,_Stage,einen,ART,ein,17193,,
gdc,t977.0,17070,17266,_Stage,_Stage,modernen,ADJA,modern,17193,,
gdc,t977.0,17070,17266,_Stage,_Stage,Frack,NN,frack,17193,,
gdc,t977.0,17070,17266,_Stage,_Stage,von,APPR,von,17193,,
gdc,t977.0,17070,17266,_Stage,_Stage,Golddock,NE,golddock,17193,,
gdc,t977.0,17070,17266,_Stage,_Stage,",","$,",--,17193,,
gdc,t977.0,17070,17266,_Stage,_Stage,eine,ART,ein,17193,,
gdc,t977.0,17070,17266,_Stage,_Stage,silberne,ADJA,silbern,17193,,
gdc,t977.0,17070,17266,_Stage,_Stage,Weste,NN,weste,17193,,
gdc,t977.0,17070,17266,_Stage,_Stage,mit,APPR,mit,17193,,
gdc,t977.0,17070,17266,_Stage,_Stage,blaugestickten,ADJA,blaugestickt,17193,,
gdc,t977.0,17070,17266,_Stage,_Stage,Borten,NN,bort,17193,,
gdc,t977.0,17070,17266,_Stage,_Stage,und,KON,und,17193,,
gdc,t977.0,17070,17266,_Stage,_Stage,eben,ADV,eben,17193,,
gdc,t977.0,17070,17266,_Stage,_Stage,solche,PIAT,solcher,17193,,
gdc,t977.0,17070,17266,_Stage,_Stage,Pantalons,NN,pantalon,17193,,
gdc,t977.0,17070,17266,_Stage,_Stage,",","$,",--,17193,,
gdc,t977.0,17070,17266,_Stage,_Stage,einen,ART,ein,17193,,
gdc,t977.0,17070,17266,_Stage,_Stage,dreieckigten,ADJA,dreieckigt,17193,,
gdc,t977.0,17070,17266,_Stage,_Stage,Hut,NN,hut,17193,,
gdc,t977.0,17070,17266,_Stage,_Stage,mit,APPR,mit,17193,,
gdc,t977.0,17070,17266,_Stage,_Stage,Diamanten,NN,diamant,17193,,
gdc,t977.0,17070,17266,_Stage,_Stage,garniert,VVPP,garnieren,17193,,
gdc,t977.0,17070,17266,_Stage,_Stage,.,$.,--,17193,,
gdc,t977.0,17267,17364,_Stage,_Stage,Zum,APPRART,zu,17193,,
gdc,t977.0,17267,17364,_Stage,_Stage,Eingang,NN,eingang,17193,,
gdc,t977.0,17267,17364,_Stage,_Stage,spielt,VVFIN,spielen,17193,,
gdc,t977.0,17267,17364,_Stage,_Stage,die,ART,der,17193,,
gdc,t977.0,17267,17364,_Stage,_Stage,Musik,NN,musik,17193,,
gdc,t977.0,17267,17364,_Stage,_Stage,das,ART,der,17193,,
gdc,t977.0,17267,17364,_Stage,_Stage,Ritornell,NN,ritornell,17193,,
gdc,t977.0,17267,17364,_Stage,_Stage,aus,APPR,aus,17193,,
gdc,t977.0,17267,17364,_Stage,_Stage,der,ART,der,17193,,
gdc,t977.0,17267,17364,_Stage,_Stage,ersten,ADJA,erster,17193,,
gdc,t977.0,17267,17364,_Stage,_Stage,Arie,NN,arie,17193,,
gdc,t977.0,17267,17364,_Stage,_Stage,des,ART,der,17193,,
gdc,t977.0,17267,17364,_Stage,_Stage,Figaro,NN,figaro,17193,,
gdc,t977.0,17267,17364,_Stage,_Stage,im,APPRART,in,17193,,
gdc,t977.0,17267,17364,_Stage,_Stage,Barbier,NN,barbier,17193,,
gdc,t977.0,17267,17364,_Stage,_Stage,von,APPR,von,17193,,
gdc,t977.0,17267,17364,_Stage,_Stage,Sevilla,NE,sevilla,17193,,
gdc,t977.0,17267,17364,_Stage,_Stage,.,$.,--,17193,,
gdc,t977.0,17379,17388,Quecksilber,quecksilber,Rezitativ,ADJD,rezitativ,17193,,
gdc,t977.0,17619,17623,Quecksilber,quecksilber,Arie,NN,arie,17193,,
gdc,t977.0,17624,17673,Quecksilber,quecksilber,Melodie,NN,melodie,17193,,
gdc,t977.0,17624,17673,Quecksilber,quecksilber,:,$.,--,17193,,
gdc,t977.0,17624,17673,Quecksilber,quecksilber,Ich,PPER,ich,17193,,
gdc,t977.0,17624,17673,Quecksilber,quecksilber,bin,VAFIN,sein,17193,,
gdc,t977.0,17624,17673,Quecksilber,quecksilber,etwas,ADV,etwas,17193,,
gdc,t977.0,17624,17673,Quecksilber,quecksilber,verliebter,ADJA,verliebt,17193,,
gdc,t977.0,17624,17673,Quecksilber,quecksilber,Laune,NN,laune,17193,,
gdc,t977.0,17624,17673,Quecksilber,quecksilber,etc,ADV,etc,17193,,
gdc,t977.0,17624,17673,Quecksilber,quecksilber,.,$.,--,17193,,
gdc,t977.0,17624,17673,Quecksilber,quecksilber,etc,ADV,etc,17193,,
gdc,t977.0,17624,17673,Quecksilber,quecksilber,.,$.,--,17193,,
gdc,t977.0,19814,19819,Quecksilber,quecksilber,Laut,NN,laut,17193,,
gdc,t977.0,19814,19819,Quecksilber,quecksilber,.,$.,--,17193,,
gdc,t977.0,22148,22200,Quecksilber,quecksilber,Er,PPER,er,17193,,
gdc,t977.0,22148,22200,Quecksilber,quecksilber,berührt,VVFIN,berühren,17193,,
gdc,t977.0,22148,22200,Quecksilber,quecksilber,das,ART,der,17193,,
gdc,t977.0,22148,22200,Quecksilber,quecksilber,Tor,NN,tor,17193,,
gdc,t977.0,22148,22200,Quecksilber,quecksilber,",","$,",--,17193,,
gdc,t977.0,22148,22200,Quecksilber,quecksilber,welches,PRELS,welcher,17193,,
gdc,t977.0,22148,22200,Quecksilber,quecksilber,sich,PRF,sich,17193,,
gdc,t977.0,22148,22200,Quecksilber,quecksilber,in,APPR,in,17193,,
gdc,t977.0,22148,22200,Quecksilber,quecksilber,Gold,NN,gold,17193,,
gdc,t977.0,22148,22200,Quecksilber,quecksilber,verwandelt,VVFIN,verwandeln,17193,,
gdc,t977.0,22148,22200,Quecksilber,quecksilber,.,$.,--,17193,,
gdc,t977.0,22202,22223,Quecksilber,quecksilber,Alle,PIS,aller,17193,,(19)
gdc,t977.0,22202,22223,Quecksilber,quecksilber,verwundern,VVFIN,verwundern,17193,,
gdc,t977.0,22202,22223,Quecksilber,quecksilber,sich,PRF,sich,17193,,
gdc,t977.0,22202,22223,Quecksilber,quecksilber,.,$.,--,17193,,
gdc,t977.0,22369,22425,Quecksilber,quecksilber,Er,PPER,er,17193,,
gdc,t977.0,22369,22425,Quecksilber,quecksilber,berührt,VVFIN,berühren,17193,,
gdc,t977.0,22369,22425,Quecksilber,quecksilber,die,ART,der,17193,,
gdc,t977.0,22369,22425,Quecksilber,quecksilber,Säulen,NN,säule,17193,,
gdc,t977.0,22369,22425,Quecksilber,quecksilber,",","$,",--,17193,,
gdc,t977.0,22369,22425,Quecksilber,quecksilber,welche,PRELS,welcher,17193,,
gdc,t977.0,22369,22425,Quecksilber,quecksilber,sich,PRF,sich,17193,,
gdc,t977.0,22369,22425,Quecksilber,quecksilber,in,APPR,in,17193,,
gdc,t977.0,22369,22425,Quecksilber,quecksilber,Silber,NN,silber,17193,,
gdc,t977.0,22369,22425,Quecksilber,quecksilber,verwandeln,VVINF,verwandeln,17193,,
gdc,t977.0,22369,22425,Quecksilber,quecksilber,.,$.,--,17193,,
gdc,t977.0,22437,22446,Zoraide,zoraide,für,APPR,für,17193,,
gdc,t977.0,22437,22446,Zoraide,zoraide,sich,PRF,sich,17193,,
gdc,t977.0,22437,22446,Zoraide,zoraide,.,$.,--,17193,,
gdc,t977.0,22585,22595,Quecksilber,quecksilber,zu,APPR,zu,17193,,
gdc,t977.0,22585,22595,Quecksilber,quecksilber,Hassar,NE,hassar,17193,,(10)
gdc,t977.0,22585,22595,Quecksilber,quecksilber,.,$.,--,17193,,
gdc,t977.0,23390,23409,Tutu,tutu,Tritt,NN,tritt,17193,,
gdc,t977.0,23390,23409,Tutu,tutu,in,APPR,in,17193,,
gdc,t977.0,23390,23409,Tutu,tutu,die,ART,der,17193,,
gdc,t977.0,23390,23409,Tutu,tutu,Mitte,NN,mitte,17193,,
gdc,t977.0,23390,23409,Tutu,tutu,.,$.,--,17193,,
gdc,t977.0,24029,24037,Tutu,tutu,Geht,VVFIN,gehen,17193,,
gdc,t977.0,24029,24037,Tutu,tutu,ab,PTKVZ,ab,17193,,
gdc,t977.0,24029,24037,Tutu,tutu,.,$.,--,17193,,
gdc,t977.0,24039,24088,Tutu,tutu,Alles,PIS,alle,17193,,
gdc,t977.0,24039,24088,Tutu,tutu,folgt,VVFIN,folgen,17193,,
gdc,t977.0,24039,24088,Tutu,tutu,ihm,PPER,ihm,17193,,
gdc,t977.0,24039,24088,Tutu,tutu,",","$,",--,17193,,
gdc,t977.0,24039,24088,Tutu,tutu,bis,APPR,bis,17193,,
gdc,t977.0,24039,24088,Tutu,tutu,auf,APPR,auf,17193,,
gdc,t977.0,24039,24088,Tutu,tutu,Zoraide,NN,zoraide,17193,,(9)
gdc,t977.0,24039,24088,Tutu,tutu,und,KON,und,17193,,
gdc,t977.0,24039,24088,Tutu,tutu,Quecksilber,NN,quecksilber,17193,,(2)
gdc,t977.0,24039,24088,Tutu,tutu,.,$.,--,17193,,
gdc,t977.0,24112,24133,_Stage,_Stage,Zoraide,NN,zoraide,17193,,(9)
gdc,t977.0,24112,24133,_Stage,_Stage,.,$.,--,17193,,
gdc,t977.0,24112,24133,_Stage,_Stage,Quecksilber,NN,quecksilber,17193,,(2)
gdc,t977.0,24112,24133,_Stage,_Stage,.,$.,--,17193,,
gdc,t977.0,25011,25020,Zoraide,zoraide,Für,APPR,für,17193,,
gdc,t977.0,25011,25020,Zoraide,zoraide,sich,PRF,sich,17193,,
gdc,t977.0,25011,25020,Zoraide,zoraide,.,$.,--,17193,,
gdc,t977.0,25066,25075,Zoraide,zoraide,Zärtlich,ADJD,zärtlich,17193,,
gdc,t977.0,25066,25075,Zoraide,zoraide,.,$.,--,17193,,
gdc,t977.0,25194,25205,Zoraide,zoraide,Umarmt,ADJD,umarmen,17193,,
gdc,t977.0,25194,25205,Zoraide,zoraide,ihn,PPER,ihn,17193,,
gdc,t977.0,25194,25205,Zoraide,zoraide,.,$.,--,17193,,
gdc,t977.0,25491,25500,Zoraide,zoraide,für,APPR,für,17193,,
gdc,t977.0,25491,25500,Zoraide,zoraide,sich,PRF,sich,17193,,
gdc,t977.0,25491,25500,Zoraide,zoraide,.,$.,--,17193,,
gdc,t977.0,26118,26135,Zoraide,zoraide,Sehr,ADV,sehr,17193,,
gdc,t977.0,26118,26135,Zoraide,zoraide,hochdeutsch,ADJD,hochdeutsch,17193,,
gdc,t977.0,26118,26135,Zoraide,zoraide,.,$.,--,17193,,
gdc,t977.0,26718,26729,Zoraide,zoraide,Umarmt,ADJD,umarmen,17193,,
gdc,t977.0,26718,26729,Zoraide,zoraide,ihn,PPER,ihn,17193,,
gdc,t977.0,26718,26729,Zoraide,zoraide,.,$.,--,17193,,
gdc,t977.0,26758,26772,_Stage,_Stage,Vorige,NN,vorige,17193,,
gdc,t977.0,26758,26772,_Stage,_Stage,.,$.,--,17193,,
gdc,t977.0,26758,26772,_Stage,_Stage,Linda,NE,linda,17193,,(8)
gdc,t977.0,26758,26772,_Stage,_Stage,.,$.,--,17193,,
gdc,t977.0,26780,26802,Linda,linda,kommt,VVFIN,kommen,17193,,
gdc,t977.0,26780,26802,Linda,linda,aus,APPR,aus,17193,,
gdc,t977.0,26780,26802,Linda,linda,dem,ART,der,17193,,
gdc,t977.0,26780,26802,Linda,linda,Palaste,NN,palaste,17193,,
gdc,t977.0,26780,26802,Linda,linda,.,$.,--,17193,,
gdc,t977.0,26878,26887,Linda,linda,Beiseite,NN,beiseite,17193,,
gdc,t977.0,26878,26887,Linda,linda,.,$.,--,17193,,
gdc,t977.0,26981,26990,Zoraide,zoraide,Für,APPR,für,17193,,
gdc,t977.0,26981,26990,Zoraide,zoraide,sich,PRF,sich,17193,,
gdc,t977.0,26981,26990,Zoraide,zoraide,.,$.,--,17193,,
gdc,t977.0,27015,27020,Zoraide,zoraide,Laut,NN,laut,17193,,
gdc,t977.0,27015,27020,Zoraide,zoraide,.,$.,--,17193,,
gdc,t977.0,27979,28003,Linda,linda,Will,VMFIN,wollen,17193,,
gdc,t977.0,27979,28003,Linda,linda,Zoraiden,NN,zoraide,17193,,
gdc,t977.0,27979,28003,Linda,linda,aufhalten,VVINF,aufhalten,17193,,
gdc,t977.0,27979,28003,Linda,linda,.,$.,--,17193,,
gdc,t977.0,28015,28023,Zoraide,zoraide,schnell,ADJD,schnell,17193,,
gdc,t977.0,28015,28023,Zoraide,zoraide,.,$.,--,17193,,
gdc,t977.0,28128,28183,Zoraide,zoraide,Linda,NE,linda,17193,,(8)
gdc,t977.0,28128,28183,Zoraide,zoraide,entflieht,VVFIN,entfliehen,17193,,
gdc,t977.0,28128,28183,Zoraide,zoraide,",","$,",--,17193,,
gdc,t977.0,28128,28183,Zoraide,zoraide,Zoraide,NN,zoraide,17193,,(9)
gdc,t977.0,28128,28183,Zoraide,zoraide,entreißt,VVFIN,entreißen,17193,,
gdc,t977.0,28128,28183,Zoraide,zoraide,Quecksilber,NN,quecksilber,17193,,(2)
gdc,t977.0,28128,28183,Zoraide,zoraide,den,ART,der,17193,,
gdc,t977.0,28128,28183,Zoraide,zoraide,Stab,NN,stab,17193,,
gdc,t977.0,28128,28183,Zoraide,zoraide,.,$.,--,17193,,
gdc,t977.0,28266,28321,Zoraide,zoraide,Eilt,VVFIN,eilt,17193,,
gdc,t977.0,28266,28321,Zoraide,zoraide,Linda,NE,linda,17193,,(8)
gdc,t977.0,28266,28321,Zoraide,zoraide,in,APPR,in,17193,,
gdc,t977.0,28266,28321,Zoraide,zoraide,den,ART,der,17193,,
gdc,t977.0,28266,28321,Zoraide,zoraide,Palast,NN,palast,17193,,
gdc,t977.0,28266,28321,Zoraide,zoraide,nach,PTKVZ,nach,17193,,
gdc,t977.0,28266,28321,Zoraide,zoraide,",","$,",--,17193,,
gdc,t977.0,28266,28321,Zoraide,zoraide,die,ART,der,17193,,
gdc,t977.0,28266,28321,Zoraide,zoraide,Tore,NN,tor,17193,,
gdc,t977.0,28266,28321,Zoraide,zoraide,schließen,VVFIN,schließen,17193,,
gdc,t977.0,28266,28321,Zoraide,zoraide,sich,PRF,sich,17193,,
gdc,t977.0,28266,28321,Zoraide,zoraide,.,$.,--,17193,,
gdc,t977.0,28536,28555,Quecksilber,quecksilber,Er,PPER,er,17193,,
gdc,t977.0,28536,28555,Quecksilber,quecksilber,geht,VVFIN,gehen,17193,,
gdc,t977.0,28536,28555,Quecksilber,quecksilber,an,APPR,an,17193,,
gdc,t977.0,28536,28555,Quecksilber,quecksilber,das,ART,der,17193,,
gdc,t977.0,28536,28555,Quecksilber,quecksilber,Tor,NN,tor,17193,,
gdc,t977.0,28536,28555,Quecksilber,quecksilber,.,$.,--,17193,,
gdc,t977.0,28686,28698,Quecksilber,quecksilber,Er,PPER,er,17193,,
gdc,t977.0,28686,28698,Quecksilber,quecksilber,pocht,VVFIN,pochen,17193,,
gdc,t977.0,28686,28698,Quecksilber,quecksilber,an,PTKVZ,an,17193,,
gdc,t977.0,28686,28698,Quecksilber,quecksilber,.,$.,--,17193,,
gdc,t977.0,28727,28751,_Stage,_Stage,Quecksilber,NN,quecksilber,17193,,(2)
gdc,t977.0,28727,28751,_Stage,_Stage,.,$.,--,17193,,
gdc,t977.0,28727,28751,_Stage,_Stage,Eine,ART,ein,17193,,(11
gdc,t977.0,28727,28751,_Stage,_Stage,Wache,NN,wache,17193,,11)|(11)
gdc,t977.0,28727,28751,_Stage,_Stage,.,$.,--,17193,,
gdc,t977.0,28764,28788,Wache,wache,erscheint,VVFIN,erscheinen,17193,,
gdc,t977.0,28764,28788,Wache,wache,auf,APPR,auf,17193,,
gdc,t977.0,28764,28788,Wache,wache,der,ART,der,17193,,
gdc,t977.0,28764,28788,Wache,wache,Mauer,NN,mauer,17193,,
gdc,t977.0,28764,28788,Wache,wache,.,$.,--,17193,,
gdc,t977.0,29293,29320,Wache,wache,Verschwindet,VVPP,verschwinden,17193,,
gdc,t977.0,29293,29320,Wache,wache,von,APPR,von,17193,,
gdc,t977.0,29293,29320,Wache,wache,der,ART,der,17193,,
gdc,t977.0,29293,29320,Wache,wache,Mauer,NN,mauer,17193,,
gdc,t977.0,29293,29320,Wache,wache,.,$.,--,17193,,
gdc,t977.0,29336,29343,Quecksilber,quecksilber,allein,ADV,allein,17193,,
gdc,t977.0,29336,29343,Quecksilber,quecksilber,.,$.,--,17193,,
gdc,t977.0,29718,29736,Quecksilber,quecksilber,Er,PPER,er,17193,,
gdc,t977.0,29718,29736,Quecksilber,quecksilber,bläst,VVFIN,blasen,17193,,
gdc,t977.0,29718,29736,Quecksilber,quecksilber,ins,APPRART,in,17193,,
gdc,t977.0,29718,29736,Quecksilber,quecksilber,Horn,NE,horn,17193,,
gdc,t977.0,29718,29736,Quecksilber,quecksilber,.,$.,--,17193,,
gdc,t977.0,29766,29905,_Stage,_Stage,Ein,ART,ein,17193,,
gdc,t977.0,29766,29905,_Stage,_Stage,lebhafter,ADJA,lebhaft,17193,,
gdc,t977.0,29766,29905,_Stage,_Stage,Marsch,NN,marsch,17193,,
gdc,t977.0,29766,29905,_Stage,_Stage,fällt,VVFIN,fallen,17193,,
gdc,t977.0,29766,29905,_Stage,_Stage,ein,PTKVZ,ein,17193,,
gdc,t977.0,29766,29905,_Stage,_Stage,.,$.,--,17193,,
gdc,t977.0,29766,29905,_Stage,_Stage,Eine,ART,ein,17193,,
gdc,t977.0,29766,29905,_Stage,_Stage,Schar,NN,schar,17193,,
gdc,t977.0,29766,29905,_Stage,_Stage,von,APPR,von,17193,,
gdc,t977.0,29766,29905,_Stage,_Stage,Idealen,ADJA,ideal,17193,,
gdc,t977.0,29766,29905,_Stage,_Stage,Soldaten,NN,soldat,17193,,
gdc,t977.0,29766,29905,_Stage,_Stage,kommt,VVFIN,kommen,17193,,
gdc,t977.0,29766,29905,_Stage,_Stage,schnell,ADJD,schnell,17193,,
gdc,t977.0,29766,29905,_Stage,_Stage,aufmarschiert,VVPP,aufmarschieren,17193,,
gdc,t977.0,29766,29905,_Stage,_Stage,",","$,",--,17193,,
gdc,t977.0,29766,29905,_Stage,_Stage,die,ART,der,17193,,
gdc,t977.0,29766,29905,_Stage,_Stage,Leibgarde,NN,leibgarde,17193,,
gdc,t977.0,29766,29905,_Stage,_Stage,bildet,VVFIN,bilden,17193,,
gdc,t977.0,29766,29905,_Stage,_Stage,sich,PRF,sich,17193,,
gdc,t977.0,29766,29905,_Stage,_Stage,von,APPR,von,17193,,
gdc,t977.0,29766,29905,_Stage,_Stage,Kleinen,NE,klein,17193,,
gdc,t977.0,29766,29905,_Stage,_Stage,Husaren,NE,husar,17193,,
gdc,t977.0,29766,29905,_Stage,_Stage,.,$.,--,17193,,
gdc,t977.0,29906,29928,_Stage,_Stage,Quecksilber,NN,quecksilber,17193,,(2)
gdc,t977.0,29906,29928,_Stage,_Stage,.,$.,--,17193,,
gdc,t977.0,29906,29928,_Stage,_Stage,Anführer,NN,anführer,17193,,(12)
gdc,t977.0,29906,29928,_Stage,_Stage,.,$.,--,17193,,
gdc,t977.0,30048,30074,Quecksilber,quecksilber,Sieht,VVFIN,sehen,17193,,
gdc,t977.0,30048,30074,Quecksilber,quecksilber,die,ART,der,17193,,
gdc,t977.0,30048,30074,Quecksilber,quecksilber,kleinen,ADJA,klein,17193,,
gdc,t977.0,30048,30074,Quecksilber,quecksilber,Husaren,NN,husaren,17193,,
gdc,t977.0,30048,30074,Quecksilber,quecksilber,.,$.,--,17193,,
gdc,t977.0,30366,30398,Quecksilber,quecksilber,stellt,VVFIN,stellen,17193,,
gdc,t977.0,30366,30398,Quecksilber,quecksilber,sich,PRF,sich,17193,,
gdc,t977.0,30366,30398,Quecksilber,quecksilber,neben,APPR,neben,17193,,
gdc,t977.0,30366,30398,Quecksilber,quecksilber,den,ART,der,17193,,
gdc,t977.0,30366,30398,Quecksilber,quecksilber,kleinsten,ADJA,klein,17193,,
gdc,t977.0,30366,30398,Quecksilber,quecksilber,.,$.,--,17193,,
gdc,t977.0,30431,30452,Quecksilber,quecksilber,Deutet,VVFIN,deuten,17193,,
gdc,t977.0,30431,30452,Quecksilber,quecksilber,auf,APPR,auf,17193,,
gdc,t977.0,30431,30452,Quecksilber,quecksilber,die,ART,der,17193,,
gdc,t977.0,30431,30452,Quecksilber,quecksilber,Brust,NN,brust,17193,,
gdc,t977.0,30431,30452,Quecksilber,quecksilber,.,$.,--,17193,,
gdc,t977.0,30522,30568,Quecksilber,quecksilber,Zu,APPR,zu,17193,,
gdc,t977.0,30522,30568,Quecksilber,quecksilber,den,ART,der,17193,,
gdc,t977.0,30522,30568,Quecksilber,quecksilber,Kleinen,NN,kleine,17193,,
gdc,t977.0,30522,30568,Quecksilber,quecksilber,",","$,",--,17193,,
gdc,t977.0,30522,30568,Quecksilber,quecksilber,welche,PRELS,welcher,17193,,
gdc,t977.0,30522,30568,Quecksilber,quecksilber,auf,APPR,auf,17193,,
gdc,t977.0,30522,30568,Quecksilber,quecksilber,einer,ART,ein,17193,,
gdc,t977.0,30522,30568,Quecksilber,quecksilber,Seite,NN,seite,17193,,
gdc,t977.0,30522,30568,Quecksilber,quecksilber,stehen,VVINF,stehen,17193,,
gdc,t977.0,30522,30568,Quecksilber,quecksilber,.,$.,--,17193,,
gdc,t977.0,30602,30687,Quecksilber,quecksilber,Er,PPER,er,17193,,
gdc,t977.0,30602,30687,Quecksilber,quecksilber,marschiert,VVFIN,marschieren,17193,,
gdc,t977.0,30602,30687,Quecksilber,quecksilber,mit,APPR,mit,17193,,
gdc,t977.0,30602,30687,Quecksilber,quecksilber,ihnen,PPER,ihnen,17193,,
gdc,t977.0,30602,30687,Quecksilber,quecksilber,um,APPR,um,17193,,
gdc,t977.0,30602,30687,Quecksilber,quecksilber,das,ART,der,17193,,
gdc,t977.0,30602,30687,Quecksilber,quecksilber,Theater,NN,theater,17193,,
gdc,t977.0,30602,30687,Quecksilber,quecksilber,",","$,",--,17193,,
gdc,t977.0,30602,30687,Quecksilber,quecksilber,so,ADV,so,17193,,
gdc,t977.0,30602,30687,Quecksilber,quecksilber,",","$,",--,17193,,
gdc,t977.0,30602,30687,Quecksilber,quecksilber,daß,KOUS,daß,17193,,
gdc,t977.0,30602,30687,Quecksilber,quecksilber,sie,PPER,sie,17193,,
gdc,t977.0,30602,30687,Quecksilber,quecksilber,vor,APPR,vor,17193,,
gdc,t977.0,30602,30687,Quecksilber,quecksilber,die,ART,der,17193,,
gdc,t977.0,30602,30687,Quecksilber,quecksilber,Größern,NN,größer,17193,,
gdc,t977.0,30602,30687,Quecksilber,quecksilber,zu,PTKZU,zu,17193,,
gdc,t977.0,30602,30687,Quecksilber,quecksilber,stehen,VVINF,stehen,17193,,
gdc,t977.0,30602,30687,Quecksilber,quecksilber,kommen,VVINF,kommen,17193,,
gdc,t977.0,30602,30687,Quecksilber,quecksilber,.,$.,--,17193,,
gdc,t977.0,30760,30841,Quecksilber,quecksilber,Zwei,CARD,zwei,17193,,
gdc,t977.0,30760,30841,Quecksilber,quecksilber,Kanonen,NN,kanone,17193,,
gdc,t977.0,30760,30841,Quecksilber,quecksilber,erscheinen,VVFIN,erscheinen,17193,,
gdc,t977.0,30760,30841,Quecksilber,quecksilber,in,APPR,in,17193,,
gdc,t977.0,30760,30841,Quecksilber,quecksilber,der,ART,der,17193,,
gdc,t977.0,30760,30841,Quecksilber,quecksilber,Luft,NN,luft,17193,,
gdc,t977.0,30760,30841,Quecksilber,quecksilber,in,APPR,in,17193,,
gdc,t977.0,30760,30841,Quecksilber,quecksilber,Wolken,NN,wolke,17193,,
gdc,t977.0,30760,30841,Quecksilber,quecksilber,",","$,",--,17193,,
gdc,t977.0,30760,30841,Quecksilber,quecksilber,ein,ART,ein,17193,,
gdc,t977.0,30760,30841,Quecksilber,quecksilber,Genius,NN,genius,17193,,
gdc,t977.0,30760,30841,Quecksilber,quecksilber,ist,VAFIN,sein,17193,,
gdc,t977.0,30760,30841,Quecksilber,quecksilber,als,APPR,als,17193,,
gdc,t977.0,30760,30841,Quecksilber,quecksilber,Kanonier,NN,kanonier,17193,,
gdc,t977.0,30760,30841,Quecksilber,quecksilber,dabei,PROAV,dabei,17193,,
gdc,t977.0,30760,30841,Quecksilber,quecksilber,.,$.,--,17193,,
gdc,t977.0,30910,30970,Quecksilber,quecksilber,Die,ART,der,17193,,
gdc,t977.0,30910,30970,Quecksilber,quecksilber,Mannschaft,NN,mannschaft,17193,,
gdc,t977.0,30910,30970,Quecksilber,quecksilber,präsentiert,VVFIN,präsentieren,17193,,
gdc,t977.0,30910,30970,Quecksilber,quecksilber,mit,APPR,mit,17193,,
gdc,t977.0,30910,30970,Quecksilber,quecksilber,dem,ART,der,17193,,
gdc,t977.0,30910,30970,Quecksilber,quecksilber,Säbel,NN,säbel,17193,,
gdc,t977.0,30910,30970,Quecksilber,quecksilber,nur,ADV,nur,17193,,
gdc,t977.0,30910,30970,Quecksilber,quecksilber,auf,APPR,auf,17193,,
gdc,t977.0,30910,30970,Quecksilber,quecksilber,zwei,CARD,zwei,17193,,
gdc,t977.0,30910,30970,Quecksilber,quecksilber,Tempo,NN,tempo,17193,,
gdc,t977.0,30910,30970,Quecksilber,quecksilber,.,$.,--,17193,,
gdc,t977.0,31116,31170,Quecksilber,quecksilber,Die,ART,der,17193,,
gdc,t977.0,31116,31170,Quecksilber,quecksilber,erste,ADJA,erster,17193,,
gdc,t977.0,31116,31170,Quecksilber,quecksilber,Reihe,NN,reihe,17193,,
gdc,t977.0,31116,31170,Quecksilber,quecksilber,von,APPR,von,17193,,
gdc,t977.0,31116,31170,Quecksilber,quecksilber,den,ART,der,17193,,
gdc,t977.0,31116,31170,Quecksilber,quecksilber,Husaren,NN,husar,17193,,
gdc,t977.0,31116,31170,Quecksilber,quecksilber,hüpft,VVFIN,hüpfen,17193,,
gdc,t977.0,31116,31170,Quecksilber,quecksilber,wie,KOKOM,wie,17193,,
gdc,t977.0,31116,31170,Quecksilber,quecksilber,die,ART,der,17193,,
gdc,t977.0,31116,31170,Quecksilber,quecksilber,Frösche,NN,Frosch,17193,,
gdc,t977.0,31116,31170,Quecksilber,quecksilber,.,$.,--,17193,,
gdc,t977.0,31650,32751,Anführer,anfuehrer,Schlachtmusik,NN,schlachtmusik,17193,,
gdc,t977.0,31650,32751,Anführer,anfuehrer,.,$.,--,17193,,
gdc,t977.0,31650,32751,Anführer,anfuehrer,Die,ART,der,17193,,
gdc,t977.0,31650,32751,Anführer,anfuehrer,Größern,NN,größer,17193,,
gdc,t977.0,31650,32751,Anführer,anfuehrer,bringen,VVFIN,bringen,17193,,
gdc,t977.0,31650,32751,Anführer,anfuehrer,Leitern,NN,leiter,17193,,
gdc,t977.0,31650,32751,Anführer,anfuehrer,",","$,",--,17193,,
gdc,t977.0,31650,32751,Anführer,anfuehrer,legen,VVFIN,legen,17193,,
gdc,t977.0,31650,32751,Anführer,anfuehrer,selbe,ADV,selbe,17193,,
gdc,t977.0,31650,32751,Anführer,anfuehrer,an,APPR,an,17193,,
gdc,t977.0,31650,32751,Anführer,anfuehrer,den,ART,der,17193,,
gdc,t977.0,31650,32751,Anführer,anfuehrer,Palast,NN,palast,17193,,
gdc,t977.0,31650,32751,Anführer,anfuehrer,und,KON,und,17193,,
gdc,t977.0,31650,32751,Anführer,anfuehrer,stürmen,VVFIN,stürmen,17193,,
gdc,t977.0,31650,32751,Anführer,anfuehrer,hinauf,PTKVZ,hinauf,17193,,
gdc,t977.0,31650,32751,Anführer,anfuehrer,.,$.,--,17193,,
gdc,t977.0,31650,32751,Anführer,anfuehrer,Die,ART,der,17193,,
gdc,t977.0,31650,32751,Anführer,anfuehrer,Husaren,NN,husar,17193,,
gdc,t977.0,31650,32751,Anführer,anfuehrer,bringen,VVFIN,bringen,17193,,
gdc,t977.0,31650,32751,Anführer,anfuehrer,einen,ART,ein,17193,,
gdc,t977.0,31650,32751,Anführer,anfuehrer,großen,ADJA,groß,17193,,
gdc,t977.0,31650,32751,Anführer,anfuehrer,Mauerbrecher,NN,mauerbrecher,17193,,
gdc,t977.0,31650,32751,Anführer,anfuehrer,und,KON,und,17193,,
gdc,t977.0,31650,32751,Anführer,anfuehrer,stoßen,VVFIN,stoßen,17193,,
gdc,t977.0,31650,32751,Anführer,anfuehrer,damit,PROAV,damit,17193,,
gdc,t977.0,31650,32751,Anführer,anfuehrer,das,ART,der,17193,,
gdc,t977.0,31650,32751,Anführer,anfuehrer,goldene,ADJA,golden,17193,,
gdc,t977.0,31650,32751,Anführer,anfuehrer,Tor,NN,tor,17193,,
gdc,t977.0,31650,32751,Anführer,anfuehrer,ein,PTKVZ,ein,17193,,
gdc,t977.0,31650,32751,Anführer,anfuehrer,.,$.,--,17193,,
gdc,t977.0,31650,32751,Anführer,anfuehrer,Quecksilber,NN,quecksilber,17193,,(2)
gdc,t977.0,31650,32751,Anführer,anfuehrer,steht,VVFIN,stehen,17193,,
gdc,t977.0,31650,32751,Anführer,anfuehrer,mit,APPR,mit,17193,,
gdc,t977.0,31650,32751,Anführer,anfuehrer,zwei,CARD,zwei,17193,,
gdc,t977.0,31650,32751,Anführer,anfuehrer,kleinen,ADJA,klein,17193,,
gdc,t977.0,31650,32751,Anführer,anfuehrer,Husaren,NN,husar,17193,,
gdc,t977.0,31650,32751,Anführer,anfuehrer,an,APPR,an,17193,,
gdc,t977.0,31650,32751,Anführer,anfuehrer,der,ART,der,17193,,
gdc,t977.0,31650,32751,Anführer,anfuehrer,Seite,NN,seite,17193,,
gdc,t977.0,31650,32751,Anführer,anfuehrer,und,KON,und,17193,,
gdc,t977.0,31650,32751,Anführer,anfuehrer,sieht,VVFIN,sehen,17193,,
gdc,t977.0,31650,32751,Anführer,anfuehrer,zu,PTKVZ,zu,17193,,
gdc,t977.0,31650,32751,Anführer,anfuehrer,.,$.,--,17193,,
gdc,t977.0,31650,32751,Anführer,anfuehrer,Wenn,KOUS,wenn,17193,,
gdc,t977.0,31650,32751,Anführer,anfuehrer,alles,PIS,alle,17193,,
gdc,t977.0,31650,32751,Anführer,anfuehrer,ab,APPR,ab,17193,,
gdc,t977.0,31650,32751,Anführer,anfuehrer,ist,VAFIN,sein,17193,,
gdc,t977.0,31650,32751,Anführer,anfuehrer,",","$,",--,17193,,
gdc,t977.0,31650,32751,Anführer,anfuehrer,kommt,VVFIN,kommen,17193,,
gdc,t977.0,31650,32751,Anführer,anfuehrer,aus,APPR,aus,17193,,
gdc,t977.0,31650,32751,Anführer,anfuehrer,dem,ART,der,17193,,
gdc,t977.0,31650,32751,Anführer,anfuehrer,Tore,NN,tor,17193,,
gdc,t977.0,31650,32751,Anführer,anfuehrer,einer,ART,ein,17193,,
gdc,t977.0,31650,32751,Anführer,anfuehrer,von,APPR,von,17193,,
gdc,t977.0,31650,32751,Anführer,anfuehrer,Tutus,NE,tutus,17193,,
gdc,t977.0,31650,32751,Anführer,anfuehrer,Leuten,NN,leute,17193,,
gdc,t977.0,31650,32751,Anführer,anfuehrer,und,KON,und,17193,,
gdc,t977.0,31650,32751,Anführer,anfuehrer,versetzt,VVFIN,versetzen,17193,,
gdc,t977.0,31650,32751,Anführer,anfuehrer,Quecksilber,NN,quecksilber,17193,,(2)
gdc,t977.0,31650,32751,Anführer,anfuehrer,mit,APPR,mit,17193,,
gdc,t977.0,31650,32751,Anführer,anfuehrer,dem,ART,der,17193,,
gdc,t977.0,31650,32751,Anführer,anfuehrer,Säbel,NN,säbel,17193,,
gdc,t977.0,31650,32751,Anführer,anfuehrer,einen,ART,ein,17193,,
gdc,t977.0,31650,32751,Anführer,anfuehrer,Hieb,NN,hieb,17193,,
gdc,t977.0,31650,32751,Anführer,anfuehrer,auf,APPR,auf,17193,,
gdc,t977.0,31650,32751,Anführer,anfuehrer,die,ART,der,17193,,
gdc,t977.0,31650,32751,Anführer,anfuehrer,Schulter,NN,schulter,17193,,
gdc,t977.0,31650,32751,Anführer,anfuehrer,.,$.,--,17193,,
gdc,t977.0,31650,32751,Anführer,anfuehrer,Dieser,PDS,dieser,17193,,
gdc,t977.0,31650,32751,Anführer,anfuehrer,hebt,VVFIN,heben,17193,,
gdc,t977.0,31650,32751,Anführer,anfuehrer,schnell,ADJD,schnell,17193,,
gdc,t977.0,31650,32751,Anführer,anfuehrer,den,ART,der,17193,,
gdc,t977.0,31650,32751,Anführer,anfuehrer,kleinen,ADJA,klein,17193,,
gdc,t977.0,31650,32751,Anführer,anfuehrer,Husaren,NN,husar,17193,,
gdc,t977.0,31650,32751,Anführer,anfuehrer,in,APPR,in,17193,,
gdc,t977.0,31650,32751,Anführer,anfuehrer,die,ART,der,17193,,
gdc,t977.0,31650,32751,Anführer,anfuehrer,Höhe,NN,höhe,17193,,
gdc,t977.0,31650,32751,Anführer,anfuehrer,",","$,",--,17193,,
gdc,t977.0,31650,32751,Anführer,anfuehrer,und,KON,und,17193,,
gdc,t977.0,31650,32751,Anführer,anfuehrer,dieser,PDS,dieser,17193,,
gdc,t977.0,31650,32751,Anführer,anfuehrer,verteidiget,VVFIN,verteidigen,17193,,
gdc,t977.0,31650,32751,Anführer,anfuehrer,Quecksilber,NN,quecksilber,17193,,(2)
gdc,t977.0,31650,32751,Anführer,anfuehrer,mit,APPR,mit,17193,,
gdc,t977.0,31650,32751,Anführer,anfuehrer,dem,ART,der,17193,,
gdc,t977.0,31650,32751,Anführer,anfuehrer,Säbel,NN,säbel,17193,,
gdc,t977.0,31650,32751,Anführer,anfuehrer,bis,APPR,bis,17193,,
gdc,t977.0,31650,32751,Anführer,anfuehrer,in,APPR,in,17193,,
gdc,t977.0,31650,32751,Anführer,anfuehrer,die,ART,der,17193,,
gdc,t977.0,31650,32751,Anführer,anfuehrer,Kulisse,NN,kulisse,17193,,
gdc,t977.0,31650,32751,Anführer,anfuehrer,.,$.,--,17193,,
gdc,t977.0,31650,32751,Anführer,anfuehrer,Die,ART,der,17193,,
gdc,t977.0,31650,32751,Anführer,anfuehrer,Kanonen,NN,kanone,17193,,
gdc,t977.0,31650,32751,Anführer,anfuehrer,tun,VVFIN,tun,17193,,
gdc,t977.0,31650,32751,Anführer,anfuehrer,zwei,CARD,zwei,17193,,
gdc,t977.0,31650,32751,Anführer,anfuehrer,Schuß,NN,schuß,17193,,
gdc,t977.0,31650,32751,Anführer,anfuehrer,gegen,APPR,gegen,17193,,
gdc,t977.0,31650,32751,Anführer,anfuehrer,den,ART,der,17193,,
gdc,t977.0,31650,32751,Anführer,anfuehrer,Palast,NN,palast,17193,,
gdc,t977.0,31650,32751,Anführer,anfuehrer,",","$,",--,17193,,
gdc,t977.0,31650,32751,Anführer,anfuehrer,dieser,PDS,dieser,17193,,
gdc,t977.0,31650,32751,Anführer,anfuehrer,steht,VVFIN,stehen,17193,,
gdc,t977.0,31650,32751,Anführer,anfuehrer,ganz,ADV,ganz,17193,,
gdc,t977.0,31650,32751,Anführer,anfuehrer,in,APPR,in,17193,,
gdc,t977.0,31650,32751,Anführer,anfuehrer,Flammen,NN,flamme,17193,,
gdc,t977.0,31650,32751,Anführer,anfuehrer,.,$.,--,17193,,
gdc,t977.0,31650,32751,Anführer,anfuehrer,Das,ART,der,17193,,
gdc,t977.0,31650,32751,Anführer,anfuehrer,Gefecht,NN,gefecht,17193,,
gdc,t977.0,31650,32751,Anführer,anfuehrer,wird,VAFIN,werden,17193,,
gdc,t977.0,31650,32751,Anführer,anfuehrer,auf,APPR,auf,17193,,
gdc,t977.0,31650,32751,Anführer,anfuehrer,der,ART,der,17193,,
gdc,t977.0,31650,32751,Anführer,anfuehrer,Bühne,NN,bühne,17193,,
gdc,t977.0,31650,32751,Anführer,anfuehrer,allgemein,ADJD,allgemein,17193,,
gdc,t977.0,31650,32751,Anführer,anfuehrer,.,$.,--,17193,,
gdc,t977.0,31650,32751,Anführer,anfuehrer,Tutu,NN,tutu,17193,,(7)
gdc,t977.0,31650,32751,Anführer,anfuehrer,und,KON,und,17193,,
gdc,t977.0,31650,32751,Anführer,anfuehrer,Zoraide,NN,zoraide,17193,,(9)
gdc,t977.0,31650,32751,Anführer,anfuehrer,werden,VAFIN,werden,17193,,
gdc,t977.0,31650,32751,Anführer,anfuehrer,herausgebracht,VVPP,herausbringen,17193,,
gdc,t977.0,31650,32751,Anführer,anfuehrer,.,$.,--,17193,,
gdc,t977.0,31650,32751,Anführer,anfuehrer,Gruppe,NN,gruppe,17193,,
gdc,t977.0,31650,32751,Anführer,anfuehrer,des,ART,der,17193,,
gdc,t977.0,31650,32751,Anführer,anfuehrer,Sieges,NN,sieg,17193,,
gdc,t977.0,31650,32751,Anführer,anfuehrer,der,ART,der,17193,,
gdc,t977.0,31650,32751,Anführer,anfuehrer,Zaubermannschaft,NN,zaubermannschaft,17193,,
gdc,t977.0,31650,32751,Anführer,anfuehrer,.,$.,--,17193,,
gdc,t977.0,31650,32751,Anführer,anfuehrer,Quecksilber,NN,quecksilber,17193,,(2)
gdc,t977.0,31650,32751,Anführer,anfuehrer,kommt,VVFIN,kommen,17193,,
gdc,t977.0,31650,32751,Anführer,anfuehrer,in,APPR,in,17193,,
gdc,t977.0,31650,32751,Anführer,anfuehrer,dem,ART,der,17193,,
gdc,t977.0,31650,32751,Anführer,anfuehrer,Augenblick,NN,augenblick,17193,,
gdc,t977.0,31650,32751,Anführer,anfuehrer,mit,APPR,mit,17193,,
gdc,t977.0,31650,32751,Anführer,anfuehrer,den,ART,der,17193,,
gdc,t977.0,31650,32751,Anführer,anfuehrer,zwei,CARD,zwei,17193,,
gdc,t977.0,31650,32751,Anführer,anfuehrer,Kleinen,NN,kleine,17193,,
gdc,t977.0,31650,32751,Anführer,anfuehrer,und,KON,und,17193,,
gdc,t977.0,31650,32751,Anführer,anfuehrer,steht,VVFIN,stehen,17193,,
gdc,t977.0,31650,32751,Anführer,anfuehrer,als,APPR,als,17193,,
gdc,t977.0,31650,32751,Anführer,anfuehrer,Sieger,NN,sieger,17193,,
gdc,t977.0,31650,32751,Anführer,anfuehrer,auf,APPR,auf,17193,,
gdc,t977.0,31650,32751,Anführer,anfuehrer,einem,ART,ein,17193,,
gdc,t977.0,31650,32751,Anführer,anfuehrer,Liegenden,NN,liegend,17193,,
gdc,t977.0,31650,32751,Anführer,anfuehrer,von,APPR,von,17193,,
gdc,t977.0,31650,32751,Anführer,anfuehrer,Tutus,NE,tutus,17193,,
gdc,t977.0,31650,32751,Anführer,anfuehrer,Leuten,NN,leute,17193,,
gdc,t977.0,31650,32751,Anführer,anfuehrer,.,$.,--,17193,,
gdc,t977.0,31650,32751,Anführer,anfuehrer,Über,APPR,über,17193,,
gdc,t977.0,31650,32751,Anführer,anfuehrer,dieser,PDAT,dieser,17193,,
gdc,t977.0,31650,32751,Anführer,anfuehrer,Gruppe,NN,gruppe,17193,,
gdc,t977.0,31650,32751,Anführer,anfuehrer,läßt,VVFIN,lassen,17193,,
gdc,t977.0,31650,32751,Anführer,anfuehrer,sich,PRF,sich,17193,,
gdc,t977.0,31650,32751,Anführer,anfuehrer,ein,ART,ein,17193,,
gdc,t977.0,31650,32751,Anführer,anfuehrer,schönes,ADJA,schön,17193,,
gdc,t977.0,31650,32751,Anführer,anfuehrer,Wolkenzelt,NN,wolkenzelt,17193,,
gdc,t977.0,31650,32751,Anführer,anfuehrer,herab,VVFIN,herab,17193,,
gdc,t977.0,31650,32751,Anführer,anfuehrer,.,$.,--,17193,,
gdc,t977.0,31650,32751,Anführer,anfuehrer,In,APPR,in,17193,,
gdc,t977.0,31650,32751,Anführer,anfuehrer,der,ART,der,17193,,
gdc,t977.0,31650,32751,Anführer,anfuehrer,Mitte,NN,mitte,17193,,
gdc,t977.0,31650,32751,Anführer,anfuehrer,ist,VAFIN,sein,17193,,
gdc,t977.0,31650,32751,Anführer,anfuehrer,die,ART,der,17193,,
gdc,t977.0,31650,32751,Anführer,anfuehrer,Göttin,NN,göttin,17193,,
gdc,t977.0,31650,32751,Anführer,anfuehrer,des,ART,der,17193,,
gdc,t977.0,31650,32751,Anführer,anfuehrer,Krieges,NN,krieg,17193,,
gdc,t977.0,31650,32751,Anführer,anfuehrer,von,APPR,von,17193,,
gdc,t977.0,31650,32751,Anführer,anfuehrer,vier,CARD,vier,17193,,
gdc,t977.0,31650,32751,Anführer,anfuehrer,Genien,NN,genien,17193,,
gdc,t977.0,31650,32751,Anführer,anfuehrer,umgeben,VVPP,umgeben,17193,,
gdc,t977.0,31650,32751,Anführer,anfuehrer,",","$,",--,17193,,
gdc,t977.0,31650,32751,Anführer,anfuehrer,welche,PWAT,welcher,17193,,
gdc,t977.0,31650,32751,Anführer,anfuehrer,kleine,ADJA,klein,17193,,
gdc,t977.0,31650,32751,Anführer,anfuehrer,Fahnen,NN,fahne,17193,,
gdc,t977.0,31650,32751,Anführer,anfuehrer,schwingen,VVINF,schwingen,17193,,
gdc,t977.0,31650,32751,Anführer,anfuehrer,",","$,",--,17193,,
gdc,t977.0,31650,32751,Anführer,anfuehrer,sie,PPER,sie,17193,,
gdc,t977.0,31650,32751,Anführer,anfuehrer,haben,VAFIN,haben,17193,,
gdc,t977.0,31650,32751,Anführer,anfuehrer,auf,APPR,auf,17193,,
gdc,t977.0,31650,32751,Anführer,anfuehrer,dem,ART,der,17193,,
gdc,t977.0,31650,32751,Anführer,anfuehrer,Haupte,NN,haupt,17193,,
gdc,t977.0,31650,32751,Anführer,anfuehrer,Helme,NE,helme,17193,,
gdc,t977.0,31650,32751,Anführer,anfuehrer,",","$,",--,17193,,
gdc,t977.0,31650,32751,Anführer,anfuehrer,wovon,PWAV,wovon,17193,,
gdc,t977.0,31650,32751,Anführer,anfuehrer,jeder,PIS,jeder,17193,,
gdc,t977.0,31650,32751,Anführer,anfuehrer,einen,ART,ein,17193,,
gdc,t977.0,31650,32751,Anführer,anfuehrer,transparenten,ADJA,transparent,17193,,
gdc,t977.0,31650,32751,Anführer,anfuehrer,Buchstaben,NN,buchstabe,17193,,
gdc,t977.0,31650,32751,Anführer,anfuehrer,enthält,VVFIN,enthalten,17193,,
gdc,t977.0,31650,32751,Anführer,anfuehrer,",","$,",--,17193,,
gdc,t977.0,31650,32751,Anführer,anfuehrer,welche,PRELS,welcher,17193,,
gdc,t977.0,31650,32751,Anführer,anfuehrer,das,ART,der,17193,,
gdc,t977.0,31650,32751,Anführer,anfuehrer,Wort,NN,wort,17193,,
gdc,t977.0,31650,32751,Anführer,anfuehrer,:,$.,--,17193,,
gdc,t977.0,31650,32751,Anführer,anfuehrer,Sieg,NN,sieg,17193,,
gdc,t977.0,31650,32751,Anführer,anfuehrer,formieren,VVFIN,formieren,17193,,
gdc,t977.0,31650,32751,Anführer,anfuehrer,.,$.,--,17193,,
gdc,t977.0,31650,32751,Anführer,anfuehrer,Allgemeines,ADJA,allgemein,17193,,
gdc,t977.0,31650,32751,Anführer,anfuehrer,Tableau,NN,tableau,17193,,
gdc,t977.0,31650,32751,Anführer,anfuehrer,.,$.,--,17193,,
gdc,t977.0,32819,33002,_Stage,_Stage,Saal,NN,saal,17193,,
gdc,t977.0,32819,33002,_Stage,_Stage,in,APPR,in,17193,,
gdc,t977.0,32819,33002,_Stage,_Stage,indianischem,ADJA,indianisch,17193,,
gdc,t977.0,32819,33002,_Stage,_Stage,Geschmack,NN,geschmack,17193,,
gdc,t977.0,32819,33002,_Stage,_Stage,.,$.,--,17193,,
gdc,t977.0,32819,33002,_Stage,_Stage,An,APPR,an,17193,,
gdc,t977.0,32819,33002,_Stage,_Stage,der,ART,der,17193,,
gdc,t977.0,32819,33002,_Stage,_Stage,Seite,NN,seite,17193,,
gdc,t977.0,32819,33002,_Stage,_Stage,ein,ART,ein,17193,,
gdc,t977.0,32819,33002,_Stage,_Stage,erhöhter,ADJA,erhöht,17193,,
gdc,t977.0,32819,33002,_Stage,_Stage,Sitz,NN,sitz,17193,,
gdc,t977.0,32819,33002,_Stage,_Stage,",","$,",--,17193,,
gdc,t977.0,32819,33002,_Stage,_Stage,worauf,PROAV,worauf,17193,,
gdc,t977.0,32819,33002,_Stage,_Stage,Quecksilber,NN,quecksilber,17193,,(2)
gdc,t977.0,32819,33002,_Stage,_Stage,sitzt,VVFIN,sitzen,17193,,
gdc,t977.0,32819,33002,_Stage,_Stage,",","$,",--,17193,,
gdc,t977.0,32819,33002,_Stage,_Stage,neben,APPR,neben,17193,,
gdc,t977.0,32819,33002,_Stage,_Stage,ihm,PPER,ihm,17193,,
gdc,t977.0,32819,33002,_Stage,_Stage,seine,PPOSAT,sein,17193,,
gdc,t977.0,32819,33002,_Stage,_Stage,Dienerschaft,NN,dienerschaft,17193,,
gdc,t977.0,32819,33002,_Stage,_Stage,",","$,",--,17193,,
gdc,t977.0,32819,33002,_Stage,_Stage,in,APPR,in,17193,,
gdc,t977.0,32819,33002,_Stage,_Stage,der,ART,der,17193,,
gdc,t977.0,32819,33002,_Stage,_Stage,Mitte,NN,mitte,17193,,
gdc,t977.0,32819,33002,_Stage,_Stage,die,ART,der,17193,,
gdc,t977.0,32819,33002,_Stage,_Stage,Husaren,NN,husar,17193,,
gdc,t977.0,32819,33002,_Stage,_Stage,",","$,",--,17193,,
gdc,t977.0,32819,33002,_Stage,_Stage,gegenüber,APPR,gegenüber,17193,,
gdc,t977.0,32819,33002,_Stage,_Stage,Tutus,NE,tutus,17193,,
gdc,t977.0,32819,33002,_Stage,_Stage,Leute,NN,leute,17193,,
gdc,t977.0,32819,33002,_Stage,_Stage,kniend,ADJD,kniend,17193,,
gdc,t977.0,32819,33002,_Stage,_Stage,.,$.,--,17193,,
gdc,t977.0,32819,33002,_Stage,_Stage,Hassar,NE,hassar,17193,,(10)
gdc,t977.0,32819,33002,_Stage,_Stage,.,$.,--,17193,,
gdc,t977.0,34004,34015,Quecksilber,quecksilber,Auf,APPR,auf,17193,,
gdc,t977.0,34004,34015,Quecksilber,quecksilber,Hassar,NE,hassar,17193,,(10)
gdc,t977.0,34004,34015,Quecksilber,quecksilber,.,$.,--,17193,,
gdc,t977.0,34072,34112,Quecksilber,quecksilber,Alle,PIS,alle,17193,,(19)
gdc,t977.0,34072,34112,Quecksilber,quecksilber,ab,PTKVZ,ab,17193,,
gdc,t977.0,34072,34112,Quecksilber,quecksilber,",","$,",--,17193,,
gdc,t977.0,34072,34112,Quecksilber,quecksilber,bis,KOUS,bis,17193,,
gdc,t977.0,34072,34112,Quecksilber,quecksilber,auf,APPR,auf,17193,,
gdc,t977.0,34072,34112,Quecksilber,quecksilber,vier,CARD,vier,17193,,
gdc,t977.0,34072,34112,Quecksilber,quecksilber,Husaren,NN,husar,17193,,
gdc,t977.0,34072,34112,Quecksilber,quecksilber,.,$.,--,17193,,
gdc,t977.0,34072,34112,Quecksilber,quecksilber,Zu,APPR,zu,17193,,
gdc,t977.0,34072,34112,Quecksilber,quecksilber,denen,PDS,der,17193,,
gdc,t977.0,34072,34112,Quecksilber,quecksilber,.,$.,--,17193,,
gdc,t977.0,34144,34159,Quecksilber,quecksilber,Die,ART,der,17193,,
gdc,t977.0,34144,34159,Quecksilber,quecksilber,Husaren,NN,husar,17193,,
gdc,t977.0,34144,34159,Quecksilber,quecksilber,ab,PTKVZ,ab,17193,,
gdc,t977.0,34144,34159,Quecksilber,quecksilber,.,$.,--,17193,,
gdc,t977.0,34272,34341,_Stage,_Stage,Voriger,NN,voriger,17193,,
gdc,t977.0,34272,34341,_Stage,_Stage,.,$.,--,17193,,
gdc,t977.0,34272,34341,_Stage,_Stage,Tutu,NE,tutu,17193,,(7)
gdc,t977.0,34272,34341,_Stage,_Stage,",","$,",--,17193,,
gdc,t977.0,34272,34341,_Stage,_Stage,in,APPR,in,17193,,
gdc,t977.0,34272,34341,_Stage,_Stage,Ketten,NN,kette,17193,,
gdc,t977.0,34272,34341,_Stage,_Stage,",","$,",--,17193,,
gdc,t977.0,34272,34341,_Stage,_Stage,wird,VAFIN,werden,17193,,
gdc,t977.0,34272,34341,_Stage,_Stage,von,APPR,von,17193,,
gdc,t977.0,34272,34341,_Stage,_Stage,den,ART,der,17193,,
gdc,t977.0,34272,34341,_Stage,_Stage,vier,CARD,vier,17193,,
gdc,t977.0,34272,34341,_Stage,_Stage,kleinen,ADJA,klein,17193,,
gdc,t977.0,34272,34341,_Stage,_Stage,Husaren,NN,husar,17193,,
gdc,t977.0,34272,34341,_Stage,_Stage,gebracht,VVPP,bringen,17193,,
gdc,t977.0,34272,34341,_Stage,_Stage,.,$.,--,17193,,
gdc,t977.0,34399,34419,Tutu,tutu,sieht,VVFIN,sehen,17193,,
gdc,t977.0,34399,34419,Tutu,tutu,auf,APPR,auf,17193,,
gdc,t977.0,34399,34419,Tutu,tutu,ihn,PPER,ihn,17193,,
gdc,t977.0,34399,34419,Tutu,tutu,herab,VVFIN,herab,17193,,
gdc,t977.0,34399,34419,Tutu,tutu,.,$.,--,17193,,
gdc,t977.0,34949,34964,Tutu,tutu,zu,APPR,zu,17193,,
gdc,t977.0,34949,34964,Tutu,tutu,den,ART,der,17193,,
gdc,t977.0,34949,34964,Tutu,tutu,Kleinen,NN,kleine,17193,,
gdc,t977.0,34949,34964,Tutu,tutu,.,$.,--,17193,,
gdc,t977.0,35192,35208,Erster Husar,erster_husar,Zieht,VVFIN,ziehen,17193,,
gdc,t977.0,35192,35208,Erster Husar,erster_husar,den,ART,der,17193,,
gdc,t977.0,35192,35208,Erster Husar,erster_husar,Säbel,NN,säbel,17193,,
gdc,t977.0,35192,35208,Erster Husar,erster_husar,.,$.,--,17193,,
gdc,t977.0,35363,35385,Erster Husar,erster_husar,Tritt,VVFIN,tritt,17193,,
gdc,t977.0,35363,35385,Erster Husar,erster_husar,zornig,ADJD,zornig,17193,,
gdc,t977.0,35363,35385,Erster Husar,erster_husar,vor,APPR,vor,17193,,
gdc,t977.0,35363,35385,Erster Husar,erster_husar,Tutu,NN,tutu,17193,,(7)
gdc,t977.0,35363,35385,Erster Husar,erster_husar,.,$.,--,17193,,
gdc,t977.0,35395,35461,Erster Husar,erster_husar,Stoßt,VVFIN,stoßen,17193,,
gdc,t977.0,35395,35461,Erster Husar,erster_husar,den,ART,der,17193,,
gdc,t977.0,35395,35461,Erster Husar,erster_husar,Säbel,NN,säbel,17193,,
gdc,t977.0,35395,35461,Erster Husar,erster_husar,in,APPR,in,17193,,
gdc,t977.0,35395,35461,Erster Husar,erster_husar,die,ART,der,17193,,
gdc,t977.0,35395,35461,Erster Husar,erster_husar,Scheide,NN,scheide,17193,,
gdc,t977.0,35395,35461,Erster Husar,erster_husar,und,KON,und,17193,,
gdc,t977.0,35395,35461,Erster Husar,erster_husar,geht,VVFIN,gehen,17193,,
gdc,t977.0,35395,35461,Erster Husar,erster_husar,mit,APPR,mit,17193,,
gdc,t977.0,35395,35461,Erster Husar,erster_husar,den,ART,der,17193,,
gdc,t977.0,35395,35461,Erster Husar,erster_husar,andern,ADV,anderer,17193,,
gdc,t977.0,35395,35461,Erster Husar,erster_husar,trotzig,ADJD,trotzig,17193,,
gdc,t977.0,35395,35461,Erster Husar,erster_husar,ab,PTKVZ,ab,17193,,
gdc,t977.0,35395,35461,Erster Husar,erster_husar,.,$.,--,17193,,
gdc,t977.0,35471,35486,Tutu,tutu,sieht,VVFIN,sehen,17193,,
gdc,t977.0,35471,35486,Tutu,tutu,ihm,PPER,ihm,17193,,
gdc,t977.0,35471,35486,Tutu,tutu,nach,PTKVZ,nach,17193,,
gdc,t977.0,35471,35486,Tutu,tutu,.,$.,--,17193,,
gdc,t977.0,35543,35561,_Stage,_Stage,Tutu,NE,tutu,17193,,(7)
gdc,t977.0,35543,35561,_Stage,_Stage,.,$.,--,17193,,
gdc,t977.0,35543,35561,_Stage,_Stage,Quecksilber,NN,quecksilber,17193,,(2)
gdc,t977.0,35543,35561,_Stage,_Stage,.,$.,--,17193,,
gdc,t977.0,38017,38051,Tutu,tutu,Sperrt,VVFIN,sperren,17193,,
gdc,t977.0,38017,38051,Tutu,tutu,die,ART,der,17193,,
gdc,t977.0,38017,38051,Tutu,tutu,Augen,NN,auge,17193,,
gdc,t977.0,38017,38051,Tutu,tutu,und,KON,und,17193,,
gdc,t977.0,38017,38051,Tutu,tutu,den,ART,der,17193,,
gdc,t977.0,38017,38051,Tutu,tutu,Mund,NN,mund,17193,,
gdc,t977.0,38017,38051,Tutu,tutu,auf,PTKVZ,auf,17193,,
gdc,t977.0,38017,38051,Tutu,tutu,.,$.,--,17193,,
gdc,t977.0,38102,38123,Quecksilber,quecksilber,Deutet,VVFIN,deuten,17193,,
gdc,t977.0,38102,38123,Quecksilber,quecksilber,auf,APPR,auf,17193,,
gdc,t977.0,38102,38123,Quecksilber,quecksilber,die,ART,der,17193,,
gdc,t977.0,38102,38123,Quecksilber,quecksilber,Stirn,NN,stirn,17193,,
gdc,t977.0,38102,38123,Quecksilber,quecksilber,.,$.,--,17193,,
gdc,t977.0,38148,38164,_Stage,_Stage,Zoraide,NN,zoraide,17193,,(9)
gdc,t977.0,38148,38164,_Stage,_Stage,.,$.,--,17193,,
gdc,t977.0,38148,38164,_Stage,_Stage,Vorige,NN,vorige,17193,,
gdc,t977.0,38148,38164,_Stage,_Stage,.,$.,--,17193,,
gdc,t977.0,38174,38203,Zoraide,zoraide,ganz,ADV,ganz,17193,,
gdc,t977.0,38174,38203,Zoraide,zoraide,blaß,VVFIN,blaß,17193,,
gdc,t977.0,38174,38203,Zoraide,zoraide,",","$,",--,17193,,
gdc,t977.0,38174,38203,Zoraide,zoraide,tritt,VVFIN,treten,17193,,
gdc,t977.0,38174,38203,Zoraide,zoraide,langsam,ADJD,langsam,17193,,
gdc,t977.0,38174,38203,Zoraide,zoraide,vor,PTKVZ,vor,17193,,
gdc,t977.0,38174,38203,Zoraide,zoraide,.,$.,--,17193,,
gdc,t977.0,38502,38521,Zoraide,zoraide,schnell,ADJD,schnell,17193,,
gdc,t977.0,38502,38521,Zoraide,zoraide,einfallend,ADJD,einfallend,17193,,
gdc,t977.0,38502,38521,Zoraide,zoraide,.,$.,--,17193,,
gdc,t977.0,39122,39130,Tutu,tutu,Geht,VVFIN,gehen,17193,,
gdc,t977.0,39122,39130,Tutu,tutu,ab,PTKVZ,ab,17193,,
gdc,t977.0,39122,39130,Tutu,tutu,.,$.,--,17193,,
gdc,t977.0,39155,39176,_Stage,_Stage,Zoraide,NN,zoraide,17193,,(9)
gdc,t977.0,39155,39176,_Stage,_Stage,.,$.,--,17193,,
gdc,t977.0,39155,39176,_Stage,_Stage,Quecksilber,NN,quecksilber,17193,,(2)
gdc,t977.0,39155,39176,_Stage,_Stage,.,$.,--,17193,,
gdc,t977.0,40498,40521,Quecksilber,quecksilber,Erster,ADJA,erster,17193,,(13
gdc,t977.0,40498,40521,Quecksilber,quecksilber,Husar,NN,husar,17193,,13)
gdc,t977.0,40498,40521,Quecksilber,quecksilber,erscheint,VVFIN,erscheinen,17193,,
gdc,t977.0,40498,40521,Quecksilber,quecksilber,.,$.,--,17193,,
gdc,t977.0,40610,40627,Quecksilber,quecksilber,Deutet,VVFIN,deuten,17193,,
gdc,t977.0,40610,40627,Quecksilber,quecksilber,aufs,APPRART,auf,17193,,
gdc,t977.0,40610,40627,Quecksilber,quecksilber,Horn,NE,horn,17193,,
gdc,t977.0,40610,40627,Quecksilber,quecksilber,.,$.,--,17193,,
gdc,t977.0,40658,40661,Erster Husar,erster_husar,Ab,NN,ab,17193,,
gdc,t977.0,40658,40661,Erster Husar,erster_husar,.,$.,--,17193,,
gdc,t977.0,40674,40701,Zoraide,zoraide,bemerkt,VVFIN,bemerken,17193,,
gdc,t977.0,40674,40701,Zoraide,zoraide,das,ART,der,17193,,
gdc,t977.0,40674,40701,Zoraide,zoraide,Horn,NN,horn,17193,,
gdc,t977.0,40674,40701,Zoraide,zoraide,",","$,",--,17193,,
gdc,t977.0,40674,40701,Zoraide,zoraide,für,APPR,für,17193,,
gdc,t977.0,40674,40701,Zoraide,zoraide,sich,PRF,sich,17193,,
gdc,t977.0,40674,40701,Zoraide,zoraide,.,$.,--,17193,,
gdc,t977.0,40858,40866,Quecksilber,quecksilber,Will,VMFIN,wollen,17193,,
gdc,t977.0,40858,40866,Quecksilber,quecksilber,ab,PTKVZ,ab,17193,,
gdc,t977.0,40858,40866,Quecksilber,quecksilber,.,$.,--,17193,,
gdc,t977.0,42252,42261,Zoraide,zoraide,Für,APPR,für,17193,,
gdc,t977.0,42252,42261,Zoraide,zoraide,sich,PRF,sich,17193,,
gdc,t977.0,42252,42261,Zoraide,zoraide,.,$.,--,17193,,
gdc,t977.0,42328,42333,Zoraide,zoraide,Laut,NN,laut,17193,,
gdc,t977.0,42328,42333,Zoraide,zoraide,.,$.,--,17193,,
gdc,t977.0,42453,42477,Quecksilber,quecksilber,Sie,PPER,sie,17193,,
gdc,t977.0,42453,42477,Quecksilber,quecksilber,fällt,VVFIN,fallen,17193,,
gdc,t977.0,42453,42477,Quecksilber,quecksilber,in,APPR,in,17193,,
gdc,t977.0,42453,42477,Quecksilber,quecksilber,seinen,PPOSAT,sein,17193,,
gdc,t977.0,42453,42477,Quecksilber,quecksilber,Arm,NN,arm,17193,,
gdc,t977.0,42453,42477,Quecksilber,quecksilber,.,$.,--,17193,,
gdc,t977.0,42985,42993,Zoraide,zoraide,erwacht,VVPP,erwachen,17193,,
gdc,t977.0,42985,42993,Zoraide,zoraide,.,$.,--,17193,,
gdc,t977.0,43722,43746,Quecksilber,quecksilber,Er,PPER,er,17193,,
gdc,t977.0,43722,43746,Quecksilber,quecksilber,nimmt,VVFIN,nehmen,17193,,
gdc,t977.0,43722,43746,Quecksilber,quecksilber,das,ART,der,17193,,
gdc,t977.0,43722,43746,Quecksilber,quecksilber,Horn,NE,horn,17193,,
gdc,t977.0,43722,43746,Quecksilber,quecksilber,herab,PTKVZ,herab,17193,,
gdc,t977.0,43722,43746,Quecksilber,quecksilber,.,$.,--,17193,,
gdc,t977.0,43961,44010,Quecksilber,quecksilber,Gibt,VVFIN,geben,17193,,
gdc,t977.0,43961,44010,Quecksilber,quecksilber,ihr,PPER,ihr,17193,,
gdc,t977.0,43961,44010,Quecksilber,quecksilber,das,ART,der,17193,,
gdc,t977.0,43961,44010,Quecksilber,quecksilber,Horn,NN,horn,17193,,
gdc,t977.0,43961,44010,Quecksilber,quecksilber,.,$.,--,17193,,
gdc,t977.0,43961,44010,Quecksilber,quecksilber,Zoraide,NN,zoraide,17193,,(9)
gdc,t977.0,43961,44010,Quecksilber,quecksilber,bläst,VVFIN,blasen,17193,,
gdc,t977.0,43961,44010,Quecksilber,quecksilber,ins,APPRART,in,17193,,
gdc,t977.0,43961,44010,Quecksilber,quecksilber,Horn,NE,horn,17193,,
gdc,t977.0,43961,44010,Quecksilber,quecksilber,.,$.,--,17193,,
gdc,t977.0,43961,44010,Quecksilber,quecksilber,Musik,NN,musik,17193,,
gdc,t977.0,43961,44010,Quecksilber,quecksilber,.,$.,--,17193,,
gdc,t977.0,44035,44079,_Stage,_Stage,Vorige,NN,vorige,17193,,
gdc,t977.0,44035,44079,_Stage,_Stage,.,$.,--,17193,,
gdc,t977.0,44035,44079,_Stage,_Stage,Sechs,CARD,sechs,17193,,
gdc,t977.0,44035,44079,_Stage,_Stage,Amazonen,NN,amazone,17193,,
gdc,t977.0,44035,44079,_Stage,_Stage,mit,APPR,mit,17193,,
gdc,t977.0,44035,44079,_Stage,_Stage,Lanze,NN,lanze,17193,,
gdc,t977.0,44035,44079,_Stage,_Stage,und,KON,und,17193,,
gdc,t977.0,44035,44079,_Stage,_Stage,Schild,NN,schild,17193,,
gdc,t977.0,44035,44079,_Stage,_Stage,.,$.,--,17193,,
gdc,t977.0,44186,44194,Zoraide,zoraide,Eilt,NN,eilt,17193,,
gdc,t977.0,44186,44194,Zoraide,zoraide,ab,PTKVZ,ab,17193,,
gdc,t977.0,44186,44194,Zoraide,zoraide,.,$.,--,17193,,
gdc,t977.0,44226,44236,Quecksilber,quecksilber,Will,VMFIN,wollen,17193,,
gdc,t977.0,44226,44236,Quecksilber,quecksilber,nach,PTKVZ,nach,17193,,
gdc,t977.0,44226,44236,Quecksilber,quecksilber,.,$.,--,17193,,
gdc,t977.0,44253,44299,Die Amazonen,die_amazonen,halten,VVFIN,halten,17193,,
gdc,t977.0,44253,44299,Die Amazonen,die_amazonen,ihre,PPOSAT,ihr,17193,,
gdc,t977.0,44253,44299,Die Amazonen,die_amazonen,Lanzen,NN,lanze,17193,,
gdc,t977.0,44253,44299,Die Amazonen,die_amazonen,vor,PTKVZ,vor,17193,,
gdc,t977.0,44253,44299,Die Amazonen,die_amazonen,und,KON,und,17193,,
gdc,t977.0,44253,44299,Die Amazonen,die_amazonen,treiben,VVFIN,treiben,17193,,
gdc,t977.0,44253,44299,Die Amazonen,die_amazonen,ihn,PPER,ihn,17193,,
gdc,t977.0,44253,44299,Die Amazonen,die_amazonen,zurück,PTKVZ,zurück,17193,,
gdc,t977.0,44253,44299,Die Amazonen,die_amazonen,.,$.,--,17193,,
gdc,t977.0,44309,44373,Die Amazonen,die_amazonen,Kurze,ADJA,kurz,17193,,
gdc,t977.0,44309,44373,Die Amazonen,die_amazonen,Musik,NN,musik,17193,,
gdc,t977.0,44309,44373,Die Amazonen,die_amazonen,.,$.,--,17193,,
gdc,t977.0,44309,44373,Die Amazonen,die_amazonen,Quecksilber,NN,quecksilber,17193,,(2)
gdc,t977.0,44309,44373,Die Amazonen,die_amazonen,stürzt,VVFIN,stürzen,17193,,
gdc,t977.0,44309,44373,Die Amazonen,die_amazonen,zu,APPR,zu,17193,,
gdc,t977.0,44309,44373,Die Amazonen,die_amazonen,Boden,NN,boden,17193,,
gdc,t977.0,44309,44373,Die Amazonen,die_amazonen,",","$,",--,17193,,
gdc,t977.0,44309,44373,Die Amazonen,die_amazonen,die,ART,der,17193,,(23
gdc,t977.0,44309,44373,Die Amazonen,die_amazonen,Amazonen,NN,amazone,17193,,23)
gdc,t977.0,44309,44373,Die Amazonen,die_amazonen,eilen,VVFIN,eilen,17193,,
gdc,t977.0,44309,44373,Die Amazonen,die_amazonen,ab,PTKVZ,ab,17193,,
gdc,t977.0,44309,44373,Die Amazonen,die_amazonen,.,$.,--,17193,,
gdc,t977.0,44399,44418,_Stage,_Stage,Linda,NE,linda,17193,,(8)
gdc,t977.0,44399,44418,_Stage,_Stage,.,$.,--,17193,,
gdc,t977.0,44399,44418,_Stage,_Stage,Quecksilber,NN,quecksilber,17193,,(2)
gdc,t977.0,44399,44418,_Stage,_Stage,.,$.,--,17193,,
gdc,t977.0,44604,44616,Linda,linda,Rüttelt,VVFIN,rüttelt,17193,,
gdc,t977.0,44604,44616,Linda,linda,ihn,PPER,ihn,17193,,
gdc,t977.0,44604,44616,Linda,linda,.,$.,--,17193,,
gdc,t977.0,44740,44757,Quecksilber,quecksilber,richtet,VVFIN,richten,17193,,
gdc,t977.0,44740,44757,Quecksilber,quecksilber,sich,PRF,sich,17193,,
gdc,t977.0,44740,44757,Quecksilber,quecksilber,auf,PTKVZ,auf,17193,,
gdc,t977.0,44740,44757,Quecksilber,quecksilber,.,$.,--,17193,,
gdc,t977.0,44794,44804,Linda,linda,ängstlich,ADJD,ängstlich,17193,,
gdc,t977.0,44794,44804,Linda,linda,.,$.,--,17193,,
gdc,t977.0,46381,46389,Quecksilber,quecksilber,im,APPRART,in,17193,,
gdc,t977.0,46381,46389,Quecksilber,quecksilber,Zorn,NN,zorn,17193,,
gdc,t977.0,46381,46389,Quecksilber,quecksilber,.,$.,--,17193,,
gdc,t977.0,46417,46432,Quecksilber,quecksilber,Sieht,VVFIN,sehen,17193,,
gdc,t977.0,46417,46432,Quecksilber,quecksilber,Linda,NE,linda,17193,,(8)
gdc,t977.0,46417,46432,Quecksilber,quecksilber,an,PTKVZ,an,17193,,
gdc,t977.0,46417,46432,Quecksilber,quecksilber,.,$.,--,17193,,
gdc,t977.0,46459,46466,Quecksilber,quecksilber,Zornig,ADJD,zornig,17193,,
gdc,t977.0,46459,46466,Quecksilber,quecksilber,.,$.,--,17193,,
gdc,t977.0,46486,46501,Quecksilber,quecksilber,Sieht,VVFIN,sehen,17193,,
gdc,t977.0,46486,46501,Quecksilber,quecksilber,Linda,NE,linda,17193,,(8)
gdc,t977.0,46486,46501,Quecksilber,quecksilber,an,PTKVZ,an,17193,,
gdc,t977.0,46486,46501,Quecksilber,quecksilber,.,$.,--,17193,,
gdc,t977.0,46534,46543,Quecksilber,quecksilber,Wie,PWAV,wie,17193,,
gdc,t977.0,46534,46543,Quecksilber,quecksilber,oben,ADV,oben,17193,,
gdc,t977.0,46534,46543,Quecksilber,quecksilber,.,$.,--,17193,,
gdc,t977.0,46556,46565,Quecksilber,quecksilber,Wie,PWAV,wie,17193,,
gdc,t977.0,46556,46565,Quecksilber,quecksilber,oben,ADV,oben,17193,,
gdc,t977.0,46556,46565,Quecksilber,quecksilber,.,$.,--,17193,,
gdc,t977.0,47814,47837,Quecksilber,quecksilber,sich,PRF,sich,17193,,
gdc,t977.0,47814,47837,Quecksilber,quecksilber,beim,APPRART,bei,17193,,
gdc,t977.0,47814,47837,Quecksilber,quecksilber,Rock,NN,Rock,17193,,
gdc,t977.0,47814,47837,Quecksilber,quecksilber,fassend,ADJD,fassend,17193,,
gdc,t977.0,47814,47837,Quecksilber,quecksilber,.,$.,--,17193,,
gdc,t977.0,47945,47948,Linda,linda,Ab,NN,ab,17193,,
gdc,t977.0,47945,47948,Linda,linda,.,$.,--,17193,,
gdc,t977.0,47972,47984,_Stage,_Stage,Quecksilber,NN,quecksilber,17193,,(2)
gdc,t977.0,47972,47984,_Stage,_Stage,.,$.,--,17193,,
gdc,t977.0,47998,48005,Quecksilber,quecksilber,allein,ADV,allein,17193,,
gdc,t977.0,47998,48005,Quecksilber,quecksilber,.,$.,--,17193,,
gdc,t977.0,48503,48515,Quecksilber,quecksilber,Geht,VVFIN,gehen,17193,,
gdc,t977.0,48503,48515,Quecksilber,quecksilber,zurück,PTKVZ,zurück,17193,,
gdc,t977.0,48503,48515,Quecksilber,quecksilber,.,$.,--,17193,,
gdc,t977.0,48540,48615,_Stage,_Stage,Quecksilber,NN,quecksilber,17193,,(2)
gdc,t977.0,48540,48615,_Stage,_Stage,.,$.,--,17193,,
gdc,t977.0,48540,48615,_Stage,_Stage,Linda,NE,linda,17193,,(8)
gdc,t977.0,48540,48615,_Stage,_Stage,mit,APPR,mit,17193,,
gdc,t977.0,48540,48615,_Stage,_Stage,Quecksilbers,NN,quecksilber,17193,,
gdc,t977.0,48540,48615,_Stage,_Stage,Dienern,NN,diener,17193,,
gdc,t977.0,48540,48615,_Stage,_Stage,und,KON,und,17193,,
gdc,t977.0,48540,48615,_Stage,_Stage,mehreren,VVFIN,mehrere,17193,,
gdc,t977.0,48540,48615,_Stage,_Stage,von,APPR,von,17193,,
gdc,t977.0,48540,48615,_Stage,_Stage,Tutus,NE,tutus,17193,,
gdc,t977.0,48540,48615,_Stage,_Stage,Gefolge,NN,gefolge,17193,,
gdc,t977.0,48540,48615,_Stage,_Stage,.,$.,--,17193,,
gdc,t977.0,48616,48620,_Stage,_Stage,Chor,NN,chor,17193,,
gdc,t977.0,49056,49080,Quecksilber,quecksilber,tritt,VVFIN,treten,17193,,
gdc,t977.0,49056,49080,Quecksilber,quecksilber,vor,APPR,vor,17193,,
gdc,t977.0,49056,49080,Quecksilber,quecksilber,in,APPR,in,17193,,
gdc,t977.0,49056,49080,Quecksilber,quecksilber,ihre,PPOSAT,ihr,17193,,
gdc,t977.0,49056,49080,Quecksilber,quecksilber,Mitte,NN,mitte,17193,,
gdc,t977.0,49056,49080,Quecksilber,quecksilber,.,$.,--,17193,,
gdc,t977.0,49690,49840,Quecksilber,quecksilber,Alle,PIS,aller,17193,,(19)
gdc,t977.0,49690,49840,Quecksilber,quecksilber,halten,VVFIN,halten,17193,,
gdc,t977.0,49690,49840,Quecksilber,quecksilber,die,ART,der,17193,,
gdc,t977.0,49690,49840,Quecksilber,quecksilber,Turbans,NN,turban,17193,,
gdc,t977.0,49690,49840,Quecksilber,quecksilber,hoch,PTKVZ,hoch,17193,,
gdc,t977.0,49690,49840,Quecksilber,quecksilber,.,$.,--,17193,,
gdc,t977.0,49690,49840,Quecksilber,quecksilber,Quecksilber,NN,quecksilber,17193,,(2)
gdc,t977.0,49690,49840,Quecksilber,quecksilber,macht,VVFIN,machen,17193,,
gdc,t977.0,49690,49840,Quecksilber,quecksilber,verschiedene,ADJA,verschieden,17193,,
gdc,t977.0,49690,49840,Quecksilber,quecksilber,Bewegungen,NN,bewegung,17193,,
gdc,t977.0,49690,49840,Quecksilber,quecksilber,mit,APPR,mit,17193,,
gdc,t977.0,49690,49840,Quecksilber,quecksilber,dem,ART,der,17193,,
gdc,t977.0,49690,49840,Quecksilber,quecksilber,Stabe,NN,stabe,17193,,
gdc,t977.0,49690,49840,Quecksilber,quecksilber,.,$.,--,17193,,
gdc,t977.0,49690,49840,Quecksilber,quecksilber,Alle,PIS,aller,17193,,(19)
gdc,t977.0,49690,49840,Quecksilber,quecksilber,sind,VAFIN,sein,17193,,
gdc,t977.0,49690,49840,Quecksilber,quecksilber,in,APPR,in,17193,,
gdc,t977.0,49690,49840,Quecksilber,quecksilber,gespannter,ADJA,gespannt,17193,,
gdc,t977.0,49690,49840,Quecksilber,quecksilber,Erwartung,NN,erwartung,17193,,
gdc,t977.0,49690,49840,Quecksilber,quecksilber,.,$.,--,17193,,
gdc,t977.0,49690,49840,Quecksilber,quecksilber,Pause,NN,pause,17193,,
gdc,t977.0,49690,49840,Quecksilber,quecksilber,in,APPR,in,17193,,
gdc,t977.0,49690,49840,Quecksilber,quecksilber,der,ART,der,17193,,
gdc,t977.0,49690,49840,Quecksilber,quecksilber,Musik,NN,musik,17193,,
gdc,t977.0,49690,49840,Quecksilber,quecksilber,.,$.,--,17193,,
gdc,t977.0,49690,49840,Quecksilber,quecksilber,Er,PPER,er,17193,,
gdc,t977.0,49690,49840,Quecksilber,quecksilber,sagt,VVFIN,sagen,17193,,
gdc,t977.0,49690,49840,Quecksilber,quecksilber,.,$.,--,17193,,
gdc,t977.0,49873,49922,Quecksilber,quecksilber,Er,PPER,er,17193,,
gdc,t977.0,49873,49922,Quecksilber,quecksilber,macht,VVFIN,machen,17193,,
gdc,t977.0,49873,49922,Quecksilber,quecksilber,die,ART,der,17193,,
gdc,t977.0,49873,49922,Quecksilber,quecksilber,vorigen,ADJA,vorig,17193,,
gdc,t977.0,49873,49922,Quecksilber,quecksilber,Bewegungen,NN,bewegung,17193,,
gdc,t977.0,49873,49922,Quecksilber,quecksilber,.,$.,--,17193,,
gdc,t977.0,49873,49922,Quecksilber,quecksilber,Musik,NN,musik,17193,,
gdc,t977.0,49873,49922,Quecksilber,quecksilber,fällt,VVFIN,fallen,17193,,
gdc,t977.0,49873,49922,Quecksilber,quecksilber,ein,PTKVZ,ein,17193,,
gdc,t977.0,49873,49922,Quecksilber,quecksilber,.,$.,--,17193,,
gdc,t977.0,50085,50115,Quecksilber,quecksilber,hat,VAFIN,haben,17193,,
gdc,t977.0,50085,50115,Quecksilber,quecksilber,den,ART,der,17193,,
gdc,t977.0,50085,50115,Quecksilber,quecksilber,Stab,NN,stab,17193,,
gdc,t977.0,50085,50115,Quecksilber,quecksilber,genau,ADJD,genau,17193,,
gdc,t977.0,50085,50115,Quecksilber,quecksilber,betrachtet,VVPP,betrachten,17193,,
gdc,t977.0,50085,50115,Quecksilber,quecksilber,.,$.,--,17193,,
gdc,t977.0,50212,50251,Quecksilber,quecksilber,Zerbricht,VVFIN,zerbricht,17193,,
gdc,t977.0,50212,50251,Quecksilber,quecksilber,den,ART,der,17193,,
gdc,t977.0,50212,50251,Quecksilber,quecksilber,Stab,NN,stab,17193,,
gdc,t977.0,50212,50251,Quecksilber,quecksilber,in,APPR,in,17193,,
gdc,t977.0,50212,50251,Quecksilber,quecksilber,kleine,ADJA,klein,17193,,
gdc,t977.0,50212,50251,Quecksilber,quecksilber,Stückchen,NN,stückchen,17193,,
gdc,t977.0,50212,50251,Quecksilber,quecksilber,.,$.,--,17193,,
gdc,t977.0,50386,50406,Chor (II/9),chor_2-9,Alle,PIS,aller,17193,,(19)
gdc,t977.0,50386,50406,Chor (II/9),chor_2-9,hohnlachend,ADJD,hohnlachend,17193,,
gdc,t977.0,50386,50406,Chor (II/9),chor_2-9,ab,PTKVZ,ab,17193,,
gdc,t977.0,50386,50406,Chor (II/9),chor_2-9,.,$.,--,17193,,
gdc,t977.0,50431,50465,_Stage,_Stage,Quecksilber,NN,quecksilber,17193,,(2)
gdc,t977.0,50431,50465,_Stage,_Stage,.,$.,--,17193,,
gdc,t977.0,50431,50465,_Stage,_Stage,Linda,NE,linda,17193,,(8)
gdc,t977.0,50431,50465,_Stage,_Stage,.,$.,--,17193,,
gdc,t977.0,50431,50465,_Stage,_Stage,Später,ADJD,spät,17193,,
gdc,t977.0,50431,50465,_Stage,_Stage,Hassar,NN,hassar,17193,,(10)
gdc,t977.0,50431,50465,_Stage,_Stage,.,$.,--,17193,,
gdc,t977.0,51305,51331,Quecksilber,quecksilber,Hassar,NE,hassar,17193,,(10)
gdc,t977.0,51305,51331,Quecksilber,quecksilber,horcht,VVFIN,horchen,17193,,
gdc,t977.0,51305,51331,Quecksilber,quecksilber,an,APPR,an,17193,,
gdc,t977.0,51305,51331,Quecksilber,quecksilber,der,ART,der,17193,,
gdc,t977.0,51305,51331,Quecksilber,quecksilber,Türe,NN,türe,17193,,
gdc,t977.0,51305,51331,Quecksilber,quecksilber,.,$.,--,17193,,
gdc,t977.0,52250,52253,Hassar,hassar,Ab,NN,ab,17193,,
gdc,t977.0,52250,52253,Hassar,hassar,.,$.,--,17193,,
gdc,t977.0,52497,52503,Quecksilber,quecksilber,Duetto,NE,duetto,17193,,
gdc,t977.0,54074,54090,Quecksilber,quecksilber,Beide,PIS,beide,17193,,
gdc,t977.0,54074,54090,Quecksilber,quecksilber,tanzen,VVFIN,tanzen,17193,,
gdc,t977.0,54074,54090,Quecksilber,quecksilber,ab,PTKVZ,ab,17193,,
gdc,t977.0,54074,54090,Quecksilber,quecksilber,.,$.,--,17193,,
gdc,t977.0,54113,54200,_Stage,_Stage,Gemach,NN,gemach,17193,,
gdc,t977.0,54113,54200,_Stage,_Stage,der,ART,der,17193,,
gdc,t977.0,54113,54200,_Stage,_Stage,Zoraide,NN,zoraide,17193,,(9)
gdc,t977.0,54113,54200,_Stage,_Stage,mit,APPR,mit,17193,,
gdc,t977.0,54113,54200,_Stage,_Stage,zwei,CARD,zwei,17193,,
gdc,t977.0,54113,54200,_Stage,_Stage,Seitenfenstern,NN,seitenfenster,17193,,
gdc,t977.0,54113,54200,_Stage,_Stage,.,$.,--,17193,,
gdc,t977.0,54113,54200,_Stage,_Stage,Nacht,NN,nacht,17193,,
gdc,t977.0,54113,54200,_Stage,_Stage,.,$.,--,17193,,
gdc,t977.0,54113,54200,_Stage,_Stage,Eine,ART,ein,17193,,
gdc,t977.0,54113,54200,_Stage,_Stage,Lampe,NN,lampe,17193,,
gdc,t977.0,54113,54200,_Stage,_Stage,beleuchtet,VVFIN,beleuchten,17193,,
gdc,t977.0,54113,54200,_Stage,_Stage,nur,ADV,nur,17193,,
gdc,t977.0,54113,54200,_Stage,_Stage,das,ART,der,17193,,
gdc,t977.0,54113,54200,_Stage,_Stage,Ganze,NN,ganze,17193,,
gdc,t977.0,54113,54200,_Stage,_Stage,.,$.,--,17193,,
gdc,t977.0,54201,54231,_Stage,_Stage,Zoraide,NN,zoraide,17193,,(9)
gdc,t977.0,54201,54231,_Stage,_Stage,und,KON,und,17193,,
gdc,t977.0,54201,54231,_Stage,_Stage,Hassar,NN,hassar,17193,,(10)
gdc,t977.0,54201,54231,_Stage,_Stage,treten,VVFIN,treten,17193,,
gdc,t977.0,54201,54231,_Stage,_Stage,ein,PTKVZ,ein,17193,,
gdc,t977.0,54201,54231,_Stage,_Stage,.,$.,--,17193,,
gdc,t977.0,55493,55502,Hassar,hassar,beiseite,ADV,beiseite,17193,,
gdc,t977.0,55493,55502,Hassar,hassar,.,$.,--,17193,,
gdc,t977.0,55605,55613,Hassar,hassar,Will,VMFIN,wollen,17193,,
gdc,t977.0,55605,55613,Hassar,hassar,ab,PTKVZ,ab,17193,,
gdc,t977.0,55605,55613,Hassar,hassar,.,$.,--,17193,,
gdc,t977.0,55814,55824,Zoraide,zoraide,Hassar,NE,hassar,17193,,(10)
gdc,t977.0,55814,55824,Zoraide,zoraide,ab,PTKVZ,ab,17193,,
gdc,t977.0,55814,55824,Zoraide,zoraide,.,$.,--,17193,,
gdc,t977.0,55849,55857,_Stage,_Stage,Zoraide,NN,zoraide,17193,,(9)
gdc,t977.0,55849,55857,_Stage,_Stage,.,$.,--,17193,,
gdc,t977.0,55867,55874,Zoraide,zoraide,allein,ADV,allein,17193,,
gdc,t977.0,55867,55874,Zoraide,zoraide,.,$.,--,17193,,
gdc,t977.0,56139,56145,Zoraide,zoraide,Musik,NN,musik,17193,,
gdc,t977.0,56139,56145,Zoraide,zoraide,.,$.,--,17193,,
gdc,t977.0,56263,56304,Zoraide,zoraide,Musik,NN,musik,17193,,
gdc,t977.0,56263,56304,Zoraide,zoraide,.,$.,--,17193,,
gdc,t977.0,56263,56304,Zoraide,zoraide,Man,PIS,man,17193,,
gdc,t977.0,56263,56304,Zoraide,zoraide,hört,VVFIN,hören,17193,,
gdc,t977.0,56263,56304,Zoraide,zoraide,einen,ART,ein,17193,,
gdc,t977.0,56263,56304,Zoraide,zoraide,Hahn,NN,hahn,17193,,
gdc,t977.0,56263,56304,Zoraide,zoraide,krähen,VVINF,krähen,17193,,
gdc,t977.0,56263,56304,Zoraide,zoraide,.,$.,--,17193,,
gdc,t977.0,56263,56304,Zoraide,zoraide,Musik,NN,musik,17193,,
gdc,t977.0,56263,56304,Zoraide,zoraide,.,$.,--,17193,,
gdc,t977.0,56451,56505,Zoraide,zoraide,Wirft,VVFIN,wirfen,17193,,
gdc,t977.0,56451,56505,Zoraide,zoraide,sich,PRF,sich,17193,,
gdc,t977.0,56451,56505,Zoraide,zoraide,auf,APPR,auf,17193,,
gdc,t977.0,56451,56505,Zoraide,zoraide,ein,ART,ein,17193,,
gdc,t977.0,56451,56505,Zoraide,zoraide,Ruhebett,NN,ruhebett,17193,,
gdc,t977.0,56451,56505,Zoraide,zoraide,und,KON,und,17193,,
gdc,t977.0,56451,56505,Zoraide,zoraide,tut,VVFIN,tun,17193,,
gdc,t977.0,56451,56505,Zoraide,zoraide,",","$,",--,17193,,
gdc,t977.0,56451,56505,Zoraide,zoraide,als,KOKOM,als,17193,,
gdc,t977.0,56451,56505,Zoraide,zoraide,schliefe,VVFIN,schlafen,17193,,
gdc,t977.0,56451,56505,Zoraide,zoraide,sie,PPER,sie,17193,,
gdc,t977.0,56451,56505,Zoraide,zoraide,.,$.,--,17193,,
gdc,t977.0,56534,56724,_Stage,_Stage,Vorige,NN,vorige,17193,,
gdc,t977.0,56534,56724,_Stage,_Stage,.,$.,--,17193,,
gdc,t977.0,56534,56724,_Stage,_Stage,Quecksilber,NN,quecksilber,17193,,(2)
gdc,t977.0,56534,56724,_Stage,_Stage,kommt,VVFIN,kommen,17193,,
gdc,t977.0,56534,56724,_Stage,_Stage,auf,APPR,auf,17193,,
gdc,t977.0,56534,56724,_Stage,_Stage,einem,ART,ein,17193,,
gdc,t977.0,56534,56724,_Stage,_Stage,großen,ADJA,groß,17193,,
gdc,t977.0,56534,56724,_Stage,_Stage,Hahn,NN,hahn,17193,,
gdc,t977.0,56534,56724,_Stage,_Stage,zum,APPRART,zu,17193,,
gdc,t977.0,56534,56724,_Stage,_Stage,Fenster,NN,fenster,17193,,
gdc,t977.0,56534,56724,_Stage,_Stage,hereingeflogen,VVPP,hereinfliegen,17193,,
gdc,t977.0,56534,56724,_Stage,_Stage,.,$.,--,17193,,
gdc,t977.0,56534,56724,_Stage,_Stage,Wie,PWAV,wie,17193,,
gdc,t977.0,56534,56724,_Stage,_Stage,der,ART,der,17193,,
gdc,t977.0,56534,56724,_Stage,_Stage,Hahn,NN,hahn,17193,,
gdc,t977.0,56534,56724,_Stage,_Stage,im,APPRART,in,17193,,
gdc,t977.0,56534,56724,_Stage,_Stage,Gemach,NN,gemach,17193,,
gdc,t977.0,56534,56724,_Stage,_Stage,ist,VAFIN,sein,17193,,
gdc,t977.0,56534,56724,_Stage,_Stage,",","$,",--,17193,,
gdc,t977.0,56534,56724,_Stage,_Stage,steigt,VVFIN,steigen,17193,,
gdc,t977.0,56534,56724,_Stage,_Stage,Quecksilber,NN,quecksilber,17193,,(2)
gdc,t977.0,56534,56724,_Stage,_Stage,ab,PTKVZ,ab,17193,,
gdc,t977.0,56534,56724,_Stage,_Stage,",","$,",--,17193,,
gdc,t977.0,56534,56724,_Stage,_Stage,und,KON,und,17193,,
gdc,t977.0,56534,56724,_Stage,_Stage,der,ART,der,17193,,
gdc,t977.0,56534,56724,_Stage,_Stage,Hahn,NN,hahn,17193,,
gdc,t977.0,56534,56724,_Stage,_Stage,fliegt,VVFIN,fliegen,17193,,
gdc,t977.0,56534,56724,_Stage,_Stage,fort,PTKVZ,fort,17193,,
gdc,t977.0,56534,56724,_Stage,_Stage,zur,APPRART,zu,17193,,
gdc,t977.0,56534,56724,_Stage,_Stage,entgegengesetzten,ADJA,entgegengesetzt,17193,,
gdc,t977.0,56534,56724,_Stage,_Stage,Seite,NN,seite,17193,,
gdc,t977.0,56534,56724,_Stage,_Stage,und,KON,und,17193,,
gdc,t977.0,56534,56724,_Stage,_Stage,kräht,VVFIN,krähen,17193,,
gdc,t977.0,56534,56724,_Stage,_Stage,.,$.,--,17193,,
gdc,t977.0,57039,57048,Quecksilber,quecksilber,Melodram,NN,melodram,17193,,
gdc,t977.0,57039,57048,Quecksilber,quecksilber,.,$.,--,17193,,
gdc,t977.0,57049,57063,Quecksilber,quecksilber,Sieht,VVFIN,sehen,17193,,
gdc,t977.0,57049,57063,Quecksilber,quecksilber,Zoraide,NN,zoraide,17193,,(9)
gdc,t977.0,57049,57063,Quecksilber,quecksilber,.,$.,--,17193,,
gdc,t977.0,57096,57132,Quecksilber,quecksilber,Die,ART,der,17193,,
gdc,t977.0,57096,57132,Quecksilber,quecksilber,Musik,NN,musik,17193,,
gdc,t977.0,57096,57132,Quecksilber,quecksilber,drückt,VVFIN,drücken,17193,,
gdc,t977.0,57096,57132,Quecksilber,quecksilber,das,ART,der,17193,,
gdc,t977.0,57096,57132,Quecksilber,quecksilber,Schnarchen,NN,schnarchen,17193,,
gdc,t977.0,57096,57132,Quecksilber,quecksilber,aus,PTKVZ,aus,17193,,
gdc,t977.0,57096,57132,Quecksilber,quecksilber,.,$.,--,17193,,
gdc,t977.0,57438,57450,Zoraide,zoraide,springt,VVFIN,springen,17193,,
gdc,t977.0,57438,57450,Zoraide,zoraide,auf,PTKVZ,auf,17193,,
gdc,t977.0,57438,57450,Zoraide,zoraide,.,$.,--,17193,,
gdc,t977.0,57957,57988,Quecksilber,quecksilber,Musik,NN,musik,17193,,
gdc,t977.0,57957,57988,Quecksilber,quecksilber,.,$.,--,17193,,
gdc,t977.0,57957,57988,Quecksilber,quecksilber,Sie,PPER,sie,17193,,
gdc,t977.0,57957,57988,Quecksilber,quecksilber,ringen,VVFIN,ringen,17193,,
gdc,t977.0,57957,57988,Quecksilber,quecksilber,um,APPR,um,17193,,
gdc,t977.0,57957,57988,Quecksilber,quecksilber,den,ART,der,17193,,
gdc,t977.0,57957,57988,Quecksilber,quecksilber,Dolch,NN,dolch,17193,,
gdc,t977.0,57957,57988,Quecksilber,quecksilber,.,$.,--,17193,,
gdc,t977.0,58000,58077,Zoraide,zoraide,ersieht,VVFIN,ersiehen,17193,,
gdc,t977.0,58000,58077,Zoraide,zoraide,ihren,PPOSAT,ihr,17193,,
gdc,t977.0,58000,58077,Zoraide,zoraide,Vorteil,NN,vorteil,17193,,
gdc,t977.0,58000,58077,Zoraide,zoraide,und,KON,und,17193,,
gdc,t977.0,58000,58077,Zoraide,zoraide,entreißt,VVFIN,entreißen,17193,,
gdc,t977.0,58000,58077,Zoraide,zoraide,ihm,PPER,ihm,17193,,
gdc,t977.0,58000,58077,Zoraide,zoraide,die,ART,der,17193,,
gdc,t977.0,58000,58077,Zoraide,zoraide,Binde,NN,binde,17193,,
gdc,t977.0,58000,58077,Zoraide,zoraide,",","$,",--,17193,,
gdc,t977.0,58000,58077,Zoraide,zoraide,in,APPR,in,17193,,
gdc,t977.0,58000,58077,Zoraide,zoraide,dem,PRELS,der,17193,,
gdc,t977.0,58000,58077,Zoraide,zoraide,Augenblick,NN,augenblick,17193,,
gdc,t977.0,58000,58077,Zoraide,zoraide,ruft,VVFIN,rufen,17193,,
gdc,t977.0,58000,58077,Zoraide,zoraide,sie,PPER,sie,17193,,
gdc,t977.0,58000,58077,Zoraide,zoraide,.,$.,--,17193,,
gdc,t977.0,58093,58099,Zoraide,zoraide,Musik,NN,musik,17193,,
gdc,t977.0,58093,58099,Zoraide,zoraide,.,$.,--,17193,,
gdc,t977.0,58127,58192,_Stage,_Stage,Vorige,NN,vorige,17193,,
gdc,t977.0,58127,58192,_Stage,_Stage,.,$.,--,17193,,
gdc,t977.0,58127,58192,_Stage,_Stage,Die,ART,der,17193,,
gdc,t977.0,58127,58192,_Stage,_Stage,Wache,NN,wache,17193,,(11)
gdc,t977.0,58127,58192,_Stage,_Stage,stürzt,VVFIN,stürzen,17193,,
gdc,t977.0,58127,58192,_Stage,_Stage,herein,PTKVZ,herein,17193,,
gdc,t977.0,58127,58192,_Stage,_Stage,und,KON,und,17193,,
gdc,t977.0,58127,58192,_Stage,_Stage,ergreift,VVFIN,ergreifen,17193,,
gdc,t977.0,58127,58192,_Stage,_Stage,schnell,ADJD,schnell,17193,,
gdc,t977.0,58127,58192,_Stage,_Stage,Quecksilber,NN,quecksilber,17193,,(2)
gdc,t977.0,58127,58192,_Stage,_Stage,.,$.,--,17193,,
gdc,t977.0,58216,58248,Zoraide,zoraide,Eilt,VVFIN,eilt,17193,,
gdc,t977.0,58216,58248,Zoraide,zoraide,mit,APPR,mit,17193,,
gdc,t977.0,58216,58248,Zoraide,zoraide,der,ART,der,17193,,
gdc,t977.0,58216,58248,Zoraide,zoraide,Binde,NN,binde,17193,,
gdc,t977.0,58216,58248,Zoraide,zoraide,ins,APPRART,in,17193,,
gdc,t977.0,58216,58248,Zoraide,zoraide,Kabinett,NN,kabinett,17193,,
gdc,t977.0,58216,58248,Zoraide,zoraide,.,$.,--,17193,,
gdc,t977.0,58305,58358,Quecksilber,quecksilber,Reißt,VVFIN,reißen,17193,,
gdc,t977.0,58305,58358,Quecksilber,quecksilber,sich,PRF,sich,17193,,
gdc,t977.0,58305,58358,Quecksilber,quecksilber,los,PTKVZ,los,17193,,
gdc,t977.0,58305,58358,Quecksilber,quecksilber,und,KON,und,17193,,
gdc,t977.0,58305,58358,Quecksilber,quecksilber,springt,VVFIN,springen,17193,,
gdc,t977.0,58305,58358,Quecksilber,quecksilber,zum,APPRART,zu,17193,,
gdc,t977.0,58305,58358,Quecksilber,quecksilber,Fenster,NN,fenster,17193,,
gdc,t977.0,58305,58358,Quecksilber,quecksilber,hinaus,PTKVZ,hinaus,17193,,
gdc,t977.0,58305,58358,Quecksilber,quecksilber,.,$.,--,17193,,
gdc,t977.0,58305,58358,Quecksilber,quecksilber,Musik,NN,musik,17193,,
gdc,t977.0,58305,58358,Quecksilber,quecksilber,.,$.,--,17193,,
gdc,t977.0,58360,58402,Quecksilber,quecksilber,Hassar,NE,hassar,17193,,(10)
gdc,t977.0,58360,58402,Quecksilber,quecksilber,eilt,VVFIN,eilen,17193,,
gdc,t977.0,58360,58402,Quecksilber,quecksilber,nach,APPR,nach,17193,,
gdc,t977.0,58360,58402,Quecksilber,quecksilber,der,ART,der,17193,,
gdc,t977.0,58360,58402,Quecksilber,quecksilber,Musik,NN,musik,17193,,
gdc,t977.0,58360,58402,Quecksilber,quecksilber,schnell,ADJD,schnell,17193,,
gdc,t977.0,58360,58402,Quecksilber,quecksilber,herbei,ADV,herbei,17193,,
gdc,t977.0,58360,58402,Quecksilber,quecksilber,.,$.,--,17193,,
gdc,t977.0,58582,58587,Hassar,hassar,Ruft,NN,ruft,17193,,
gdc,t977.0,58582,58587,Hassar,hassar,.,$.,--,17193,,
gdc,t977.0,58650,58663,Zoraide,zoraide,kommt,VVFIN,kommen,17193,,
gdc,t977.0,58650,58663,Zoraide,zoraide,zurück,PTKVZ,zurück,17193,,
gdc,t977.0,58650,58663,Zoraide,zoraide,.,$.,--,17193,,
gdc,t977.0,58711,58730,Hassar,hassar,Zeigt,VVFIN,zeigen,17193,,
gdc,t977.0,58711,58730,Hassar,hassar,aufs,APPRART,auf,17193,,
gdc,t977.0,58711,58730,Hassar,hassar,Fenster,NN,fenster,17193,,
gdc,t977.0,58711,58730,Hassar,hassar,.,$.,--,17193,,
gdc,t977.0,58915,58928,_Stage,_Stage,Vorige,NN,vorige,17193,,
gdc,t977.0,58915,58928,_Stage,_Stage,.,$.,--,17193,,
gdc,t977.0,58915,58928,_Stage,_Stage,Tutu,NE,tutu,17193,,(7)
gdc,t977.0,58915,58928,_Stage,_Stage,.,$.,--,17193,,
gdc,t977.0,58935,59002,Tutu,tutu,in,APPR,in,17193,,
gdc,t977.0,58935,59002,Tutu,tutu,einer,ART,ein,17193,,
gdc,t977.0,58935,59002,Tutu,tutu,Art,NN,Art,17193,,
gdc,t977.0,58935,59002,Tutu,tutu,von,APPR,von,17193,,
gdc,t977.0,58935,59002,Tutu,tutu,Schlafrocke,NN,schlafrocke,17193,,
gdc,t977.0,58935,59002,Tutu,tutu,",","$,",--,17193,,
gdc,t977.0,58935,59002,Tutu,tutu,eine,ART,ein,17193,,
gdc,t977.0,58935,59002,Tutu,tutu,große,ADJA,groß,17193,,
gdc,t977.0,58935,59002,Tutu,tutu,bunte,ADJA,bunt,17193,,
gdc,t977.0,58935,59002,Tutu,tutu,Laterne,NN,latern,17193,,
gdc,t977.0,58935,59002,Tutu,tutu,in,APPR,in,17193,,
gdc,t977.0,58935,59002,Tutu,tutu,der,ART,der,17193,,
gdc,t977.0,58935,59002,Tutu,tutu,Hand,NN,hand,17193,,
gdc,t977.0,58935,59002,Tutu,tutu,.,$.,--,17193,,
gdc,t977.0,60130,60153,Tutu,tutu,Sagt,VVFIN,sagen,17193,,
gdc,t977.0,60130,60153,Tutu,tutu,ganz,ADV,ganz,17193,,
gdc,t977.0,60130,60153,Tutu,tutu,phlegmatisch,ADJD,phlegmatisch,17193,,
gdc,t977.0,60130,60153,Tutu,tutu,.,$.,--,17193,,
gdc,t977.0,60328,60336,Zoraide,zoraide,Eilt,NN,eilt,17193,,
gdc,t977.0,60328,60336,Zoraide,zoraide,ab,PTKVZ,ab,17193,,
gdc,t977.0,60328,60336,Zoraide,zoraide,.,$.,--,17193,,
gdc,t977.0,60731,60740,Tutu,tutu,Alles,PIS,alle,17193,,
gdc,t977.0,60731,60740,Tutu,tutu,ab,PTKVZ,ab,17193,,
gdc,t977.0,60731,60740,Tutu,tutu,.,$.,--,17193,,
gdc,t977.0,60769,60970,_Stage,_Stage,Indische,ADJA,indisch,17193,,
gdc,t977.0,60769,60970,_Stage,_Stage,Gegend,NN,gegend,17193,,
gdc,t977.0,60769,60970,_Stage,_Stage,.,$.,--,17193,,
gdc,t977.0,60769,60970,_Stage,_Stage,Auf,APPR,auf,17193,,
gdc,t977.0,60769,60970,_Stage,_Stage,einer,ART,ein,17193,,
gdc,t977.0,60769,60970,_Stage,_Stage,Seite,NN,seite,17193,,
gdc,t977.0,60769,60970,_Stage,_Stage,ein,ART,ein,17193,,
gdc,t977.0,60769,60970,_Stage,_Stage,Feigenbaum,NN,feigenbaum,17193,,
gdc,t977.0,60769,60970,_Stage,_Stage,",","$,",--,17193,,
gdc,t977.0,60769,60970,_Stage,_Stage,auf,APPR,auf,17193,,
gdc,t977.0,60769,60970,_Stage,_Stage,der,PRELS,der,17193,,
gdc,t977.0,60769,60970,_Stage,_Stage,andern,PIS,anderer,17193,,
gdc,t977.0,60769,60970,_Stage,_Stage,eine,ART,ein,17193,,
gdc,t977.0,60769,60970,_Stage,_Stage,praktikable,ADJA,praktikabel,17193,,
gdc,t977.0,60769,60970,_Stage,_Stage,Quelle,NN,quelle,17193,,
gdc,t977.0,60769,60970,_Stage,_Stage,",","$,",--,17193,,
gdc,t977.0,60769,60970,_Stage,_Stage,im,APPRART,in,17193,,
gdc,t977.0,60769,60970,_Stage,_Stage,Hintergrunde,NN,hintergrunde,17193,,
gdc,t977.0,60769,60970,_Stage,_Stage,eine,ART,ein,17193,,
gdc,t977.0,60769,60970,_Stage,_Stage,Strohhütte,NN,strohhütte,17193,,
gdc,t977.0,60769,60970,_Stage,_Stage,.,$.,--,17193,,
gdc,t977.0,60769,60970,_Stage,_Stage,Quecksilber,NN,quecksilber,17193,,(2)
gdc,t977.0,60769,60970,_Stage,_Stage,steht,VVFIN,stehen,17193,,
gdc,t977.0,60769,60970,_Stage,_Stage,hinter,APPR,hinter,17193,,
gdc,t977.0,60769,60970,_Stage,_Stage,dem,ART,der,17193,,
gdc,t977.0,60769,60970,_Stage,_Stage,Feigenbaum,NN,feigenbaum,17193,,
gdc,t977.0,60769,60970,_Stage,_Stage,",","$,",--,17193,,
gdc,t977.0,60769,60970,_Stage,_Stage,sieht,VVFIN,sehen,17193,,
gdc,t977.0,60769,60970,_Stage,_Stage,sich,PRF,sich,17193,,
gdc,t977.0,60769,60970,_Stage,_Stage,überall,ADV,überall,17193,,
gdc,t977.0,60769,60970,_Stage,_Stage,um,PTKVZ,um,17193,,
gdc,t977.0,60769,60970,_Stage,_Stage,",","$,",--,17193,,
gdc,t977.0,60769,60970,_Stage,_Stage,kommt,VVFIN,kommen,17193,,
gdc,t977.0,60769,60970,_Stage,_Stage,dann,ADV,dann,17193,,
gdc,t977.0,60769,60970,_Stage,_Stage,vor,PTKVZ,vor,17193,,
gdc,t977.0,60769,60970,_Stage,_Stage,.,$.,--,17193,,
gdc,t977.0,61428,61445,Quecksilber,quecksilber,Er,PPER,er,17193,,
gdc,t977.0,61428,61445,Quecksilber,quecksilber,steigt,VVFIN,steigen,17193,,
gdc,t977.0,61428,61445,Quecksilber,quecksilber,hinauf,PTKVZ,hinauf,17193,,
gdc,t977.0,61428,61445,Quecksilber,quecksilber,.,$.,--,17193,,
gdc,t977.0,61498,61505,Quecksilber,quecksilber,Er,PPER,er,17193,,
gdc,t977.0,61498,61505,Quecksilber,quecksilber,ißt,VVFIN,essen,17193,,
gdc,t977.0,61498,61505,Quecksilber,quecksilber,.,$.,--,17193,,
gdc,t977.0,61537,61706,Quecksilber,quecksilber,Er,PPER,er,17193,,
gdc,t977.0,61537,61706,Quecksilber,quecksilber,pflückt,VVFIN,pflücken,17193,,
gdc,t977.0,61537,61706,Quecksilber,quecksilber,einige,PIS,einiger,17193,,
gdc,t977.0,61537,61706,Quecksilber,quecksilber,und,KON,und,17193,,
gdc,t977.0,61537,61706,Quecksilber,quecksilber,steigt,VVFIN,steigen,17193,,
gdc,t977.0,61537,61706,Quecksilber,quecksilber,herab,PTKVZ,herab,17193,,
gdc,t977.0,61537,61706,Quecksilber,quecksilber,.,$.,--,17193,,
gdc,t977.0,61537,61706,Quecksilber,quecksilber,Seine,PPOSAT,sein,17193,,
gdc,t977.0,61537,61706,Quecksilber,quecksilber,Nase,NN,nase,17193,,
gdc,t977.0,61537,61706,Quecksilber,quecksilber,hat,VAFIN,haben,17193,,
gdc,t977.0,61537,61706,Quecksilber,quecksilber,sich,PRF,sich,17193,,
gdc,t977.0,61537,61706,Quecksilber,quecksilber,um,APPR,um,17193,,
gdc,t977.0,61537,61706,Quecksilber,quecksilber,vieles,PIS,viele,17193,,
gdc,t977.0,61537,61706,Quecksilber,quecksilber,vergrößert,VVFIN,vergrößern,17193,,
gdc,t977.0,61537,61706,Quecksilber,quecksilber,",","$,",--,17193,,
gdc,t977.0,61537,61706,Quecksilber,quecksilber,aber,KON,aber,17193,,
gdc,t977.0,61537,61706,Quecksilber,quecksilber,so,ADV,so,17193,,
gdc,t977.0,61537,61706,Quecksilber,quecksilber,",","$,",--,17193,,
gdc,t977.0,61537,61706,Quecksilber,quecksilber,daß,KOUS,daß,17193,,
gdc,t977.0,61537,61706,Quecksilber,quecksilber,sie,PPER,sie,17193,,
gdc,t977.0,61537,61706,Quecksilber,quecksilber,noch,ADV,noch,17193,,
gdc,t977.0,61537,61706,Quecksilber,quecksilber,proportioniert,VVPP,proportionieren,17193,,
gdc,t977.0,61537,61706,Quecksilber,quecksilber,bleibt,VVFIN,bleiben,17193,,
gdc,t977.0,61537,61706,Quecksilber,quecksilber,und,KON,und,17193,,
gdc,t977.0,61537,61706,Quecksilber,quecksilber,nicht,PTKNEG,nicht,17193,,
gdc,t977.0,61537,61706,Quecksilber,quecksilber,zur,APPRART,zu,17193,,
gdc,t977.0,61537,61706,Quecksilber,quecksilber,Karikatur,NN,karikatur,17193,,
gdc,t977.0,61537,61706,Quecksilber,quecksilber,wird,VAFIN,werden,17193,,
gdc,t977.0,61537,61706,Quecksilber,quecksilber,",","$,",--,17193,,
gdc,t977.0,61537,61706,Quecksilber,quecksilber,er,PPER,er,17193,,
gdc,t977.0,61537,61706,Quecksilber,quecksilber,ißt,VVFIN,essen,17193,,
gdc,t977.0,61537,61706,Quecksilber,quecksilber,noch,ADV,noch,17193,,
gdc,t977.0,61537,61706,Quecksilber,quecksilber,fort,PTKVZ,fort,17193,,
gdc,t977.0,61537,61706,Quecksilber,quecksilber,.,$.,--,17193,,
gdc,t977.0,61760,61779,Quecksilber,quecksilber,Greift,VVFIN,greifen,17193,,
gdc,t977.0,61760,61779,Quecksilber,quecksilber,an,APPR,an,17193,,
gdc,t977.0,61760,61779,Quecksilber,quecksilber,die,ART,der,17193,,
gdc,t977.0,61760,61779,Quecksilber,quecksilber,Nase,NN,nase,17193,,
gdc,t977.0,61760,61779,Quecksilber,quecksilber,.,$.,--,17193,,
gdc,t977.0,62168,62188,Quecksilber,quecksilber,Klopft,NN,klopft,17193,,
gdc,t977.0,62168,62188,Quecksilber,quecksilber,an,APPR,an,17193,,
gdc,t977.0,62168,62188,Quecksilber,quecksilber,die,ART,der,17193,,
gdc,t977.0,62168,62188,Quecksilber,quecksilber,Hütte,NN,hütte,17193,,
gdc,t977.0,62168,62188,Quecksilber,quecksilber,.,$.,--,17193,,
gdc,t977.0,62217,62231,_Stage,_Stage,Zadi,NE,zadi,17193,,(14)
gdc,t977.0,62217,62231,_Stage,_Stage,.,$.,--,17193,,
gdc,t977.0,62217,62231,_Stage,_Stage,Voriger,NN,voriger,17193,,
gdc,t977.0,62217,62231,_Stage,_Stage,.,$.,--,17193,,
gdc,t977.0,62238,62248,Zadi,zadi,von,APPR,von,17193,,
gdc,t977.0,62238,62248,Zadi,zadi,innen,ADV,innen,17193,,
gdc,t977.0,62238,62248,Zadi,zadi,.,$.,--,17193,,
gdc,t977.0,62550,62563,Zadi,zadi,kommt,VVFIN,kommen,17193,,
gdc,t977.0,62550,62563,Zadi,zadi,heraus,PTKVZ,heraus,17193,,
gdc,t977.0,62550,62563,Zadi,zadi,.,$.,--,17193,,
gdc,t977.0,62763,62770,Quecksilber,quecksilber,tut,VVFIN,tun,17193,,
gdc,t977.0,62763,62770,Quecksilber,quecksilber,es,PPER,es,17193,,
gdc,t977.0,62763,62770,Quecksilber,quecksilber,.,$.,--,17193,,
gdc,t977.0,63601,63622,Zadi,zadi,Sieht,VVFIN,sehen,17193,,
gdc,t977.0,63601,63622,Zadi,zadi,in,APPR,in,17193,,
gdc,t977.0,63601,63622,Zadi,zadi,die,ART,der,17193,,
gdc,t977.0,63601,63622,Zadi,zadi,Kulisse,NN,kulisse,17193,,
gdc,t977.0,63601,63622,Zadi,zadi,.,$.,--,17193,,
gdc,t977.0,63878,63886,Zadi,zadi,Eilt,NN,eilt,17193,,
gdc,t977.0,63878,63886,Zadi,zadi,ab,PTKVZ,ab,17193,,
gdc,t977.0,63878,63886,Zadi,zadi,.,$.,--,17193,,
gdc,t977.0,64032,64057,_Stage,_Stage,Linda,NE,linda,17193,,(8)
gdc,t977.0,64032,64057,_Stage,_Stage,.,$.,--,17193,,
gdc,t977.0,64032,64057,_Stage,_Stage,Zadi,NE,zadi,17193,,(14)
gdc,t977.0,64032,64057,_Stage,_Stage,.,$.,--,17193,,
gdc,t977.0,64032,64057,_Stage,_Stage,Quecksilber,NN,quecksilber,17193,,(2)
gdc,t977.0,64032,64057,_Stage,_Stage,.,$.,--,17193,,
gdc,t977.0,64097,64122,Linda,linda,Sieht,VVFIN,sehen,17193,,
gdc,t977.0,64097,64122,Linda,linda,ihn,PPER,ihn,17193,,
gdc,t977.0,64097,64122,Linda,linda,an,PTKVZ,an,17193,,
gdc,t977.0,64097,64122,Linda,linda,und,KON,und,17193,,
gdc,t977.0,64097,64122,Linda,linda,schreit,VVFIN,schreien,17193,,
gdc,t977.0,64097,64122,Linda,linda,.,$.,--,17193,,
gdc,t977.0,64301,64314,Quecksilber,quecksilber,kniet,VVFIN,knaten,17193,,
gdc,t977.0,64301,64314,Quecksilber,quecksilber,nieder,PTKVZ,nieder,17193,,
gdc,t977.0,64301,64314,Quecksilber,quecksilber,.,$.,--,17193,,
gdc,t977.0,65156,65226,Quecksilber,quecksilber,Lauft,VVFIN,lauft,17193,,
gdc,t977.0,65156,65226,Quecksilber,quecksilber,zur,APPRART,zu,17193,,
gdc,t977.0,65156,65226,Quecksilber,quecksilber,Quelle,NN,quelle,17193,,
gdc,t977.0,65156,65226,Quecksilber,quecksilber,und,KON,und,17193,,
gdc,t977.0,65156,65226,Quecksilber,quecksilber,trinkt,VVFIN,trinken,17193,,
gdc,t977.0,65156,65226,Quecksilber,quecksilber,",","$,",--,17193,,
gdc,t977.0,65156,65226,Quecksilber,quecksilber,die,ART,der,17193,,
gdc,t977.0,65156,65226,Quecksilber,quecksilber,Nase,NN,nase,17193,,
gdc,t977.0,65156,65226,Quecksilber,quecksilber,verschwindet,VVFIN,verschwinden,17193,,
gdc,t977.0,65156,65226,Quecksilber,quecksilber,",","$,",--,17193,,
gdc,t977.0,65156,65226,Quecksilber,quecksilber,er,PPER,er,17193,,
gdc,t977.0,65156,65226,Quecksilber,quecksilber,springt,VVFIN,springen,17193,,
gdc,t977.0,65156,65226,Quecksilber,quecksilber,hervor,PTKVZ,hervor,17193,,
gdc,t977.0,65156,65226,Quecksilber,quecksilber,.,$.,--,17193,,
gdc,t977.0,65292,65301,Quecksilber,quecksilber,zugleich,ADV,zugleich,17193,,
gdc,t977.0,65292,65301,Quecksilber,quecksilber,.,$.,--,17193,,
gdc,t977.0,65292,65301,Linda,linda,zugleich,ADV,zugleich,17193,,
gdc,t977.0,65292,65301,Linda,linda,.,$.,--,17193,,
gdc,t977.0,65324,65499,Quecksilber,quecksilber,Beide,PIS,beide,17193,,
gdc,t977.0,65324,65499,Quecksilber,quecksilber,hüpfen,VVFIN,hüpfen,17193,,
gdc,t977.0,65324,65499,Quecksilber,quecksilber,vor,APPR,vor,17193,,
gdc,t977.0,65324,65499,Quecksilber,quecksilber,Freude,NN,freude,17193,,
gdc,t977.0,65324,65499,Quecksilber,quecksilber,herum,PTKVZ,herum,17193,,
gdc,t977.0,65324,65499,Quecksilber,quecksilber,",","$,",--,17193,,
gdc,t977.0,65324,65499,Quecksilber,quecksilber,wie,PWAV,wie,17193,,
gdc,t977.0,65324,65499,Quecksilber,quecksilber,sich,PRF,sich,17193,,
gdc,t977.0,65324,65499,Quecksilber,quecksilber,ihre,PPOSAT,ihr,17193,,
gdc,t977.0,65324,65499,Quecksilber,quecksilber,Gesichter,NN,gesicht,17193,,
gdc,t977.0,65324,65499,Quecksilber,quecksilber,begegnen,VVFIN,begegnen,17193,,
gdc,t977.0,65324,65499,Quecksilber,quecksilber,",","$,",--,17193,,
gdc,t977.0,65324,65499,Quecksilber,quecksilber,hören,VVFIN,hören,17193,,
gdc,t977.0,65324,65499,Quecksilber,quecksilber,sie,PPER,sie,17193,,
gdc,t977.0,65324,65499,Quecksilber,quecksilber,mitten,ADV,mitten,17193,,
gdc,t977.0,65324,65499,Quecksilber,quecksilber,unter,APPR,unter,17193,,
gdc,t977.0,65324,65499,Quecksilber,quecksilber,dem,ART,der,17193,,
gdc,t977.0,65324,65499,Quecksilber,quecksilber,Lachen,NN,lachen,17193,,
gdc,t977.0,65324,65499,Quecksilber,quecksilber,auf,PTKVZ,auf,17193,,
gdc,t977.0,65324,65499,Quecksilber,quecksilber,.,$.,--,17193,,
gdc,t977.0,65324,65499,Quecksilber,quecksilber,Quecksilber,NN,quecksilber,17193,,(2)
gdc,t977.0,65324,65499,Quecksilber,quecksilber,bleibt,VVFIN,bleiben,17193,,
gdc,t977.0,65324,65499,Quecksilber,quecksilber,plötzlich,ADJD,plötzlich,17193,,
gdc,t977.0,65324,65499,Quecksilber,quecksilber,ernsthaft,ADJD,ernsthaft,17193,,
gdc,t977.0,65324,65499,Quecksilber,quecksilber,stehen,VVFIN,stehen,17193,,
gdc,t977.0,65324,65499,Quecksilber,quecksilber,",","$,",--,17193,,
gdc,t977.0,65324,65499,Quecksilber,quecksilber,und,KON,und,17193,,
gdc,t977.0,65324,65499,Quecksilber,quecksilber,Linda,NE,linda,17193,,(8)
gdc,t977.0,65324,65499,Quecksilber,quecksilber,ist,VAFIN,sein,17193,,
gdc,t977.0,65324,65499,Quecksilber,quecksilber,betroffen,VVPP,betreffen,17193,,
gdc,t977.0,65324,65499,Quecksilber,quecksilber,.,$.,--,17193,,
gdc,t977.0,65324,65499,Linda,linda,Beide,PIS,beide,17193,,
gdc,t977.0,65324,65499,Linda,linda,hüpfen,VVFIN,hüpfen,17193,,
gdc,t977.0,65324,65499,Linda,linda,vor,APPR,vor,17193,,
gdc,t977.0,65324,65499,Linda,linda,Freude,NN,freude,17193,,
gdc,t977.0,65324,65499,Linda,linda,herum,PTKVZ,herum,17193,,
gdc,t977.0,65324,65499,Linda,linda,",","$,",--,17193,,
gdc,t977.0,65324,65499,Linda,linda,wie,PWAV,wie,17193,,
gdc,t977.0,65324,65499,Linda,linda,sich,PRF,sich,17193,,
gdc,t977.0,65324,65499,Linda,linda,ihre,PPOSAT,ihr,17193,,
gdc,t977.0,65324,65499,Linda,linda,Gesichter,NN,gesicht,17193,,
gdc,t977.0,65324,65499,Linda,linda,begegnen,VVFIN,begegnen,17193,,
gdc,t977.0,65324,65499,Linda,linda,",","$,",--,17193,,
gdc,t977.0,65324,65499,Linda,linda,hören,VVFIN,hören,17193,,
gdc,t977.0,65324,65499,Linda,linda,sie,PPER,sie,17193,,
gdc,t977.0,65324,65499,Linda,linda,mitten,ADV,mitten,17193,,
gdc,t977.0,65324,65499,Linda,linda,unter,APPR,unter,17193,,
gdc,t977.0,65324,65499,Linda,linda,dem,ART,der,17193,,
gdc,t977.0,65324,65499,Linda,linda,Lachen,NN,lachen,17193,,
gdc,t977.0,65324,65499,Linda,linda,auf,PTKVZ,auf,17193,,
gdc,t977.0,65324,65499,Linda,linda,.,$.,--,17193,,
gdc,t977.0,65324,65499,Linda,linda,Quecksilber,NN,quecksilber,17193,,(2)
gdc,t977.0,65324,65499,Linda,linda,bleibt,VVFIN,bleiben,17193,,
gdc,t977.0,65324,65499,Linda,linda,plötzlich,ADJD,plötzlich,17193,,
gdc,t977.0,65324,65499,Linda,linda,ernsthaft,ADJD,ernsthaft,17193,,
gdc,t977.0,65324,65499,Linda,linda,stehen,VVFIN,stehen,17193,,
gdc,t977.0,65324,65499,Linda,linda,",","$,",--,17193,,
gdc,t977.0,65324,65499,Linda,linda,und,KON,und,17193,,
gdc,t977.0,65324,65499,Linda,linda,Linda,NE,linda,17193,,(8)
gdc,t977.0,65324,65499,Linda,linda,ist,VAFIN,sein,17193,,
gdc,t977.0,65324,65499,Linda,linda,betroffen,VVPP,betreffen,17193,,
gdc,t977.0,65324,65499,Linda,linda,.,$.,--,17193,,
gdc,t977.0,65879,65887,Quecksilber,quecksilber,Zu,APPR,zu,17193,,
gdc,t977.0,65879,65887,Quecksilber,quecksilber,Zadi,NE,zadi,17193,,(14)
gdc,t977.0,65879,65887,Quecksilber,quecksilber,.,$.,--,17193,,
gdc,t977.0,66395,66449,Quecksilber,quecksilber,Er,PPER,er,17193,,
gdc,t977.0,66395,66449,Quecksilber,quecksilber,fährt,VVFIN,fahren,17193,,
gdc,t977.0,66395,66449,Quecksilber,quecksilber,sehr,ADV,sehr,17193,,
gdc,t977.0,66395,66449,Quecksilber,quecksilber,freudig,ADJD,freudig,17193,,
gdc,t977.0,66395,66449,Quecksilber,quecksilber,auf,PTKVZ,auf,17193,,
gdc,t977.0,66395,66449,Quecksilber,quecksilber,",","$,",--,17193,,
gdc,t977.0,66395,66449,Quecksilber,quecksilber,Linda,NE,linda,17193,,(8)
gdc,t977.0,66395,66449,Quecksilber,quecksilber,und,KON,und,17193,,
gdc,t977.0,66395,66449,Quecksilber,quecksilber,Zadi,NE,zadi,17193,,(14)
gdc,t977.0,66395,66449,Quecksilber,quecksilber,erschrecken,VVFIN,erschrecken,17193,,
gdc,t977.0,66395,66449,Quecksilber,quecksilber,.,$.,--,17193,,
gdc,t977.0,66471,66480,Quecksilber,quecksilber,Zugleich,ADV,zugleich,17193,,
gdc,t977.0,66471,66480,Quecksilber,quecksilber,.,$.,--,17193,,
gdc,t977.0,66870,66888,Zadi,zadi,Geht,VVFIN,gehen,17193,,
gdc,t977.0,66870,66888,Zadi,zadi,in,APPR,in,17193,,
gdc,t977.0,66870,66888,Zadi,zadi,die,ART,der,17193,,
gdc,t977.0,66870,66888,Zadi,zadi,Hütte,NN,hütte,17193,,
gdc,t977.0,66870,66888,Zadi,zadi,.,$.,--,17193,,
gdc,t977.0,68151,68164,_Stage,_Stage,Zadi,NE,zadi,17193,,(14)
gdc,t977.0,68151,68164,_Stage,_Stage,.,$.,--,17193,,
gdc,t977.0,68151,68164,_Stage,_Stage,Vorige,NN,vorige,17193,,
gdc,t977.0,68151,68164,_Stage,_Stage,.,$.,--,17193,,
gdc,t977.0,68171,68256,Zadi,zadi,hat,VAFIN,haben,17193,,
gdc,t977.0,68171,68256,Zadi,zadi,indessen,ADV,indessen,17193,,
gdc,t977.0,68171,68256,Zadi,zadi,den,ART,der,17193,,
gdc,t977.0,68171,68256,Zadi,zadi,Korb,NN,korb,17193,,
gdc,t977.0,68171,68256,Zadi,zadi,mit,APPR,mit,17193,,
gdc,t977.0,68171,68256,Zadi,zadi,Feigen,NN,feige,17193,,
gdc,t977.0,68171,68256,Zadi,zadi,und,KON,und,17193,,
gdc,t977.0,68171,68256,Zadi,zadi,eine,ART,ein,17193,,
gdc,t977.0,68171,68256,Zadi,zadi,Flasche,NN,flasche,17193,,
gdc,t977.0,68171,68256,Zadi,zadi,mit,APPR,mit,17193,,
gdc,t977.0,68171,68256,Zadi,zadi,Quellwasser,NN,quellwasser,17193,,
gdc,t977.0,68171,68256,Zadi,zadi,gefüllt,VVPP,füllen,17193,,
gdc,t977.0,68171,68256,Zadi,zadi,",","$,",--,17193,,
gdc,t977.0,68171,68256,Zadi,zadi,tritt,VVFIN,treten,17193,,
gdc,t977.0,68171,68256,Zadi,zadi,vor,PTKVZ,vor,17193,,
gdc,t977.0,68171,68256,Zadi,zadi,.,$.,--,17193,,
gdc,t977.0,68322,68333,Quecksilber,quecksilber,Umarmt,ADJD,umarmen,17193,,
gdc,t977.0,68322,68333,Quecksilber,quecksilber,ihn,PPER,ihn,17193,,
gdc,t977.0,68322,68333,Quecksilber,quecksilber,.,$.,--,17193,,
gdc,t977.0,68470,68500,Quecksilber,quecksilber,Zieht,VVFIN,ziehen,17193,,
gdc,t977.0,68470,68500,Quecksilber,quecksilber,eins,PIS,einer,17193,,
gdc,t977.0,68470,68500,Quecksilber,quecksilber,aus,APPR,aus,17193,,
gdc,t977.0,68470,68500,Quecksilber,quecksilber,der,ART,der,17193,,
gdc,t977.0,68470,68500,Quecksilber,quecksilber,Rocktasche,NN,rocktasche,17193,,
gdc,t977.0,68470,68500,Quecksilber,quecksilber,.,$.,--,17193,,
gdc,t977.0,68547,68567,Quecksilber,quecksilber,gibt,VVFIN,geben,17193,,
gdc,t977.0,68547,68567,Quecksilber,quecksilber,Linda,NE,linda,17193,,(8)
gdc,t977.0,68547,68567,Quecksilber,quecksilber,den,ART,der,17193,,
gdc,t977.0,68547,68567,Quecksilber,quecksilber,Korb,NN,korb,17193,,
gdc,t977.0,68547,68567,Quecksilber,quecksilber,.,$.,--,17193,,
gdc,t977.0,68946,68949,Zadi,zadi,Ab,NN,ab,17193,,
gdc,t977.0,68946,68949,Zadi,zadi,.,$.,--,17193,,
gdc,t977.0,69172,69175,Linda,linda,Ab,NN,ab,17193,,
gdc,t977.0,69172,69175,Linda,linda,.,$.,--,17193,,
gdc,t977.0,69191,69198,Quecksilber,quecksilber,allein,ADV,allein,17193,,
gdc,t977.0,69191,69198,Quecksilber,quecksilber,.,$.,--,17193,,
gdc,t977.0,69414,69418,Quecksilber,quecksilber,Aria,NE,aria,17193,,
gdc,t977.0,69909,69912,Quecksilber,quecksilber,Ab,NN,ab,17193,,
gdc,t977.0,69909,69912,Quecksilber,quecksilber,.,$.,--,17193,,
gdc,t977.0,69913,69924,Quecksilber,quecksilber,Repetition,NN,repetition,17193,,
gdc,t977.0,69913,69924,Quecksilber,quecksilber,.,$.,--,17193,,
gdc,t977.0,70085,70088,Quecksilber,quecksilber,Ab,NN,ab,17193,,
gdc,t977.0,70085,70088,Quecksilber,quecksilber,.,$.,--,17193,,
gdc,t977.0,70117,70279,_Stage,_Stage,Großer,NN,groß,17193,,
gdc,t977.0,70117,70279,_Stage,_Stage,indianischer,ADJA,indianisch,17193,,
gdc,t977.0,70117,70279,_Stage,_Stage,Garten,NN,garten,17193,,
gdc,t977.0,70117,70279,_Stage,_Stage,.,$.,--,17193,,
gdc,t977.0,70117,70279,_Stage,_Stage,Auf,APPR,auf,17193,,
gdc,t977.0,70117,70279,_Stage,_Stage,der,ART,der,17193,,
gdc,t977.0,70117,70279,_Stage,_Stage,einen,ADJA,ein,17193,,
gdc,t977.0,70117,70279,_Stage,_Stage,Seite,NN,seite,17193,,
gdc,t977.0,70117,70279,_Stage,_Stage,ein,ART,ein,17193,,
gdc,t977.0,70117,70279,_Stage,_Stage,Blumenthron,NN,blumenthron,17193,,
gdc,t977.0,70117,70279,_Stage,_Stage,für,APPR,für,17193,,
gdc,t977.0,70117,70279,_Stage,_Stage,Zoraide,NN,zoraide,17193,,(9)
gdc,t977.0,70117,70279,_Stage,_Stage,",","$,",--,17193,,
gdc,t977.0,70117,70279,_Stage,_Stage,auf,APPR,auf,17193,,
gdc,t977.0,70117,70279,_Stage,_Stage,der,PRELS,der,17193,,
gdc,t977.0,70117,70279,_Stage,_Stage,andern,PIS,anderer,17193,,
gdc,t977.0,70117,70279,_Stage,_Stage,der,ART,der,17193,,
gdc,t977.0,70117,70279,_Stage,_Stage,praktikable,ADJA,praktikabel,17193,,
gdc,t977.0,70117,70279,_Stage,_Stage,Eingang,NN,eingang,17193,,
gdc,t977.0,70117,70279,_Stage,_Stage,in,APPR,in,17193,,
gdc,t977.0,70117,70279,_Stage,_Stage,ein,ART,ein,17193,,
gdc,t977.0,70117,70279,_Stage,_Stage,schön,ADJD,schön,17193,,
gdc,t977.0,70117,70279,_Stage,_Stage,verziertes,ADJA,verziert,17193,,
gdc,t977.0,70117,70279,_Stage,_Stage,chinesisches,ADJA,chinesisch,17193,,
gdc,t977.0,70117,70279,_Stage,_Stage,Lusthaus,NN,lusthaus,17193,,
gdc,t977.0,70117,70279,_Stage,_Stage,.,$.,--,17193,,
gdc,t977.0,70280,70647,_Stage,_Stage,Großer,ADJA,groß,17193,,
gdc,t977.0,70280,70647,_Stage,_Stage,Einzug,NN,einzug,17193,,
gdc,t977.0,70280,70647,_Stage,_Stage,.,$.,--,17193,,
gdc,t977.0,70280,70647,_Stage,_Stage,Tänzer,NN,tänzer,17193,,
gdc,t977.0,70280,70647,_Stage,_Stage,und,KON,und,17193,,
gdc,t977.0,70280,70647,_Stage,_Stage,Tänzerinnen,NN,tänzerin,17193,,
gdc,t977.0,70280,70647,_Stage,_Stage,voraus,PTKVZ,voraus,17193,,
gdc,t977.0,70280,70647,_Stage,_Stage,.,$.,--,17193,,
gdc,t977.0,70280,70647,_Stage,_Stage,Dann,ADV,dann,17193,,
gdc,t977.0,70280,70647,_Stage,_Stage,Gefolge,NN,gefolge,17193,,
gdc,t977.0,70280,70647,_Stage,_Stage,.,$.,--,17193,,
gdc,t977.0,70280,70647,_Stage,_Stage,Dann,ADV,dann,17193,,
gdc,t977.0,70280,70647,_Stage,_Stage,Tutu,NN,tutu,17193,,(7)
gdc,t977.0,70280,70647,_Stage,_Stage,und,KON,und,17193,,
gdc,t977.0,70280,70647,_Stage,_Stage,Zoraide,NN,zoraide,17193,,(9)
gdc,t977.0,70280,70647,_Stage,_Stage,",","$,",--,17193,,
gdc,t977.0,70280,70647,_Stage,_Stage,Hassar,NE,hassar,17193,,(10)
gdc,t977.0,70280,70647,_Stage,_Stage,",","$,",--,17193,,
gdc,t977.0,70280,70647,_Stage,_Stage,zwei,CARD,zwei,17193,,
gdc,t977.0,70280,70647,_Stage,_Stage,Diener,NN,diener,17193,,
gdc,t977.0,70280,70647,_Stage,_Stage,tragen,VVFIN,tragen,17193,,
gdc,t977.0,70280,70647,_Stage,_Stage,einen,ART,ein,17193,,
gdc,t977.0,70280,70647,_Stage,_Stage,großen,ADJA,groß,17193,,
gdc,t977.0,70280,70647,_Stage,_Stage,Armsessel,NN,armsessel,17193,,
gdc,t977.0,70280,70647,_Stage,_Stage,für,APPR,für,17193,,
gdc,t977.0,70280,70647,_Stage,_Stage,Tutu,NN,tutu,17193,,(7)
gdc,t977.0,70280,70647,_Stage,_Stage,",","$,",--,17193,,
gdc,t977.0,70280,70647,_Stage,_Stage,welcher,PRELS,welcher,17193,,
gdc,t977.0,70280,70647,_Stage,_Stage,dem,ART,der,17193,,
gdc,t977.0,70280,70647,_Stage,_Stage,Throne,NN,throne,17193,,
gdc,t977.0,70280,70647,_Stage,_Stage,gegenüber,APPO,gegenüber,17193,,
gdc,t977.0,70280,70647,_Stage,_Stage,gesetzt,VVPP,setzen,17193,,
gdc,t977.0,70280,70647,_Stage,_Stage,wird,VAFIN,werden,17193,,
gdc,t977.0,70280,70647,_Stage,_Stage,.,$.,--,17193,,
gdc,t977.0,70280,70647,_Stage,_Stage,Dann,ADV,dann,17193,,
gdc,t977.0,70280,70647,_Stage,_Stage,wieder,ADV,wieder,17193,,
gdc,t977.0,70280,70647,_Stage,_Stage,Gefolge,NN,gefolge,17193,,
gdc,t977.0,70280,70647,_Stage,_Stage,.,$.,--,17193,,
gdc,t977.0,70280,70647,_Stage,_Stage,Die,ART,der,17193,,
gdc,t977.0,70280,70647,_Stage,_Stage,Zaubergaben,NN,zaubergabe,17193,,
gdc,t977.0,70280,70647,_Stage,_Stage,werden,VAFIN,werden,17193,,
gdc,t977.0,70280,70647,_Stage,_Stage,von,APPR,von,17193,,
gdc,t977.0,70280,70647,_Stage,_Stage,drei,CARD,drei,17193,,
gdc,t977.0,70280,70647,_Stage,_Stage,Knaben,NN,knabe,17193,,
gdc,t977.0,70280,70647,_Stage,_Stage,auf,APPR,auf,17193,,
gdc,t977.0,70280,70647,_Stage,_Stage,Polstern,NN,polster,17193,,
gdc,t977.0,70280,70647,_Stage,_Stage,vor,APPR,vor,17193,,
gdc,t977.0,70280,70647,_Stage,_Stage,Zoraiden,NN,zoraide,17193,,
gdc,t977.0,70280,70647,_Stage,_Stage,getragen,VVPP,tragen,17193,,
gdc,t977.0,70280,70647,_Stage,_Stage,.,$.,--,17193,,
gdc,t977.0,70280,70647,_Stage,_Stage,Zoraide,NN,zoraide,17193,,(9)
gdc,t977.0,70280,70647,_Stage,_Stage,besteigt,VVFIN,besteigen,17193,,
gdc,t977.0,70280,70647,_Stage,_Stage,den,ART,der,17193,,
gdc,t977.0,70280,70647,_Stage,_Stage,Thron,NN,thron,17193,,
gdc,t977.0,70280,70647,_Stage,_Stage,.,$.,--,17193,,
gdc,t977.0,70280,70647,_Stage,_Stage,Tutu,NE,tutu,17193,,(7)
gdc,t977.0,70280,70647,_Stage,_Stage,setzt,VVFIN,setzen,17193,,
gdc,t977.0,70280,70647,_Stage,_Stage,sich,PRF,sich,17193,,
gdc,t977.0,70280,70647,_Stage,_Stage,in,APPR,in,17193,,
gdc,t977.0,70280,70647,_Stage,_Stage,den,ART,der,17193,,
gdc,t977.0,70280,70647,_Stage,_Stage,Sessel,NN,sessel,17193,,
gdc,t977.0,70280,70647,_Stage,_Stage,und,KON,und,17193,,
gdc,t977.0,70280,70647,_Stage,_Stage,fängt,VVFIN,fangen,17193,,
gdc,t977.0,70280,70647,_Stage,_Stage,zu,PTKZU,zu,17193,,
gdc,t977.0,70280,70647,_Stage,_Stage,schlummern,VVINF,schlummern,17193,,
gdc,t977.0,70280,70647,_Stage,_Stage,an,PTKVZ,an,17193,,
gdc,t977.0,70280,70647,_Stage,_Stage,.,$.,--,17193,,
gdc,t977.0,70783,70789,Zoraide,zoraide,stolz,ADJD,stolz,17193,,
gdc,t977.0,70783,70789,Zoraide,zoraide,.,$.,--,17193,,
gdc,t977.0,71131,71147,Tutu,tutu,zu,APPR,zu,17193,,
gdc,t977.0,71131,71147,Tutu,tutu,sich,PRF,sich,17193,,
gdc,t977.0,71131,71147,Tutu,tutu,kommend,ADJD,kommend,17193,,
gdc,t977.0,71131,71147,Tutu,tutu,.,$.,--,17193,,
gdc,t977.0,71809,71830,Tutu,tutu,Auf,APPR,auf,17193,,
gdc,t977.0,71809,71830,Tutu,tutu,Zoraiden,NN,zoraide,17193,,
gdc,t977.0,71809,71830,Tutu,tutu,zeigend,ADJD,zeigend,17193,,
gdc,t977.0,71809,71830,Tutu,tutu,.,$.,--,17193,,
gdc,t977.0,71854,71879,Tutu,tutu,Setzt,VVFIN,setzen,17193,,
gdc,t977.0,71854,71879,Tutu,tutu,sich,PRF,sich,17193,,
gdc,t977.0,71854,71879,Tutu,tutu,wieder,ADV,wieder,17193,,
gdc,t977.0,71854,71879,Tutu,tutu,nieder,PTKVZ,nieder,17193,,
gdc,t977.0,71854,71879,Tutu,tutu,.,$.,--,17193,,
gdc,t977.0,71893,71902,Zoraide,zoraide,halblaut,ADJD,halblauen,17193,,
gdc,t977.0,71893,71902,Zoraide,zoraide,.,$.,--,17193,,
gdc,t977.0,71942,71947,Zoraide,zoraide,Laut,NN,laut,17193,,
gdc,t977.0,71942,71947,Zoraide,zoraide,.,$.,--,17193,,
gdc,t977.0,72449,72606,Zoraide,zoraide,Vier,CARD,vier,17193,,
gdc,t977.0,72449,72606,Zoraide,zoraide,Sklaven,NN,sklave,17193,,
gdc,t977.0,72449,72606,Zoraide,zoraide,bringen,VVFIN,bringen,17193,,
gdc,t977.0,72449,72606,Zoraide,zoraide,einen,ART,ein,17193,,
gdc,t977.0,72449,72606,Zoraide,zoraide,sehr,ADV,sehr,17193,,
gdc,t977.0,72449,72606,Zoraide,zoraide,großen,ADJA,groß,17193,,
gdc,t977.0,72449,72606,Zoraide,zoraide,goldenen,ADJA,golden,17193,,
gdc,t977.0,72449,72606,Zoraide,zoraide,Korb,NN,korb,17193,,
gdc,t977.0,72449,72606,Zoraide,zoraide,",","$,",--,17193,,
gdc,t977.0,72449,72606,Zoraide,zoraide,worinnen,VVFIN,worinnen,17193,,
gdc,t977.0,72449,72606,Zoraide,zoraide,eine,ART,ein,17193,,
gdc,t977.0,72449,72606,Zoraide,zoraide,große,ADJA,groß,17193,,
gdc,t977.0,72449,72606,Zoraide,zoraide,Menge,NN,menge,17193,,
gdc,t977.0,72449,72606,Zoraide,zoraide,von,APPR,von,17193,,
gdc,t977.0,72449,72606,Zoraide,zoraide,Gedichten,NN,gedicht,17193,,
gdc,t977.0,72449,72606,Zoraide,zoraide,",","$,",--,17193,,
gdc,t977.0,72449,72606,Zoraide,zoraide,zusammengerollt,VVPP,zusammenrollen,17193,,
gdc,t977.0,72449,72606,Zoraide,zoraide,und,KON,und,17193,,
gdc,t977.0,72449,72606,Zoraide,zoraide,von,APPR,von,17193,,
gdc,t977.0,72449,72606,Zoraide,zoraide,verschiedenen,ADJA,verschieden,17193,,
gdc,t977.0,72449,72606,Zoraide,zoraide,Farben,NN,farbe,17193,,
gdc,t977.0,72449,72606,Zoraide,zoraide,",","$,",--,17193,,
gdc,t977.0,72449,72606,Zoraide,zoraide,aufgehäuft,VVPP,aufhäufen,17193,,
gdc,t977.0,72449,72606,Zoraide,zoraide,sind,VAFIN,sein,17193,,
gdc,t977.0,72449,72606,Zoraide,zoraide,.,$.,--,17193,,
gdc,t977.0,72652,72680,Hassar,hassar,Präsentiert,VVPP,präsentieren,17193,,
gdc,t977.0,72652,72680,Hassar,hassar,Zoraiden,NN,zoraiden,17193,,
gdc,t977.0,72652,72680,Hassar,hassar,einige,PIS,einiger,17193,,
gdc,t977.0,72652,72680,Hassar,hassar,.,$.,--,17193,,
gdc,t977.0,72693,72730,Zoraide,zoraide,nimmt,VVFIN,nehmen,17193,,
gdc,t977.0,72693,72730,Zoraide,zoraide,sie,PPER,sie,17193,,
gdc,t977.0,72693,72730,Zoraide,zoraide,",","$,",--,17193,,
gdc,t977.0,72693,72730,Zoraide,zoraide,jedoch,ADV,jedoch,17193,,
gdc,t977.0,72693,72730,Zoraide,zoraide,ohne,APPR,ohne,17193,,
gdc,t977.0,72693,72730,Zoraide,zoraide,sie,PPER,sie,17193,,
gdc,t977.0,72693,72730,Zoraide,zoraide,anzusehen,VVIZU,ansehen,17193,,
gdc,t977.0,72693,72730,Zoraide,zoraide,.,$.,--,17193,,
gdc,t977.0,72849,72878,Zoraide,zoraide,mit,APPR,mit,17193,,
gdc,t977.0,72849,72878,Zoraide,zoraide,selbstgefälligem,ADJA,selbstgefällig,17193,,
gdc,t977.0,72849,72878,Zoraide,zoraide,Lächeln,NN,lächeln,17193,,
gdc,t977.0,72849,72878,Zoraide,zoraide,.,$.,--,17193,,
gdc,t977.0,72954,73015,Zoraide,zoraide,Hassar,NE,hassar,17193,,(10)
gdc,t977.0,72954,73015,Zoraide,zoraide,ladet,VVFIN,laden,17193,,
gdc,t977.0,72954,73015,Zoraide,zoraide,durch,APPR,durch,17193,,
gdc,t977.0,72954,73015,Zoraide,zoraide,Pantomime,NE,pantomim,17193,,
gdc,t977.0,72954,73015,Zoraide,zoraide,Tutu,NE,tutu,17193,,(7)
gdc,t977.0,72954,73015,Zoraide,zoraide,ein,PTKVZ,ein,17193,,
gdc,t977.0,72954,73015,Zoraide,zoraide,",","$,",--,17193,,
gdc,t977.0,72954,73015,Zoraide,zoraide,auch,ADV,auch,17193,,
gdc,t977.0,72954,73015,Zoraide,zoraide,einige,PIS,einiger,17193,,
gdc,t977.0,72954,73015,Zoraide,zoraide,zu,PTKZU,zu,17193,,
gdc,t977.0,72954,73015,Zoraide,zoraide,nehmen,VVINF,nehmen,17193,,
gdc,t977.0,72954,73015,Zoraide,zoraide,.,$.,--,17193,,
gdc,t977.0,73033,73060,Tutu,tutu,Steht,VVFIN,stehen,17193,,
gdc,t977.0,73033,73060,Tutu,tutu,auf,PTKVZ,auf,17193,,
gdc,t977.0,73033,73060,Tutu,tutu,und,KON,und,17193,,
gdc,t977.0,73033,73060,Tutu,tutu,nimmt,VVFIN,nehmen,17193,,
gdc,t977.0,73033,73060,Tutu,tutu,einige,PIS,einiger,17193,,
gdc,t977.0,73033,73060,Tutu,tutu,.,$.,--,17193,,
gdc,t977.0,73094,73118,Tutu,tutu,Wiegt,VVFIN,wiegen,17193,,
gdc,t977.0,73094,73118,Tutu,tutu,selbe,ADV,selbe,17193,,
gdc,t977.0,73094,73118,Tutu,tutu,in,APPR,in,17193,,
gdc,t977.0,73094,73118,Tutu,tutu,der,ART,der,17193,,
gdc,t977.0,73094,73118,Tutu,tutu,Hand,NN,hand,17193,,
gdc,t977.0,73094,73118,Tutu,tutu,.,$.,--,17193,,
gdc,t977.0,73204,73222,Tutu,tutu,Setzt,VVFIN,setzen,17193,,
gdc,t977.0,73204,73222,Tutu,tutu,sich,PRF,sich,17193,,
gdc,t977.0,73204,73222,Tutu,tutu,wieder,ADV,wieder,17193,,
gdc,t977.0,73204,73222,Tutu,tutu,.,$.,--,17193,,
gdc,t977.0,73704,73717,Zoraide,zoraide,Es,PPER,es,17193,,
gdc,t977.0,73704,73717,Zoraide,zoraide,geschieht,VVFIN,geschehen,17193,,
gdc,t977.0,73704,73717,Zoraide,zoraide,.,$.,--,17193,,
gdc,t977.0,73766,73783,Zoraide,zoraide,Ein,ART,ein,17193,,
gdc,t977.0,73766,73783,Zoraide,zoraide,Sklave,NN,sklave,17193,,(15)
gdc,t977.0,73766,73783,Zoraide,zoraide,kömmt,VVFIN,kömmen,17193,,
gdc,t977.0,73766,73783,Zoraide,zoraide,.,$.,--,17193,,
gdc,t977.0,73876,73901,Tutu,tutu,Steht,VVIMP,stehen,17193,,
gdc,t977.0,73876,73901,Tutu,tutu,auf,PTKVZ,auf,17193,,
gdc,t977.0,73876,73901,Tutu,tutu,",","$,",--,17193,,
gdc,t977.0,73876,73901,Tutu,tutu,laut,ADJD,laut,17193,,
gdc,t977.0,73876,73901,Tutu,tutu,zu,PTKZU,zu,17193,,
gdc,t977.0,73876,73901,Tutu,tutu,allen,VVINF,aller,17193,,
gdc,t977.0,73876,73901,Tutu,tutu,.,$.,--,17193,,
gdc,t977.0,74169,74177,Tutu,tutu,gerührt,VVPP,rühren,17193,,
gdc,t977.0,74169,74177,Tutu,tutu,.,$.,--,17193,,
gdc,t977.0,74205,74244,Tutu,tutu,Alles,PIS,alle,17193,,
gdc,t977.0,74205,74244,Tutu,tutu,bis,APPR,bis,17193,,
gdc,t977.0,74205,74244,Tutu,tutu,auf,APPR,auf,17193,,
gdc,t977.0,74205,74244,Tutu,tutu,Hassar,NE,hassar,17193,,(10)
gdc,t977.0,74205,74244,Tutu,tutu,und,KON,und,17193,,
gdc,t977.0,74205,74244,Tutu,tutu,die,ART,der,17193,,
gdc,t977.0,74205,74244,Tutu,tutu,Tänzer,NN,tänzer,17193,,
gdc,t977.0,74205,74244,Tutu,tutu,ab,PTKVZ,ab,17193,,
gdc,t977.0,74205,74244,Tutu,tutu,.,$.,--,17193,,
gdc,t977.0,74255,74270,Hassar,hassar,zu,APPR,zu,17193,,
gdc,t977.0,74255,74270,Hassar,hassar,den,ART,der,17193,,
gdc,t977.0,74255,74270,Hassar,hassar,Tänzern,NN,tänzern,17193,,
gdc,t977.0,74255,74270,Hassar,hassar,.,$.,--,17193,,
gdc,t977.0,74321,74356,Hassar,hassar,Tänzer,NN,tänzer,17193,,
gdc,t977.0,74321,74356,Hassar,hassar,verneigen,VVFIN,verneigen,17193,,
gdc,t977.0,74321,74356,Hassar,hassar,sich,PRF,sich,17193,,
gdc,t977.0,74321,74356,Hassar,hassar,und,KON,und,17193,,
gdc,t977.0,74321,74356,Hassar,hassar,gehen,VVFIN,gehen,17193,,
gdc,t977.0,74321,74356,Hassar,hassar,ab,PTKVZ,ab,17193,,
gdc,t977.0,74321,74356,Hassar,hassar,.,$.,--,17193,,
gdc,t977.0,74390,74404,_Stage,_Stage,Linda,NE,linda,17193,,(8)
gdc,t977.0,74390,74404,_Stage,_Stage,.,$.,--,17193,,
gdc,t977.0,74390,74404,_Stage,_Stage,Hassar,NE,hassar,17193,,(10)
gdc,t977.0,74390,74404,_Stage,_Stage,.,$.,--,17193,,
gdc,t977.0,74412,74436,Linda,linda,mit,APPR,mit,17193,,
gdc,t977.0,74412,74436,Linda,linda,einem,ART,ein,17193,,
gdc,t977.0,74412,74436,Linda,linda,Teller,NN,teller,17193,,
gdc,t977.0,74412,74436,Linda,linda,Feigen,NN,feigen,17193,,
gdc,t977.0,74412,74436,Linda,linda,.,$.,--,17193,,
gdc,t977.0,75295,75313,Hassar,hassar,Linda,NE,linda,17193,,(8)
gdc,t977.0,75295,75313,Hassar,hassar,geht,VVFIN,gehen,17193,,
gdc,t977.0,75295,75313,Hassar,hassar,zurück,PTKVZ,zurück,17193,,
gdc,t977.0,75295,75313,Hassar,hassar,.,$.,--,17193,,
gdc,t977.0,75393,75446,Hassar,hassar,Steckt,VVFIN,stecken,17193,,
gdc,t977.0,75393,75446,Hassar,hassar,zwei,CARD,zwei,17193,,
gdc,t977.0,75393,75446,Hassar,hassar,Feigen,NN,feige,17193,,
gdc,t977.0,75393,75446,Hassar,hassar,in,APPR,in,17193,,
gdc,t977.0,75393,75446,Hassar,hassar,den,ART,der,17193,,
gdc,t977.0,75393,75446,Hassar,hassar,Gürtel,NN,gürtel,17193,,
gdc,t977.0,75393,75446,Hassar,hassar,.,$.,--,17193,,
gdc,t977.0,75393,75446,Hassar,hassar,Mit,APPR,mit,17193,,
gdc,t977.0,75393,75446,Hassar,hassar,großem,ADJA,groß,17193,,
gdc,t977.0,75393,75446,Hassar,hassar,Behagen,NN,behagen,17193,,
gdc,t977.0,75393,75446,Hassar,hassar,.,$.,--,17193,,
gdc,t977.0,75508,75524,Hassar,hassar,Ab,APPR,ab,17193,,
gdc,t977.0,75508,75524,Hassar,hassar,ins,APPRART,in,17193,,
gdc,t977.0,75508,75524,Hassar,hassar,Lusthaus,NN,lusthaus,17193,,
gdc,t977.0,75508,75524,Hassar,hassar,.,$.,--,17193,,
gdc,t977.0,75534,75544,Linda,linda,kommt,VVFIN,kommen,17193,,
gdc,t977.0,75534,75544,Linda,linda,vor,PTKVZ,vor,17193,,
gdc,t977.0,75534,75544,Linda,linda,.,$.,--,17193,,
gdc,t977.0,75622,75635,Hassar,hassar,kommt,VVFIN,kommen,17193,,
gdc,t977.0,75622,75635,Hassar,hassar,zurück,PTKVZ,zurück,17193,,
gdc,t977.0,75622,75635,Hassar,hassar,.,$.,--,17193,,
gdc,t977.0,75721,75730,Linda,linda,Für,APPR,für,17193,,
gdc,t977.0,75721,75730,Linda,linda,sich,PRF,sich,17193,,
gdc,t977.0,75721,75730,Linda,linda,.,$.,--,17193,,
gdc,t977.0,75775,75778,Linda,linda,Ab,NN,ab,17193,,
gdc,t977.0,75775,75778,Linda,linda,.,$.,--,17193,,
gdc,t977.0,75790,75821,Hassar,hassar,klatscht,VVFIN,klatschen,17193,,
gdc,t977.0,75790,75821,Hassar,hassar,in,APPR,in,17193,,
gdc,t977.0,75790,75821,Hassar,hassar,die,ART,der,17193,,
gdc,t977.0,75790,75821,Hassar,hassar,Hände,NN,hand,17193,,
gdc,t977.0,75790,75821,Hassar,hassar,und,KON,und,17193,,
gdc,t977.0,75790,75821,Hassar,hassar,ruft,VVFIN,rufen,17193,,
gdc,t977.0,75790,75821,Hassar,hassar,.,$.,--,17193,,
gdc,t977.0,75933,75941,Hassar,hassar,Geht,VVFIN,gehen,17193,,
gdc,t977.0,75933,75941,Hassar,hassar,ab,PTKVZ,ab,17193,,
gdc,t977.0,75933,75941,Hassar,hassar,.,$.,--,17193,,
gdc,t977.0,75943,75988,Hassar,hassar,Ein,ART,ein,17193,,
gdc,t977.0,75943,75988,Hassar,hassar,großer,ADJA,groß,17193,,
gdc,t977.0,75943,75988,Hassar,hassar,Tanz,NN,tanz,17193,,
gdc,t977.0,75943,75988,Hassar,hassar,beginnt,VVFIN,beginnen,17193,,
gdc,t977.0,75943,75988,Hassar,hassar,:,$.,--,17193,,
gdc,t977.0,75943,75988,Hassar,hassar,zu,APPR,zu,17193,,
gdc,t977.0,75943,75988,Hassar,hassar,Ende,NN,ende,17193,,
gdc,t977.0,75943,75988,Hassar,hassar,eine,ART,ein,17193,,
gdc,t977.0,75943,75988,Hassar,hassar,Gruppe,NN,gruppe,17193,,
gdc,t977.0,75943,75988,Hassar,hassar,.,$.,--,17193,,
gdc,t977.0,76023,76213,_Stage,_Stage,Zoraide,NE,zoraide,17193,,(9)
gdc,t977.0,76023,76213,_Stage,_Stage,stürzt,VVFIN,stürzen,17193,,
gdc,t977.0,76023,76213,_Stage,_Stage,heraus,PTKVZ,heraus,17193,,
gdc,t977.0,76023,76213,_Stage,_Stage,.,$.,--,17193,,
gdc,t977.0,76023,76213,_Stage,_Stage,Ihre,PPOSAT,ihr,17193,,
gdc,t977.0,76023,76213,_Stage,_Stage,Nase,NN,nase,17193,,
gdc,t977.0,76023,76213,_Stage,_Stage,hat,VAFIN,haben,17193,,
gdc,t977.0,76023,76213,_Stage,_Stage,sich,PRF,sich,17193,,
gdc,t977.0,76023,76213,_Stage,_Stage,vergrößert,VVPP,vergrößern,17193,,
gdc,t977.0,76023,76213,_Stage,_Stage,",","$,",--,17193,,
gdc,t977.0,76023,76213,_Stage,_Stage,doch,ADV,doch,17193,,
gdc,t977.0,76023,76213,_Stage,_Stage,nur,ADV,nur,17193,,
gdc,t977.0,76023,76213,_Stage,_Stage,so,ADV,so,17193,,
gdc,t977.0,76023,76213,_Stage,_Stage,",","$,",--,17193,,
gdc,t977.0,76023,76213,_Stage,_Stage,wie,PWAV,wie,17193,,
gdc,t977.0,76023,76213,_Stage,_Stage,man,PIS,man,17193,,
gdc,t977.0,76023,76213,_Stage,_Stage,eine,ART,ein,17193,,
gdc,t977.0,76023,76213,_Stage,_Stage,falsche,ADJA,falsch,17193,,
gdc,t977.0,76023,76213,_Stage,_Stage,Nase,NN,nase,17193,,
gdc,t977.0,76023,76213,_Stage,_Stage,als,APPR,als,17193,,
gdc,t977.0,76023,76213,_Stage,_Stage,Maske,NN,maske,17193,,
gdc,t977.0,76023,76213,_Stage,_Stage,auf,APPR,auf,17193,,
gdc,t977.0,76023,76213,_Stage,_Stage,einem,ART,ein,17193,,
gdc,t977.0,76023,76213,_Stage,_Stage,öffentlichen,ADJA,öffentlich,17193,,
gdc,t977.0,76023,76213,_Stage,_Stage,Ball,NN,ball,17193,,
gdc,t977.0,76023,76213,_Stage,_Stage,nimmt,VVFIN,nehmen,17193,,
gdc,t977.0,76023,76213,_Stage,_Stage,",","$,",--,17193,,
gdc,t977.0,76023,76213,_Stage,_Stage,durchaus,ADV,durchaus,17193,,
gdc,t977.0,76023,76213,_Stage,_Stage,nicht,PTKNEG,nicht,17193,,
gdc,t977.0,76023,76213,_Stage,_Stage,Karikatur,NN,karikatur,17193,,
gdc,t977.0,76023,76213,_Stage,_Stage,.,$.,--,17193,,
gdc,t977.0,76023,76213,_Stage,_Stage,Gleich,ADV,gleich,17193,,
gdc,t977.0,76023,76213,_Stage,_Stage,darauf,PROAV,darauf,17193,,
gdc,t977.0,76023,76213,_Stage,_Stage,das,ART,der,17193,,
gdc,t977.0,76023,76213,_Stage,_Stage,Gefolge,NN,gefolge,17193,,
gdc,t977.0,76023,76213,_Stage,_Stage,.,$.,--,17193,,
gdc,t977.0,76350,76378,Zoraide,zoraide,Die,ART,der,17193,,
gdc,t977.0,76350,76378,Zoraide,zoraide,Tänzer,NN,tänzer,17193,,
gdc,t977.0,76350,76378,Zoraide,zoraide,alle,PIS,alle,17193,,(19)
gdc,t977.0,76350,76378,Zoraide,zoraide,erschrecken,VVINF,erschrecken,17193,,
gdc,t977.0,76350,76378,Zoraide,zoraide,.,$.,--,17193,,
gdc,t977.0,76392,76422,Zoraide,zoraide,Sucht,VVFIN,suchen,17193,,
gdc,t977.0,76392,76422,Zoraide,zoraide,das,ART,der,17193,,
gdc,t977.0,76392,76422,Zoraide,zoraide,Lachen,NN,lachen,17193,,
gdc,t977.0,76392,76422,Zoraide,zoraide,zu,PTKZU,zu,17193,,
gdc,t977.0,76392,76422,Zoraide,zoraide,verbergen,VVINF,verbergen,17193,,
gdc,t977.0,76392,76422,Zoraide,zoraide,.,$.,--,17193,,
gdc,t977.0,76480,76570,Zoraide,zoraide,Man,PIS,man,17193,,
gdc,t977.0,76480,76570,Zoraide,zoraide,bringt,VVFIN,bringen,17193,,
gdc,t977.0,76480,76570,Zoraide,zoraide,schnell,ADJD,schnell,17193,,
gdc,t977.0,76480,76570,Zoraide,zoraide,einen,ART,ein,17193,,
gdc,t977.0,76480,76570,Zoraide,zoraide,Spiegel,NN,spiegel,17193,,
gdc,t977.0,76480,76570,Zoraide,zoraide,",","$,",--,17193,,
gdc,t977.0,76480,76570,Zoraide,zoraide,sie,PPER,sie,17193,,
gdc,t977.0,76480,76570,Zoraide,zoraide,sieht,VVFIN,sehen,17193,,
gdc,t977.0,76480,76570,Zoraide,zoraide,hinein,PTKVZ,hinein,17193,,
gdc,t977.0,76480,76570,Zoraide,zoraide,und,KON,und,17193,,
gdc,t977.0,76480,76570,Zoraide,zoraide,fällt,VVFIN,fallen,17193,,
gdc,t977.0,76480,76570,Zoraide,zoraide,mit,APPR,mit,17193,,
gdc,t977.0,76480,76570,Zoraide,zoraide,einem,ART,ein,17193,,
gdc,t977.0,76480,76570,Zoraide,zoraide,Schrei,NN,schrei,17193,,
gdc,t977.0,76480,76570,Zoraide,zoraide,in,APPR,in,17193,,
gdc,t977.0,76480,76570,Zoraide,zoraide,Ohnmacht,NE,ohnmacht,17193,,
gdc,t977.0,76480,76570,Zoraide,zoraide,.,$.,--,17193,,
gdc,t977.0,76605,76618,_Stage,_Stage,Tutu,NE,tutu,17193,,(7)
gdc,t977.0,76605,76618,_Stage,_Stage,.,$.,--,17193,,
gdc,t977.0,76605,76618,_Stage,_Stage,Vorige,NN,vorige,17193,,
gdc,t977.0,76605,76618,_Stage,_Stage,.,$.,--,17193,,
gdc,t977.0,76625,76659,Tutu,tutu,kommt,VVFIN,kommen,17193,,
gdc,t977.0,76625,76659,Tutu,tutu,mit,APPR,mit,17193,,
gdc,t977.0,76625,76659,Tutu,tutu,einer,PIS,ein,17193,,
gdc,t977.0,76625,76659,Tutu,tutu,vergrößerten,ADJA,vergrößert,17193,,
gdc,t977.0,76625,76659,Tutu,tutu,Nase,NN,nase,17193,,
gdc,t977.0,76625,76659,Tutu,tutu,.,$.,--,17193,,
gdc,t977.0,76782,76794,Tutu,tutu,Alle,PIS,aller,17193,,(19)
gdc,t977.0,76782,76794,Tutu,tutu,lachen,VVFIN,lachen,17193,,
gdc,t977.0,76782,76794,Tutu,tutu,.,$.,--,17193,,
gdc,t977.0,76879,76913,Tutu,tutu,Eilt,VVFIN,eilt,17193,,
gdc,t977.0,76879,76913,Tutu,tutu,auf,APPR,auf,17193,,
gdc,t977.0,76879,76913,Tutu,tutu,sie,PPER,sie,17193,,
gdc,t977.0,76879,76913,Tutu,tutu,zu,PTKVZ,zu,17193,,
gdc,t977.0,76879,76913,Tutu,tutu,und,KON,und,17193,,
gdc,t977.0,76879,76913,Tutu,tutu,prallt,VVFIN,prallen,17193,,
gdc,t977.0,76879,76913,Tutu,tutu,zurück,PTKVZ,zurück,17193,,
gdc,t977.0,76879,76913,Tutu,tutu,.,$.,--,17193,,
gdc,t977.0,76983,76991,Zoraide,zoraide,erwacht,VVPP,erwachen,17193,,
gdc,t977.0,76983,76991,Zoraide,zoraide,.,$.,--,17193,,
gdc,t977.0,77019,77025,Zoraide,zoraide,Weint,VVFIN,weinen,17193,,
gdc,t977.0,77019,77025,Zoraide,zoraide,.,$.,--,17193,,
gdc,t977.0,77049,77060,Zoraide,zoraide,Sieht,VVFIN,sehen,17193,,
gdc,t977.0,77049,77060,Zoraide,zoraide,Tutu,NE,tutu,17193,,(7)
gdc,t977.0,77049,77060,Zoraide,zoraide,.,$.,--,17193,,
gdc,t977.0,77162,77168,Tutu,tutu,Lacht,NN,lacht,17193,,
gdc,t977.0,77162,77168,Tutu,tutu,.,$.,--,17193,,
gdc,t977.0,77221,77252,Zoraide,zoraide,Man,PIS,man,17193,,
gdc,t977.0,77221,77252,Zoraide,zoraide,hält,VVFIN,halten,17193,,
gdc,t977.0,77221,77252,Zoraide,zoraide,ihm,PPER,ihm,17193,,
gdc,t977.0,77221,77252,Zoraide,zoraide,einen,ART,ein,17193,,
gdc,t977.0,77221,77252,Zoraide,zoraide,Spiegel,NN,spiegel,17193,,
gdc,t977.0,77221,77252,Zoraide,zoraide,vor,PTKVZ,vor,17193,,
gdc,t977.0,77221,77252,Zoraide,zoraide,.,$.,--,17193,,
gdc,t977.0,77589,77603,_Stage,_Stage,Linda,NE,linda,17193,,(8)
gdc,t977.0,77589,77603,_Stage,_Stage,",","$,",--,17193,,
gdc,t977.0,77589,77603,_Stage,_Stage,Vorige,NN,vorige,17193,,
gdc,t977.0,77589,77603,_Stage,_Stage,.,$.,--,17193,,
gdc,t977.0,77624,77635,Linda,linda,Erschrickt,VVPP,erschricken,17193,,
gdc,t977.0,77624,77635,Linda,linda,.,$.,--,17193,,
gdc,t977.0,77733,77739,Chor/Alle (II/20–27),chor_alle_2-20_bis_2-27,rufen,VVINF,rufen,17193,,
gdc,t977.0,77733,77739,Chor/Alle (II/20–27),chor_alle_2-20_bis_2-27,.,$.,--,17193,,
gdc,t977.0,77789,77810,_Stage,_Stage,Der,ART,der,17193,,
gdc,t977.0,77789,77810,_Stage,_Stage,Leibarzt,NN,leibarzt,17193,,(16)
gdc,t977.0,77789,77810,_Stage,_Stage,.,$.,--,17193,,
gdc,t977.0,77789,77810,_Stage,_Stage,Vorige,NN,vorige,17193,,
gdc,t977.0,77789,77810,_Stage,_Stage,.,$.,--,17193,,
gdc,t977.0,77829,77838,Tutu,tutu,zugleich,ADV,zugleich,17193,,
gdc,t977.0,77829,77838,Tutu,tutu,.,$.,--,17193,,
gdc,t977.0,77829,77838,Zoraide,zoraide,zugleich,ADV,zugleich,17193,,
gdc,t977.0,77829,77838,Zoraide,zoraide,.,$.,--,17193,,
gdc,t977.0,77873,77884,Leibarzt,leibarzt,erschrickt,VVPP,erschricken,17193,,
gdc,t977.0,77873,77884,Leibarzt,leibarzt,.,$.,--,17193,,
gdc,t977.0,78003,78012,Leibarzt,leibarzt,Zugleich,ADV,zugleich,17193,,
gdc,t977.0,78003,78012,Leibarzt,leibarzt,.,$.,--,17193,,
gdc,t977.0,78123,78138,_Stage,_Stage,Hassar,NE,hassar,17193,,(10)
gdc,t977.0,78123,78138,_Stage,_Stage,.,$.,--,17193,,
gdc,t977.0,78123,78138,_Stage,_Stage,Vorige,NN,vorige,17193,,
gdc,t977.0,78123,78138,_Stage,_Stage,.,$.,--,17193,,
gdc,t977.0,78147,78174,Hassar,hassar,auch,ADV,auch,17193,,
gdc,t977.0,78147,78174,Hassar,hassar,mit,APPR,mit,17193,,
gdc,t977.0,78147,78174,Hassar,hassar,einer,ART,ein,17193,,
gdc,t977.0,78147,78174,Hassar,hassar,großen,ADJA,groß,17193,,
gdc,t977.0,78147,78174,Hassar,hassar,Nase,NN,nase,17193,,
gdc,t977.0,78147,78174,Hassar,hassar,.,$.,--,17193,,
gdc,t977.0,78192,78370,Hassar,hassar,Erschrickt,NN,erschrickt,17193,,
gdc,t977.0,78192,78370,Hassar,hassar,über,APPR,über,17193,,
gdc,t977.0,78192,78370,Hassar,hassar,Tutus,NE,tutus,17193,,
gdc,t977.0,78192,78370,Hassar,hassar,Nase,NN,nase,17193,,
gdc,t977.0,78192,78370,Hassar,hassar,und,KON,und,17193,,
gdc,t977.0,78192,78370,Hassar,hassar,kömmt,VVFIN,kömmen,17193,,
gdc,t977.0,78192,78370,Hassar,hassar,so,ADV,so,17193,,
gdc,t977.0,78192,78370,Hassar,hassar,gegen,APPR,gegen,17193,,
gdc,t977.0,78192,78370,Hassar,hassar,Zoraiden,NN,zoraide,17193,,
gdc,t977.0,78192,78370,Hassar,hassar,",","$,",--,17193,,
gdc,t977.0,78192,78370,Hassar,hassar,bei,APPR,bei,17193,,
gdc,t977.0,78192,78370,Hassar,hassar,deren,PRELAT,der,17193,,
gdc,t977.0,78192,78370,Hassar,hassar,Anblick,NN,anblick,17193,,
gdc,t977.0,78192,78370,Hassar,hassar,er,PPER,er,17193,,
gdc,t977.0,78192,78370,Hassar,hassar,ebenfalls,ADV,ebenfalls,17193,,
gdc,t977.0,78192,78370,Hassar,hassar,erschrickt,VVPP,erschricken,17193,,
gdc,t977.0,78192,78370,Hassar,hassar,und,KON,und,17193,,
gdc,t977.0,78192,78370,Hassar,hassar,so,ADV,so,17193,,
gdc,t977.0,78192,78370,Hassar,hassar,in,APPR,in,17193,,
gdc,t977.0,78192,78370,Hassar,hassar,die,ART,der,17193,,
gdc,t977.0,78192,78370,Hassar,hassar,Mitte,NN,mitte,17193,,
gdc,t977.0,78192,78370,Hassar,hassar,des,ART,der,17193,,
gdc,t977.0,78192,78370,Hassar,hassar,Theaters,NN,theater,17193,,
gdc,t977.0,78192,78370,Hassar,hassar,kommt,VVFIN,kommen,17193,,
gdc,t977.0,78192,78370,Hassar,hassar,",","$,",--,17193,,
gdc,t977.0,78192,78370,Hassar,hassar,zeigt,VVFIN,zeigen,17193,,
gdc,t977.0,78192,78370,Hassar,hassar,mit,APPR,mit,17193,,
gdc,t977.0,78192,78370,Hassar,hassar,beiden,PIAT,beide,17193,,
gdc,t977.0,78192,78370,Hassar,hassar,Händen,NN,hand,17193,,
gdc,t977.0,78192,78370,Hassar,hassar,auf,APPR,auf,17193,,
gdc,t977.0,78192,78370,Hassar,hassar,beide,PIAT,beide,17193,,
gdc,t977.0,78192,78370,Hassar,hassar,Nasen,NN,nase,17193,,
gdc,t977.0,78192,78370,Hassar,hassar,.,$.,--,17193,,
gdc,t977.0,78398,78410,Hassar,hassar,Alle,PIS,aller,17193,,(19)
gdc,t977.0,78398,78410,Hassar,hassar,lachen,VVFIN,lachen,17193,,
gdc,t977.0,78398,78410,Hassar,hassar,.,$.,--,17193,,
gdc,t977.0,78559,78591,Hassar,hassar,fährt,VVFIN,fahren,17193,,
gdc,t977.0,78559,78591,Hassar,hassar,mit,APPR,mit,17193,,
gdc,t977.0,78559,78591,Hassar,hassar,beiden,PIAT,beide,17193,,
gdc,t977.0,78559,78591,Hassar,hassar,Händen,NN,hand,17193,,
gdc,t977.0,78559,78591,Hassar,hassar,darnach,PROAV,darnach,17193,,
gdc,t977.0,78559,78591,Hassar,hassar,.,$.,--,17193,,
gdc,t977.0,78614,78625,Hassar,hassar,Voll,APPR,voll,17193,,
gdc,t977.0,78614,78625,Hassar,hassar,Angst,NN,angst,17193,,
gdc,t977.0,78614,78625,Hassar,hassar,.,$.,--,17193,,
gdc,t977.0,78859,78916,_Stage,_Stage,Vorige,NN,vorige,17193,,
gdc,t977.0,78859,78916,_Stage,_Stage,.,$.,--,17193,,
gdc,t977.0,78859,78916,_Stage,_Stage,Quecksilber,NN,quecksilber,17193,,(2)
gdc,t977.0,78859,78916,_Stage,_Stage,als,APPR,als,17193,,
gdc,t977.0,78859,78916,_Stage,_Stage,Arzt,NN,arzt,17193,,
gdc,t977.0,78859,78916,_Stage,_Stage,mit,APPR,mit,17193,,
gdc,t977.0,78859,78916,_Stage,_Stage,einem,ART,ein,17193,,
gdc,t977.0,78859,78916,_Stage,_Stage,goldenen,ADJA,golden,17193,,
gdc,t977.0,78859,78916,_Stage,_Stage,Kästchen,NN,kästchen,17193,,
gdc,t977.0,78859,78916,_Stage,_Stage,.,$.,--,17193,,
gdc,t977.0,78930,78946,Quecksilber,quecksilber,spricht,VVFIN,sprechen,17193,,
gdc,t977.0,78930,78946,Quecksilber,quecksilber,schnell,ADJD,schnell,17193,,
gdc,t977.0,78930,78946,Quecksilber,quecksilber,.,$.,--,17193,,
gdc,t977.0,79600,79612,Zoraide,zoraide,schluchzend,ADJD,schluchzend,17193,,
gdc,t977.0,79600,79612,Zoraide,zoraide,.,$.,--,17193,,
gdc,t977.0,82967,83073,Quecksilber,quecksilber,Man,PIS,man,17193,,
gdc,t977.0,82967,83073,Quecksilber,quecksilber,reicht,VVFIN,reichen,17193,,
gdc,t977.0,82967,83073,Quecksilber,quecksilber,ihm,PPER,ihm,17193,,
gdc,t977.0,82967,83073,Quecksilber,quecksilber,einen,PIS,ein,17193,,
gdc,t977.0,82967,83073,Quecksilber,quecksilber,",","$,",--,17193,,
gdc,t977.0,82967,83073,Quecksilber,quecksilber,er,PPER,er,17193,,
gdc,t977.0,82967,83073,Quecksilber,quecksilber,nimmt,VVFIN,nehmen,17193,,
gdc,t977.0,82967,83073,Quecksilber,quecksilber,ein,ART,ein,17193,,
gdc,t977.0,82967,83073,Quecksilber,quecksilber,Fläschchen,NN,fläschchen,17193,,
gdc,t977.0,82967,83073,Quecksilber,quecksilber,aus,APPR,aus,17193,,
gdc,t977.0,82967,83073,Quecksilber,quecksilber,seinem,PPOSAT,sein,17193,,
gdc,t977.0,82967,83073,Quecksilber,quecksilber,Kästchen,NN,kästchen,17193,,
gdc,t977.0,82967,83073,Quecksilber,quecksilber,und,KON,und,17193,,
gdc,t977.0,82967,83073,Quecksilber,quecksilber,gießt,VVFIN,gießen,17193,,
gdc,t977.0,82967,83073,Quecksilber,quecksilber,daraus,PROAV,daraus,17193,,
gdc,t977.0,82967,83073,Quecksilber,quecksilber,in,APPR,in,17193,,
gdc,t977.0,82967,83073,Quecksilber,quecksilber,den,ART,der,17193,,
gdc,t977.0,82967,83073,Quecksilber,quecksilber,Becher,NN,becher,17193,,
gdc,t977.0,82967,83073,Quecksilber,quecksilber,.,$.,--,17193,,
gdc,t977.0,82967,83073,Quecksilber,quecksilber,Zu,APPR,zu,17193,,
gdc,t977.0,82967,83073,Quecksilber,quecksilber,Tutu,NE,tutu,17193,,(7)
gdc,t977.0,82967,83073,Quecksilber,quecksilber,.,$.,--,17193,,
gdc,t977.0,83175,83212,Tutu,tutu,Er,PPER,er,17193,,
gdc,t977.0,83175,83212,Tutu,tutu,trinkt,VVFIN,trinken,17193,,
gdc,t977.0,83175,83212,Tutu,tutu,",","$,",--,17193,,
gdc,t977.0,83175,83212,Tutu,tutu,die,ART,der,17193,,
gdc,t977.0,83175,83212,Tutu,tutu,Nase,NN,nase,17193,,
gdc,t977.0,83175,83212,Tutu,tutu,bleibt,VVFIN,bleiben,17193,,
gdc,t977.0,83175,83212,Tutu,tutu,im,APPRART,in,17193,,
gdc,t977.0,83175,83212,Tutu,tutu,Becher,NN,becher,17193,,
gdc,t977.0,83175,83212,Tutu,tutu,.,$.,--,17193,,
gdc,t977.0,83614,83635,Zoraide,zoraide,hält,VVFIN,halten,17193,,
gdc,t977.0,83614,83635,Zoraide,zoraide,ihm,PPER,ihm,17193,,
gdc,t977.0,83614,83635,Zoraide,zoraide,den,ART,der,17193,,
gdc,t977.0,83614,83635,Zoraide,zoraide,Mund,NN,mund,17193,,
gdc,t977.0,83614,83635,Zoraide,zoraide,zu,PTKVZ,zu,17193,,
gdc,t977.0,83614,83635,Zoraide,zoraide,.,$.,--,17193,,
gdc,t977.0,83736,83745,Quecksilber,quecksilber,für,APPR,für,17193,,
gdc,t977.0,83736,83745,Quecksilber,quecksilber,sich,PRF,sich,17193,,
gdc,t977.0,83736,83745,Quecksilber,quecksilber,.,$.,--,17193,,
gdc,t977.0,83798,83803,Quecksilber,quecksilber,Laut,NN,laut,17193,,
gdc,t977.0,83798,83803,Quecksilber,quecksilber,.,$.,--,17193,,
gdc,t977.0,83818,83859,Quecksilber,quecksilber,Man,PIS,man,17193,,
gdc,t977.0,83818,83859,Quecksilber,quecksilber,reicht,VVFIN,reichen,17193,,
gdc,t977.0,83818,83859,Quecksilber,quecksilber,ihm,PPER,ihm,17193,,
gdc,t977.0,83818,83859,Quecksilber,quecksilber,einen,PIS,ein,17193,,
gdc,t977.0,83818,83859,Quecksilber,quecksilber,kleinern,VVINF,kleinern,17193,,
gdc,t977.0,83818,83859,Quecksilber,quecksilber,als,KOKOM,als,17193,,
gdc,t977.0,83818,83859,Quecksilber,quecksilber,vorhin,ADV,vorhin,17193,,
gdc,t977.0,83818,83859,Quecksilber,quecksilber,.,$.,--,17193,,
gdc,t977.0,83953,83967,Hassar,hassar,verbeugt,VVFIN,verbeugen,17193,,
gdc,t977.0,83953,83967,Hassar,hassar,sich,PRF,sich,17193,,
gdc,t977.0,83953,83967,Hassar,hassar,.,$.,--,17193,,
gdc,t977.0,83989,83996,Zoraide,zoraide,trinkt,VVFIN,trinken,17193,,
gdc,t977.0,83989,83996,Zoraide,zoraide,.,$.,--,17193,,
gdc,t977.0,84080,84087,Zoraide,zoraide,trinkt,VVFIN,trinken,17193,,
gdc,t977.0,84080,84087,Zoraide,zoraide,.,$.,--,17193,,
gdc,t977.0,84926,84977,Zoraide,zoraide,sieht,VVFIN,sehen,17193,,
gdc,t977.0,84926,84977,Zoraide,zoraide,von,APPR,von,17193,,
gdc,t977.0,84926,84977,Zoraide,zoraide,ohngefähr,PPER,ohngefähr,17193,,
gdc,t977.0,84926,84977,Zoraide,zoraide,in,APPR,in,17193,,
gdc,t977.0,84926,84977,Zoraide,zoraide,den,ART,der,17193,,
gdc,t977.0,84926,84977,Zoraide,zoraide,Spiegel,NN,spiegel,17193,,
gdc,t977.0,84926,84977,Zoraide,zoraide,",","$,",--,17193,,
gdc,t977.0,84926,84977,Zoraide,zoraide,den,ART,der,17193,,
gdc,t977.0,84926,84977,Zoraide,zoraide,Linda,NE,linda,17193,,(8)
gdc,t977.0,84926,84977,Zoraide,zoraide,hält,VVFIN,halten,17193,,
gdc,t977.0,84926,84977,Zoraide,zoraide,.,$.,--,17193,,
gdc,t977.0,84984,84997,Zoraide,zoraide,Entschlossen,NN,entschlosse,17193,,
gdc,t977.0,84984,84997,Zoraide,zoraide,.,$.,--,17193,,
gdc,t977.0,85057,85065,Zoraide,zoraide,Geht,VVFIN,gehen,17193,,
gdc,t977.0,85057,85065,Zoraide,zoraide,ab,PTKVZ,ab,17193,,
gdc,t977.0,85057,85065,Zoraide,zoraide,.,$.,--,17193,,
gdc,t977.0,85221,85238,Zoraide,zoraide,bringt,VVFIN,bringen,17193,,
gdc,t977.0,85221,85238,Zoraide,zoraide,die,ART,der,17193,,
gdc,t977.0,85221,85238,Zoraide,zoraide,Gaben,NN,gabe,17193,,
gdc,t977.0,85221,85238,Zoraide,zoraide,.,$.,--,17193,,
gdc,t977.0,85359,85399,Quecksilber,quecksilber,hebt,VVFIN,heben,17193,,
gdc,t977.0,85359,85399,Quecksilber,quecksilber,schnell,ADJD,schnell,17193,,
gdc,t977.0,85359,85399,Quecksilber,quecksilber,die,ART,der,17193,,
gdc,t977.0,85359,85399,Quecksilber,quecksilber,Gaben,NN,gabe,17193,,
gdc,t977.0,85359,85399,Quecksilber,quecksilber,von,APPR,von,17193,,
gdc,t977.0,85359,85399,Quecksilber,quecksilber,der,ART,der,17193,,
gdc,t977.0,85359,85399,Quecksilber,quecksilber,Erde,NN,erde,17193,,
gdc,t977.0,85359,85399,Quecksilber,quecksilber,auf,PTKVZ,auf,17193,,
gdc,t977.0,85359,85399,Quecksilber,quecksilber,.,$.,--,17193,,
gdc,t977.0,85423,85507,Quecksilber,quecksilber,Er,PPER,er,17193,,
gdc,t977.0,85423,85507,Quecksilber,quecksilber,stoßt,VVFIN,stoßen,17193,,
gdc,t977.0,85423,85507,Quecksilber,quecksilber,ins,APPRART,in,17193,,
gdc,t977.0,85423,85507,Quecksilber,quecksilber,Horn,NE,horn,17193,,
gdc,t977.0,85423,85507,Quecksilber,quecksilber,und,KON,und,17193,,
gdc,t977.0,85423,85507,Quecksilber,quecksilber,wirft,VVFIN,werfen,17193,,
gdc,t977.0,85423,85507,Quecksilber,quecksilber,die,ART,der,17193,,
gdc,t977.0,85423,85507,Quecksilber,quecksilber,Maske,NN,maske,17193,,
gdc,t977.0,85423,85507,Quecksilber,quecksilber,ab,PTKVZ,ab,17193,,
gdc,t977.0,85423,85507,Quecksilber,quecksilber,.,$.,--,17193,,
gdc,t977.0,85423,85507,Quecksilber,quecksilber,Ideale,ADJA,ideal,17193,,
gdc,t977.0,85423,85507,Quecksilber,quecksilber,Krieger,NN,krieger,17193,,
gdc,t977.0,85423,85507,Quecksilber,quecksilber,erscheinen,VVFIN,erscheinen,17193,,
gdc,t977.0,85423,85507,Quecksilber,quecksilber,unter,APPR,unter,17193,,
gdc,t977.0,85423,85507,Quecksilber,quecksilber,der,ART,der,17193,,
gdc,t977.0,85423,85507,Quecksilber,quecksilber,Musik,NN,musik,17193,,
gdc,t977.0,85423,85507,Quecksilber,quecksilber,.,$.,--,17193,,
gdc,t977.0,86132,86154,Zoraide,zoraide,Auf,APPR,auf,17193,,
gdc,t977.0,86132,86154,Zoraide,zoraide,ihre,PPOSAT,ihr,17193,,
gdc,t977.0,86132,86154,Zoraide,zoraide,Nase,NN,nase,17193,,
gdc,t977.0,86132,86154,Zoraide,zoraide,deutend,ADJD,deutend,17193,,
gdc,t977.0,86132,86154,Zoraide,zoraide,.,$.,--,17193,,
gdc,t977.0,86508,86518,Zoraide,zoraide,Stürzt,NN,stürzt,17193,,
gdc,t977.0,86508,86518,Zoraide,zoraide,ab,PTKVZ,ab,17193,,
gdc,t977.0,86508,86518,Zoraide,zoraide,.,$.,--,17193,,
gdc,t977.0,86892,86905,Hassar,hassar,kniet,VVFIN,knaten,17193,,
gdc,t977.0,86892,86905,Hassar,hassar,nieder,PTKVZ,nieder,17193,,
gdc,t977.0,86892,86905,Hassar,hassar,.,$.,--,17193,,
gdc,t977.0,87005,87031,Quecksilber,quecksilber,wirft,VVFIN,werfen,17193,,
gdc,t977.0,87005,87031,Quecksilber,quecksilber,ihm,PPER,ihm,17193,,
gdc,t977.0,87005,87031,Quecksilber,quecksilber,das,ART,der,17193,,
gdc,t977.0,87005,87031,Quecksilber,quecksilber,Kästchen,NN,kästchen,17193,,
gdc,t977.0,87005,87031,Quecksilber,quecksilber,zu,PTKVZ,zu,17193,,
gdc,t977.0,87005,87031,Quecksilber,quecksilber,.,$.,--,17193,,
gdc,t977.0,87135,87143,Hassar,hassar,Eilt,NN,eilt,17193,,
gdc,t977.0,87135,87143,Hassar,hassar,ab,PTKVZ,ab,17193,,
gdc,t977.0,87135,87143,Hassar,hassar,.,$.,--,17193,,
gdc,t977.0,87397,87714,Quecksilber,quecksilber,Er,PPER,er,17193,,
gdc,t977.0,87397,87714,Quecksilber,quecksilber,winkt,VVFIN,winken,17193,,
gdc,t977.0,87397,87714,Quecksilber,quecksilber,.,$.,--,17193,,
gdc,t977.0,87397,87714,Quecksilber,quecksilber,Das,ART,der,17193,,
gdc,t977.0,87397,87714,Quecksilber,quecksilber,Theater,NN,theater,17193,,
gdc,t977.0,87397,87714,Quecksilber,quecksilber,verwandelt,VVFIN,verwandeln,17193,,
gdc,t977.0,87397,87714,Quecksilber,quecksilber,sich,PRF,sich,17193,,
gdc,t977.0,87397,87714,Quecksilber,quecksilber,in,APPR,in,17193,,
gdc,t977.0,87397,87714,Quecksilber,quecksilber,goldene,ADJA,golden,17193,,
gdc,t977.0,87397,87714,Quecksilber,quecksilber,Hügel,NN,hügel,17193,,
gdc,t977.0,87397,87714,Quecksilber,quecksilber,mit,APPR,mit,17193,,
gdc,t977.0,87397,87714,Quecksilber,quecksilber,silbernen,ADJA,silbern,17193,,
gdc,t977.0,87397,87714,Quecksilber,quecksilber,Quellen,NN,quelle,17193,,
gdc,t977.0,87397,87714,Quecksilber,quecksilber,.,$.,--,17193,,
gdc,t977.0,87397,87714,Quecksilber,quecksilber,Auf,APPR,auf,17193,,
gdc,t977.0,87397,87714,Quecksilber,quecksilber,dem,ART,der,17193,,
gdc,t977.0,87397,87714,Quecksilber,quecksilber,mittern,ADV,mittern,17193,,
gdc,t977.0,87397,87714,Quecksilber,quecksilber,größten,ADJA,groß,17193,,
gdc,t977.0,87397,87714,Quecksilber,quecksilber,erhebt,VVFIN,erheben,17193,,
gdc,t977.0,87397,87714,Quecksilber,quecksilber,sich,PRF,sich,17193,,
gdc,t977.0,87397,87714,Quecksilber,quecksilber,ein,ART,ein,17193,,
gdc,t977.0,87397,87714,Quecksilber,quecksilber,silberner,ADJA,silbern,17193,,
gdc,t977.0,87397,87714,Quecksilber,quecksilber,Tempel,NN,tempel,17193,,
gdc,t977.0,87397,87714,Quecksilber,quecksilber,mit,APPR,mit,17193,,
gdc,t977.0,87397,87714,Quecksilber,quecksilber,einem,ART,ein,17193,,
gdc,t977.0,87397,87714,Quecksilber,quecksilber,Opferaltar,NN,opferaltar,17193,,
gdc,t977.0,87397,87714,Quecksilber,quecksilber,",","$,",--,17193,,
gdc,t977.0,87397,87714,Quecksilber,quecksilber,wobei,PWAV,wobei,17193,,
gdc,t977.0,87397,87714,Quecksilber,quecksilber,Hymen,NN,hymen,17193,,
gdc,t977.0,87397,87714,Quecksilber,quecksilber,mit,APPR,mit,17193,,
gdc,t977.0,87397,87714,Quecksilber,quecksilber,der,ART,der,17193,,
gdc,t977.0,87397,87714,Quecksilber,quecksilber,Fackel,NN,fackel,17193,,
gdc,t977.0,87397,87714,Quecksilber,quecksilber,steht,VVFIN,stehen,17193,,
gdc,t977.0,87397,87714,Quecksilber,quecksilber,.,$.,--,17193,,
gdc,t977.0,87397,87714,Quecksilber,quecksilber,Genien,NE,genien,17193,,
gdc,t977.0,87397,87714,Quecksilber,quecksilber,gruppieren,VVFIN,gruppieren,17193,,
gdc,t977.0,87397,87714,Quecksilber,quecksilber,sich,PRF,sich,17193,,
gdc,t977.0,87397,87714,Quecksilber,quecksilber,auf,APPR,auf,17193,,
gdc,t977.0,87397,87714,Quecksilber,quecksilber,den,ART,der,17193,,
gdc,t977.0,87397,87714,Quecksilber,quecksilber,Hügeln,NN,hügel,17193,,
gdc,t977.0,87397,87714,Quecksilber,quecksilber,.,$.,--,17193,,
gdc,t977.0,87397,87714,Quecksilber,quecksilber,Die,ART,der,17193,,
gdc,t977.0,87397,87714,Quecksilber,quecksilber,Kulissen,NN,kulisse,17193,,
gdc,t977.0,87397,87714,Quecksilber,quecksilber,sind,VAFIN,sein,17193,,
gdc,t977.0,87397,87714,Quecksilber,quecksilber,Bäume,NN,baum,17193,,
gdc,t977.0,87397,87714,Quecksilber,quecksilber,mit,APPR,mit,17193,,
gdc,t977.0,87397,87714,Quecksilber,quecksilber,goldenen,ADJA,golden,17193,,
gdc,t977.0,87397,87714,Quecksilber,quecksilber,Früchten,NN,frücht,17193,,
gdc,t977.0,87397,87714,Quecksilber,quecksilber,.,$.,--,17193,,
gdc,t977.0,87397,87714,Quecksilber,quecksilber,Das,ART,der,17193,,
gdc,t977.0,87397,87714,Quecksilber,quecksilber,Ganze,NN,ganze,17193,,
gdc,t977.0,87397,87714,Quecksilber,quecksilber,bildet,VVFIN,bilden,17193,,
gdc,t977.0,87397,87714,Quecksilber,quecksilber,ein,ART,ein,17193,,
gdc,t977.0,87397,87714,Quecksilber,quecksilber,imposantes,ADJA,imposant,17193,,
gdc,t977.0,87397,87714,Quecksilber,quecksilber,Tableau,NN,tableau,17193,,
gdc,t977.0,87397,87714,Quecksilber,quecksilber,.,$.,--,17193,,
gdc,t977.0,87715,87727,Quecksilber,quecksilber,Schlußgesang,NN,schlußgesang,17193,,
gdc,t977.0,88388,88400,Quecksilber,quecksilber,Zur,APPRART,zu,17193,,
gdc,t977.0,88388,88400,Quecksilber,quecksilber,Benefiz,NE,benefiz,17193,,
gdc,t977.0,88388,88400,Quecksilber,quecksilber,.,$.,--,17193,,
